 ,L*,a*,b*,X,Y,Z,Dominant Wavelenght,Whiteness,Purity,Tint,Chroma,Hue,Color Temperature, ,195.462,196.256,197.049,197.841,198.634,199.427,200.22,201.013,201.805,202.598,203.39,204.183,204.975,205.767,206.56,207.352,208.144,208.936,209.728,210.52,211.312,212.104,212.895,213.687,214.479,215.27,216.062,216.853,217.644,218.436,219.227,220.018,220.809,221.6,222.391,223.182,223.973,224.764,225.554,226.345,227.135,227.926,228.716,229.507,230.297,231.087,231.878,232.668,233.458,234.248,235.038,235.828,236.617,237.407,238.197,238.986,239.776,240.566,241.355,242.144,242.934,243.723,244.512,245.301,246.09,246.879,247.668,248.457,249.246,250.034,250.823,251.612,252.4,253.189,253.977,254.765,255.554,256.342,257.13,257.918,258.706,259.494,260.282,261.07,261.857,262.645,263.433,264.22,265.008,265.795,266.583,267.37,268.157,268.944,269.731,270.518,271.305,272.092,272.879,273.666,274.453,275.239,276.026,276.812,277.599,278.385,279.171,279.958,280.744,281.53,282.316,283.102,283.888,284.674,285.46,286.245,287.031,287.817,288.602,289.388,290.173,290.958,291.744,292.529,293.314,294.099,294.884,295.669,296.454,297.239,298.024,298.808,299.593,300.377,301.162,301.946,302.731,303.515,304.299,305.083,305.867,306.652,307.435,308.219,309.003,309.787,310.571,311.354,312.138,312.921,313.705,314.488,315.272,316.055,316.838,317.621,318.404,319.187,319.97,320.753,321.536,322.318,323.101,323.884,324.666,325.449,326.231,327.013,327.795,328.578,329.36,330.142,330.924,331.706,332.488,333.269,334.051,334.833,335.614,336.396,337.177,337.959,338.74,339.521,340.303,341.084,341.865,342.646,343.427,344.207,344.988,345.769,346.55,347.33,348.111,348.891,349.672,350.452,351.232,352.012,352.793,353.573,354.353,355.133,355.912,356.692,357.472,358.252,359.031,359.811,360.59,361.37,362.149,362.928,363.707,364.486,365.266,366.044,366.823,367.602,368.381,369.16,369.938,370.717,371.496,372.274,373.052,373.831,374.609,375.387,376.165,376.943,377.721,378.499,379.277,380.055,380.833,381.61,382.388,383.165,383.943,384.72,385.498,386.275,387.052,387.829,388.606,389.383,390.16,390.937,391.714,392.49,393.267,394.044,394.82,395.596,396.373,397.149,397.925,398.702,399.478,400.254,401.03,401.806,402.581,403.357,404.133,404.908,405.684,406.459,407.235,408.01,408.786,409.561,410.336,411.111,411.886,412.661,413.436,414.211,414.985,415.76,416.535,417.309,418.084,418.858,419.632,420.407,421.181,421.955,422.729,423.503,424.277,425.051,425.825,426.598,427.372,428.146,428.919,429.693,430.466,431.239,432.013,432.786,433.559,434.332,435.105,435.878,436.651,437.423,438.196,438.969,439.741,440.514,441.286,442.058,442.831,443.603,444.375,445.147,445.919,446.691,447.463,448.235,449.007,449.778,450.55,451.321,452.093,452.864,453.636,454.407,455.178,455.949,456.72,457.491,458.262,459.033,459.804,460.574,461.345,462.116,462.886,463.656,464.427,465.197,465.967,466.738,467.508,468.278,469.048,469.817,470.587,471.357,472.127,472.896,473.666,474.435,475.205,475.974,476.743,477.512,478.281,479.051,479.82,480.588,481.357,482.126,482.895,483.663,484.432,485.2,485.969,486.737,487.505,488.274,489.042,489.81,490.578,491.346,492.114,492.881,493.649,494.417,495.184,495.952,496.719,497.487,498.254,499.021,499.788,500.556,501.323,502.09,502.856,503.623,504.39,505.157,505.923,506.69,507.456,508.223,508.989,509.755,510.521,511.288,512.054,512.82,513.586,514.351,515.117,515.883,516.648,517.414,518.18,518.945,519.71,520.476,521.241,522.006,522.771,523.536,524.301,525.066,525.831,526.595,527.36,528.124,528.889,529.653,530.418,531.182,531.946,532.71,533.475,534.239,535.002,535.766,536.53,537.294,538.058,538.821,539.585,540.348,541.111,541.875,542.638,543.401,544.164,544.927,545.69,546.453,547.216,547.979,548.741,549.504,550.266,551.029,551.791,552.554,553.316,554.078,554.84,555.602,556.364,557.126,557.888,558.65,559.411,560.173,560.934,561.696,562.457,563.219,563.98,564.741,565.502,566.263,567.024,567.785,568.546,569.306,570.067,570.828,571.588,572.349,573.109,573.869,574.63,575.39,576.15,576.91,577.67,578.43,579.19,579.949,580.709,581.469,582.228,582.988,583.747,584.506,585.266,586.025,586.784,587.543,588.302,589.061,589.82,590.578,591.337,592.096,592.854,593.613,594.371,595.129,595.888,596.646,597.404,598.162,598.92,599.678,600.436,601.193,601.951,602.709,603.466,604.224,604.981,605.738,606.496,607.253,608.01,608.767,609.524,610.281,611.037,611.794,612.551,613.307,614.064,614.82,615.577,616.333,617.089,617.845,618.602,619.358,620.113,620.869,621.625,622.381,623.136,623.892,624.648,625.403,626.158,626.914,627.669,628.424,629.179,629.934,630.689,631.444,632.199,632.953,633.708,634.462,635.217,635.971,636.726,637.48,638.234,638.988,639.742,640.496,641.25,642.004,642.758,643.511,644.265,645.019,645.772,646.526,647.279,648.032,648.785,649.538,650.291,651.044,651.797,652.55,653.303,654.055,654.808,655.561,656.313,657.065,657.818,658.57,659.322,660.074,660.826,661.578,662.33,663.082,663.833,664.585,665.337,666.088,666.839,667.591,668.342,669.093,669.844,670.595,671.346,672.097,672.848,673.599,674.35,675.1,675.851,676.601,677.352,678.102,678.852,679.602,680.352,681.102,681.852,682.602,683.352,684.102,684.851,685.601,686.35,687.1,687.849,688.599,689.348,690.097,690.846,691.595,692.344,693.093,693.841,694.59,695.339,696.087,696.836,697.584,698.332,699.081,699.829,700.577,701.325,702.073,702.821,703.569,704.316,705.064,705.812,706.559,707.307,708.054,708.801,709.548,710.296,711.043,711.79,712.536,713.283,714.03,714.777,715.523,716.27,717.016,717.763,718.509,719.255,720.001,720.748,721.494,722.239,722.985,723.731,724.477,725.223,725.968,726.714,727.459,728.204,728.95,729.695,730.44,731.185,731.93,732.675,733.42,734.164,734.909,735.654,736.398,737.143,737.887,738.631,739.375,740.12,740.864,741.608,742.352,743.095,743.839,744.583,745.327,746.07,746.814,747.557,748.3,749.043,749.787,750.53,751.273,752.016,752.759,753.501,754.244,754.987,755.729,756.472,757.214,757.957,758.699,759.441,760.183,760.925,761.667,762.409,763.151,763.893,764.634,765.376,766.117,766.859,767.6,768.341,769.083,769.824,770.565,771.306,772.047,772.787,773.528,774.269,775.009,775.75,776.49,777.231,777.971,778.711,779.451,780.192,780.932,781.671,782.411,783.151,783.891,784.63,785.37,786.109,786.849,787.588,788.327,789.066,789.806,790.545,791.283,792.022,792.761,793.5,794.238,794.977,795.715,796.454,797.192,797.93,798.669,799.407,800.145,800.883,801.62,802.358,803.096,803.834,804.571,805.309,806.046,806.783,807.521,808.258,808.995,809.732,810.469,811.206,811.942,812.679,813.416,814.152,814.889,815.625,816.362,817.098,817.834,818.57,819.306,820.042,820.778,821.514,822.249,822.985,823.721,824.456,825.192,825.927,826.662,827.397,828.132,828.867,829.602,830.337,831.072,831.807,832.541,833.276,834.01,834.745,835.479,836.213,836.948,837.682,838.416,839.15,839.884,840.617,841.351,842.085,842.818,843.552,844.285,845.018,845.752,846.485,847.218,847.951,848.684,849.417,850.15,850.882,851.615,852.347,853.08,853.812,854.545,855.277,856.009,856.741,857.473,858.205,858.937,859.669,860.4,861.132,861.864,862.595,863.326,864.058,864.789,865.52,866.251,866.982,867.713,868.444,869.175,869.905,870.636,871.367,872.097,872.827,873.558,874.288,875.018,875.748,876.478,877.208,877.938,878.668,879.397,880.127,880.856,881.586,882.315,883.044,883.774,884.503,885.232,885.961,886.69,887.418,888.147,888.876,889.604,890.333,891.061,891.79,892.518,893.246,893.974,894.702,895.43,896.158,896.886,897.614,898.341,899.069,899.796,900.524,901.251,901.978,902.705,903.432,904.159,904.886,905.613,906.34,907.067,907.793,908.52,909.246,909.973,910.699,911.425,912.151,912.877,913.603,914.329,915.055,915.781,916.506,917.232,917.958,918.683,919.408,920.134,920.859,921.584,922.309,923.034,923.759,924.484,925.208,925.933,926.657,927.382,928.106,928.831,929.555,930.279,931.003,931.727,932.451,933.175,933.899,934.622,935.346,936.07,936.793,937.516,938.24,938.963,939.686,940.409,941.132,941.855,942.578,943.3,944.023,944.746,945.468,946.191,946.913,947.635,948.357,949.079,949.801,950.523,951.245,951.967,952.689,953.41,954.132,954.853,955.575,956.296,957.017,957.738,958.459,959.18,959.901,960.622,961.343,962.063,962.784,963.505,964.225,964.945,965.666,966.386,967.106,967.826,968.546,969.266,969.985,970.705,971.425,972.144,972.864,973.583,974.302,975.022,975.741,976.46,977.179,977.898,978.616,979.335,980.054,980.772,981.491,982.209,982.928,983.646,984.364,985.082,
W_Calibration,100,0,0,95.0422,100,108.876,565.016,99.9909,1.74827e-05,0.00127928,0,0,6504.1, ,100,100,100,100,100,100,100,100,100,100,100,100,100,100,100,100,100,100,100,100,100,100,100,100,100,100,100,100,100,100,100,100,100,100,100,100,100,100,100,100,100,100,100,100,100,100,100,100,100,100,100,100,100,100,100,100,100,100,100,100,100,100,100,100,100,100,100,100,100,100,100,100,100,100,100,100,100,100,100,100,100,100,100,100,100,100,100,100,100,100,100,100,100,100,100,100,100,100,100,100,100,100,100,100,100,100,100,100,100,100,100,100,100,100,100,100,100,100,100,100,100,100,100,100,100,100,100,100,100,100,100,100,100,100,100,100,100,100,100,100,100,100,100,100,100,100,100,100,100,100,100,100,100,100,100,100,100,100,100,100,100,100,100,100,100,100,100,100,100,100,100,100,100,100,100,100,100,100,100,100,100,100,100,100,100,100,100,100,100,100,100,100,100,100,100,100,100,100,100,100,100,100,100,100,100,100,100,100,100,100,100,100,100,100,100,100,100,100,100,100,100,100,100,100,100,100,100,100,100,100,100,100,100,100,100,100,100,100,100,100,100,100,100,100,100,100,100,100,100,100,100,100,100,100,100,100,100,100,100,100,100,100,100,100,100,100,100,100,100,100,100,100,100,100,100,100,100,100,100,100,100,100,100,100,100,100,100,100,100,100,100,100,100,100,100,100,100,100,100,100,100,100,100,100,100,100,100,100,100,100,100,100,100,100,100,100,100,100,100,100,100,100,100,100,100,100,100,100,100,100,100,100,100,100,100,100,100,100,100,100,100,100,100,100,100,100,100,100,100,100,100,100,100,100,100,100,100,100,100,100,100,100,100,100,100,100,100,100,100,100,100,100,100,100,100,100,100,100,100,100,100,100,100,100,100,100,100,100,100,100,100,100,100,100,100,100,100,100,100,100,100,100,100,100,100,100,100,100,100,100,100,100,100,100,100,100,100,100,100,100,100,100,100,100,100,100,100,100,100,100,100,100,100,100,100,100,100,100,100,100,100,100,100,100,100,100,100,100,100,100,100,100,100,100,100,100,100,100,100,100,100,100,100,100,100,100,100,100,100,100,100,100,100,100,100,100,100,100,100,100,100,100,100,100,100,100,100,100,100,100,100,100,100,100,100,100,100,100,100,100,100,100,100,100,100,100,100,100,100,100,100,100,100,100,100,100,100,100,100,100,100,100,100,100,100,100,100,100,100,100,100,100,100,100,100,100,100,100,100,100,100,100,100,100,100,100,100,100,100,100,100,100,100,100,100,100,100,100,100,100,100,100,100,100,100,100,100,100,100,100,100,100,100,100,100,100,100,100,100,100,100,100,100,100,100,100,100,100,100,100,100,100,100,100,100,100,100,100,100,100,100,100,100,100,100,100,100,100,100,100,100,100,100,100,100,100,100,100,100,100,100,100,100,100,100,100,100,100,100,100,100,100,100,100,100,100,100,100,100,100,100,100,100,100,100,100,100,100,100,100,100,100,100,100,100,100,100,100,100,100,100,100,100,100,100,100,100,100,100,100,100,100,100,100,100,100,100,100,100,100,100,100,100,100,100,100,100,100,100,100,100,100,100,100,100,100,100,100,100,100,100,100,100,100,100,100,100,100,100,100,100,100,100,100,100,100,100,100,100,100,100,100,100,100,100,100,100,100,100,100,100,100,100,100,100,100,100,100,100,100,100,100,100,100,100,100,100,100,100,100,100,100,100,100,100,100,100,100,100,100,100,100,100,100,100,100,100,100,100,100,100,100,100,100,100,100,100,100,100,100,100,100,100,100,100,100,100,100,100,100,100,100,100,100,100,100,100,100,100,100,100,100,100,100,100,100,100,100,100,100,100,100,100,100,100,100,100,100,100,100,100,100,100,100,100,100,100,100,100,100,100,100,100,100,100,100,100,100,100,100,100,100,100,100,100,100,100,100,100,100,100,100,100,100,100,100,100,100,100,100,100,100,100,100,100,100,100,100,100,100,100,100,100,100,100,100,100,100,100,100,100,100,100,100,100,100,100,100,100,100,100,100,100,100,100,100,100,100,100,100,100,100,100,100,100,100,100,100,100,100,100,100,100,100,100,100,100,100,100,100,100,100,100,100,100,100,100,100,100,100,100,100,100,100,100,100,100,100,100,100,100,100,100,100,100,100,100,100,100,100,100,100,100,100,100,100,100,100,100,100,100,100,100,100,100,100,100,100,100,100,100,100,100,100,100,100,100,100,100,100,100,100,100,100,100,100,100,100,100,100,100,100,100,100,100,100,100,100,100,100,100,100,100,100,100,100,100,100,100,100,100,100,100,100,100,100,100,100,100,100,100,100,100,100,100,100,100,100,100,100,100,100,100,100,100,100,100,100,100,100,100,100,100,100,
F_Calibration,100,0,0,108.104,100,39.2965,491.07,99.9909,0.000170256,0.00127928,0,0,3000.62, ,100,100,100,100,100,100,100,100,100,100,100,100,100,100,100,100,100,100,100,100,100,100,100,100,100,100,100,100,100,100,100,100,100,100,100,100,100,100,100,100,100,100,100,100,100,100,100,100,100,100,100,100,100,100,100,100,100,100,100,100,100,100,100,100,100,100,100,100,100,100,100,100,100,100,100,100,100,100,100,100,100,100,100,100,100,100,100,100,100,100,100,100,100,100,100,100,100,100,100,100,100,100,100,100,100,100,100,100,100,100,100,100,100,100,100,100,100,100,100,100,100,100,100,100,100,100,100,100,100,100,100,100,100,100,100,100,100,100,100,100,100,100,100,100,100,100,100,100,100,100,100,100,100,100,100,100,100,100,100,100,100,100,100,100,100,100,100,100,100,100,100,100,100,100,100,100,100,100,100,100,100,100,100,100,100,100,100,100,100,100,100,100,100,100,100,100,100,100,100,100,100,100,100,100,100,100,100,100,100,100,100,100,100,100,100,100,100,100,100,100,100,100,100,100,100,100,100,100,100,100,100,100,100,100,100,100,100,100,100,100,100,100,100,100,100,100,100,100,100,100,100,100,100,100,100,100,100,100,100,100,100,100,100,100,100,100,100,100,100,100,100,100,100,100,100,100,100,100,100,100,100,100,100,100,100,100,100,100,100,100,100,100,100,100,100,100,100,100,100,100,100,100,100,100,100,100,100,100,100,100,100,100,100,100,100,100,100,100,100,100,100,100,100,100,100,100,100,100,100,100,100,100,100,100,100,100,100,100,100,100,100,100,100,100,100,100,100,100,100,100,100,100,100,100,100,100,100,100,100,100,100,100,100,100,100,100,100,100,100,100,100,100,100,100,100,100,100,100,100,100,100,100,100,100,100,100,100,100,100,100,100,100,100,100,100,100,100,100,100,100,100,100,100,100,100,100,100,100,100,100,100,100,100,100,100,100,100,100,100,100,100,100,100,100,100,100,100,100,100,100,100,100,100,100,100,100,100,100,100,100,100,100,100,100,100,100,100,100,100,100,100,100,100,100,100,100,100,100,100,100,100,100,100,100,100,100,100,100,100,100,100,100,100,100,100,100,100,100,100,100,100,100,100,100,100,100,100,100,100,100,100,100,100,100,100,100,100,100,100,100,100,100,100,100,100,100,100,100,100,100,100,100,100,100,100,100,100,100,100,100,100,100,100,100,100,100,100,100,100,100,100,100,100,100,100,100,100,100,100,100,100,100,100,100,100,100,100,100,100,100,100,100,100,100,100,100,100,100,100,100,100,100,100,100,100,100,100,100,100,100,100,100,100,100,100,100,100,100,100,100,100,100,100,100,100,100,100,100,100,100,100,100,100,100,100,100,100,100,100,100,100,100,100,100,100,100,100,100,100,100,100,100,100,100,100,100,100,100,100,100,100,100,100,100,100,100,100,100,100,100,100,100,100,100,100,100,100,100,100,100,100,100,100,100,100,100,100,100,100,100,100,100,100,100,100,100,100,100,100,100,100,100,100,100,100,100,100,100,100,100,100,100,100,100,100,100,100,100,100,100,100,100,100,100,100,100,100,100,100,100,100,100,100,100,100,100,100,100,100,100,100,100,100,100,100,100,100,100,100,100,100,100,100,100,100,100,100,100,100,100,100,100,100,100,100,100,100,100,100,100,100,100,100,100,100,100,100,100,100,100,100,100,100,100,100,100,100,100,100,100,100,100,100,100,100,100,100,100,100,100,100,100,100,100,100,100,100,100,100,100,100,100,100,100,100,100,100,100,100,100,100,100,100,100,100,100,100,100,100,100,100,100,100,100,100,100,100,100,100,100,100,100,100,100,100,100,100,100,100,100,100,100,100,100,100,100,100,100,100,100,100,100,100,100,100,100,100,100,100,100,100,100,100,100,100,100,100,100,100,100,100,100,100,100,100,100,100,100,100,100,100,100,100,100,100,100,100,100,100,100,100,100,100,100,100,100,100,100,100,100,100,100,100,100,100,100,100,100,100,100,100,100,100,100,100,100,100,100,100,100,100,100,100,100,100,100,100,100,100,100,100,100,100,100,100,100,100,100,100,100,100,100,100,100,100,100,100,100,100,100,100,100,100,100,100,100,100,100,100,100,100,100,100,100,100,100,100,100,100,100,100,100,100,100,100,100,100,100,100,100,100,100,100,100,100,100,100,100,100,100,100,100,100,100,100,100,100,100,100,100,100,100,100,100,100,100,100,100,100,100,100,100,100,100,100,100,100,100,100,100,100,100,100,100,100,100,100,100,100,100,100,100,100,100,100,100,100,100,100,100,100,100,100,100,100,100,100,100,100,100,100,100,100,100,100,100,100,100,100,100,100,100,100,100,100,100,100,100,100,100,100,100,100,100,
W_3499A2/204_F_None_0.505_VS1,105.545,-0.63602,1.55084,108.935,115.036,122.486,569.701,108.567,0.0131869,0.248236,1.6762,112.299,6392.27, ,-42.8571,55.5556,-23.0769,100,112.934,112.358,111.212,110.953,111.173,110.812,110.902,111.483,111.684,111.281,111.321,112.089,112.997,112.848,113.498,113.346,112.7,112.199,112.054,111.603,111.953,111.057,110.856,110.011,110.434,110.752,111.002,111.265,111.543,110.955,111.007,110.858,111.267,110.407,110.603,109.968,109.746,109.503,109.392,109.443,109.254,109.114,110.088,109.863,109.744,109.95,110.467,110.745,111.41,112.087,112.185,111.161,111.805,112.46,112.227,112.512,112.324,111.869,111.664,111.688,111.692,111.427,110.758,110.734,110.267,110.072,110.384,110.819,111.062,111.588,111.534,111.586,111.533,111.355,111.004,109.958,109.285,109.017,108.821,108.803,109.067,109.413,109.332,110.145,110.362,110.726,110.567,110.32,110.127,110.27,110.146,110.34,109.98,110.04,109.794,110.72,110.87,110.626,110.009,109.776,109.798,109.929,110.052,109.707,109.457,109.941,109.938,110.551,110.79,110.896,111.039,111.505,111.765,110.956,110.572,110.68,110.756,110.542,110.561,110.982,110.377,110.924,111.126,111.518,111.824,111.906,112.182,112.362,111.594,111.915,111.331,111.421,111.051,110.94,110.715,111.139,110.622,111.076,111.183,111.729,111.824,111.797,111.238,111.925,111.855,112.002,112.079,111.944,112.144,112.534,112.5,113.082,112.252,112.01,111.985,111.484,111.757,111.645,111.499,111.889,111.286,111.285,111.144,111.602,112.057,111.208,110.977,110.625,110.16,110.69,111.065,110.954,110.835,110.94,111.691,111.865,112.18,112.625,112.147,111.921,111.983,111.507,110.751,110.275,109.798,109.26,108.876,109.107,108.949,108.6,108.436,108.493,108.674,108.56,108.368,108.177,107.944,107.508,107.746,107.682,107.596,107.038,106.94,107.084,107.079,106.97,107.063,106.767,106.598,106.434,106.325,106.148,105.937,105.684,105.512,104.922,104.447,104.416,104.268,104.266,103.94,103.597,103.607,103.136,103.412,103.195,102.823,102.739,102.163,101.946,101.625,101.096,100.737,99.9511,99.3745,98.8761,98.4042,97.8559,96.858,95.9697,95.1703,94.1899,93.4472,92.5854,91.6503,90.6788,89.9955,89.6255,89.3723,89.2288,89.3078,89.2866,89.4146,89.3889,89.3312,89.0953,88.8065,88.6678,88.7295,89.0373,89.6269,90.4439,91.4045,92.4052,93.4569,94.6061,95.7845,96.9601,98.102,99.0321,99.541,99.4778,99.0129,98.8512,99.1376,99.632,100.234,100.91,101.729,102.935,104.731,106.899,108.574,109.541,110.138,110.672,110.985,111.36,111.609,111.758,111.861,111.937,112.015,112.153,112.265,112.36,112.45,112.503,112.575,112.637,112.693,112.71,112.735,112.694,112.686,112.686,112.663,112.651,112.609,112.543,112.534,112.533,112.578,112.601,112.59,112.609,112.593,112.602,112.642,112.653,112.613,112.559,112.574,112.585,112.606,112.637,112.684,112.739,112.769,112.863,112.951,112.995,113.059,113.097,113.123,113.168,113.2,113.258,113.279,113.296,113.343,113.355,113.415,113.479,113.514,113.523,113.537,113.563,113.591,113.572,113.553,113.528,113.496,113.431,113.416,113.388,113.41,113.422,113.52,113.631,113.725,113.836,113.987,114.098,114.217,114.295,114.379,114.401,114.478,114.526,114.575,114.618,114.647,114.711,114.755,114.797,114.833,114.833,114.826,114.856,114.878,114.894,114.868,114.846,114.885,114.897,114.909,114.909,114.913,114.902,114.941,114.971,115.018,114.983,114.997,114.981,115.01,115.026,115.023,115.014,115.039,115.048,115.056,115.054,115.059,115.079,115.051,115.076,115.081,115.051,115.031,115.06,115.068,115.046,115.044,115.044,115.021,115.017,115.042,115.04,114.997,114.967,115.001,114.965,114.971,114.98,114.967,114.934,114.916,114.935,114.932,114.93,114.933,114.93,114.933,114.912,114.918,114.951,114.951,114.969,114.958,114.99,114.999,114.995,115.055,115.073,115.065,115.093,115.098,115.1,115.081,115.06,115.061,115.061,115.064,115.061,115.034,115.068,115.104,115.138,115.172,115.169,115.145,115.144,115.133,115.148,115.126,115.103,115.097,115.098,115.108,115.106,115.119,115.158,115.2,115.212,115.227,115.218,115.211,115.241,115.269,115.267,115.248,115.229,115.201,115.229,115.259,115.285,115.276,115.264,115.231,115.219,115.216,115.243,115.224,115.198,115.206,115.181,115.203,115.235,115.274,115.257,115.236,115.219,115.228,115.219,115.247,115.245,115.247,115.204,115.246,115.264,115.279,115.26,115.284,115.267,115.248,115.264,115.323,115.302,115.267,115.255,115.271,115.258,115.261,115.287,115.31,115.276,115.277,115.307,115.306,115.296,115.269,115.25,115.22,115.15,115.147,115.151,115.152,115.135,115.14,115.163,115.196,115.191,115.212,115.214,115.181,115.172,115.19,115.188,115.175,115.148,115.157,115.157,115.174,115.193,115.215,115.213,115.212,115.201,115.203,115.204,115.205,115.179,115.165,115.16,115.16,115.176,115.185,115.191,115.185,115.202,115.21,115.24,115.243,115.245,115.23,115.229,115.259,115.263,115.282,115.299,115.277,115.261,115.274,115.288,115.293,115.279,115.294,115.268,115.265,115.261,115.267,115.261,115.277,115.291,115.314,115.312,115.327,115.326,115.359,115.378,115.402,115.412,115.416,115.426,115.427,115.413,115.421,115.422,115.379,115.388,115.359,115.361,115.348,115.373,115.393,115.41,115.404,115.45,115.39,115.42,115.421,115.432,115.439,115.47,115.477,115.52,115.513,115.579,115.583,115.623,115.637,115.642,115.631,115.663,115.639,115.67,115.682,115.71,115.704,115.681,115.689,115.694,115.66,115.677,115.699,115.703,115.634,115.67,115.691,115.7,115.701,115.715,115.75,115.771,115.801,115.874,115.867,115.888,115.899,115.918,115.968,115.92,115.917,115.902,115.889,115.871,115.893,115.898,115.932,115.931,115.965,115.977,115.983,116.034,116.06,116.061,116.111,116.13,116.111,116.13,116.139,116.17,116.132,116.183,116.178,116.129,116.088,116.093,116.085,116.13,116.134,116.142,116.088,116.094,116.135,116.177,116.187,116.224,116.211,116.151,116.161,116.157,116.181,116.215,116.248,116.235,116.197,116.199,116.301,116.351,116.406,116.409,116.346,116.328,116.448,116.442,116.428,116.443,116.46,116.508,116.53,116.612,116.624,116.62,116.724,116.711,116.708,116.799,116.707,116.673,116.677,116.755,116.705,116.604,116.654,116.675,116.614,116.59,116.539,116.472,116.376,116.335,116.379,116.444,116.419,116.436,116.503,116.576,116.474,116.478,116.476,116.466,116.391,116.37,116.366,116.407,116.446,116.653,116.701,116.738,116.753,116.827,116.959,116.914,116.843,116.833,116.858,116.902,116.912,116.955,116.842,116.785,116.816,116.966,116.938,117.009,116.857,116.928,116.966,117.065,116.925,117.077,117.085,117.077,116.892,116.977,116.902,116.894,116.791,116.758,116.63,116.57,116.748,117.044,117.235,117.293,117.188,117.403,117.79,117.794,117.81,117.636,117.689,117.489,117.54,117.781,117.614,117.393,117.536,117.397,117.52,117.46,117.52,117.149,117.091,117.398,117.409,117.206,117.396,117.078,116.635,116.804,117.157,117.044,116.728,116.557,116.568,116.539,116.83,116.903,116.745,116.664,116.798,116.839,116.65,116.684,116.864,116.822,116.759,116.619,116.763,116.718,116.696,117.149,117.111,116.993,116.595,117.218,117.347,116.93,117.081,117.297,117.203,117.216,116.912,117.478,117.003,117.098,117.488,117.144,116.731,116.37,116.485,116.525,116.576,116.959,116.689,116.475,116.617,117.063,117.41,117.347,117.671,117.28,116.898,117.088,117.121,117.403,117.211,117.152,117.074,116.824,116.812,116.897,117.159,117.198,117.096,117.033,116.843,117.083,117.046,117.154,116.939,116.3,115.931,115.123,115.309,115.675,115.613,115.901,115.677,116.308,116.285,116.456,117.316,116.552,116.366,116.039,115.789,116.061,114.965,115.132,115.307,115.193,115.431,115.778,116.021,115.996,115.751,115.974,116.382,116.278,116.504,116.577,116.21,115.99,116.24,116.189,116.453,115.917,116.089,115.824,115.547,115.833,115.487,115.336,115.625,115.677,115.883,115.13,115.176,115.326,115.256,115.698,115.629,114.887,114.804,114.748,115.321,115.124,115.184,114.914,114.634,114.294,114.809,114.716,114.976,115.02,115.213,115.689,115.948,115.901,116.436,116.411,116.111,116.324,115.85,116.055,115.81,115.841,115.995,115.314,115.567,115.683,115.321,115.666,115.179,114.863,114.573,114.844,115.568,115.704,116.2,116.031,115.892,116.108,116.358,116.718,116.215,115.905,115.773,115.314,115.622,115.999,115.882,115.863,115.479,115.77,115.817,115.639,115.729,115.322,115.292,115.549,115.441,115.597,115.446,115.429,115.614,115.681,115.738,115.525,115.473,115.601,115.407,115.858,115.907,115.564,115.446,115.313,115.444,115.619,115.7,116.28,115.904,116.027,116.161,116.525,116.972,117.003,116.848,116.824,116.3,116.596,233.333,121.053,20,42.8571,
F_3499A2/204_F_None_0.505_VS1,99.8663,1.9636,-5.76809,109.006,99.6545,42.6518,575.808,122.306,0.0222215,-2.52919,6.09316,-71.2002,2991.91, ,40,-104,-104,-200,76.829,77.1691,77.6519,78.1253,78.472,78.3867,78.2471,77.6929,78.0174,78.4881,77.949,77.852,77.7209,77.3616,77.4278,77.1107,77.0253,77.1344,77.4155,76.6438,76.9751,77.2424,76.8923,77.1222,77.0504,77.3858,77.7346,76.9883,78.3006,77.7099,77.2364,78.0121,77.5648,77.9314,77.5803,77.5252,77.9935,78.2264,77.939,77.8063,77.5649,77.9955,78.1465,78.4183,78.9461,79.4542,78.5426,78.8498,79.6596,79.9847,79.8441,79.8691,79.3751,79.028,78.2079,78.7906,79.1491,78.51,77.5913,77.3676,77.348,77.7238,77.3518,77.2874,77.2393,77.361,77.7343,77.8259,78.6177,78.4272,78.4047,78.5069,78.7692,78.8947,79.101,78.3383,78.8629,78.151,78.3538,78.0464,77.8332,77.912,77.3901,77.342,78.1651,78.3767,78.7291,78.5612,79.2917,79.6305,79.5366,80.3882,79.5914,79.2097,78.4696,77.9993,77.9808,77.4093,77.197,77.1584,76.4749,76.3062,76.2958,76.6955,76.7814,76.4887,76.5429,76.705,76.5271,76.7842,77.0137,77.3351,77.1468,77.761,77.9501,77.9758,77.9351,78.1342,77.9936,78.0344,78.0295,78.3538,77.7474,77.9605,77.8552,77.8404,77.7258,77.5312,77.7658,77.133,77.0635,77.2125,77.7522,77.9154,78.012,78.4165,78.8818,78.4923,78.7096,78.6145,78.4002,77.8666,78.0835,78.2066,77.7873,77.5386,77.9143,78.1051,77.983,77.9551,78.0566,77.9771,77.7554,77.9421,78.192,77.7959,77.8384,78.0708,78.0886,77.9483,77.9298,78.163,78.3052,78.1627,78.2948,78.2793,78.0945,78.1511,78.2933,78.2478,78.1231,78.271,78.2527,78.4929,78.2802,78.442,78.4605,78.6491,78.5811,78.6768,78.6518,78.7024,78.686,78.9148,79.0694,79.1078,78.9782,79.0522,78.8789,78.8936,78.8625,78.7889,78.6649,78.6596,78.7782,78.9584,79.2213,79.6736,79.9415,80.2993,80.6533,80.8954,80.9502,81.0083,80.9642,80.8603,80.6697,80.4424,80.2226,79.9943,79.8114,79.6717,79.4958,79.3332,79.1624,78.9808,78.7828,78.5575,78.3352,78.0728,77.7743,77.4647,77.1501,76.8443,76.5711,76.3239,76.1121,75.895,75.6861,75.5051,75.3576,75.1793,74.9982,74.7839,74.5801,74.4142,74.3324,74.328,74.3253,74.4034,74.5627,74.6954,74.8508,75.0566,75.1424,74.9993,74.9199,74.9424,75.0335,75.2024,75.463,75.6957,76.0551,76.4729,77.0633,77.5529,77.8455,78.0562,78.182,78.2124,78.3648,78.5946,78.9565,79.4142,80.2993,81.0954,81.7499,82.4927,83.2591,83.9994,84.4044,84.8385,85.6462,86.096,86.6985,87.7661,88.7168,90.0013,91.2818,92.2496,93.5224,94.6595,95.3954,96.5173,97.4659,98.4043,99.2405,100.672,102.074,103.418,104.72,106.133,107.17,107.917,108.478,109.156,109.243,109.062,108.905,108.856,109.244,109.865,110.257,110.568,111.037,111.221,112.084,112.134,112.265,111.833,111.941,111.769,111.714,111.553,111.634,111.275,111.722,111.776,111.944,111.502,111.681,111.958,112.07,111.967,111.737,111.527,111.567,111.638,111.483,111.516,111.181,110.948,110.882,110.978,110.908,110.626,110.385,110.435,110.269,110.453,110.431,110.351,110.15,110.021,109.81,109.881,109.561,109.089,108.55,108.262,107.949,107.626,107.275,107.119,106.66,106.42,106.346,106.366,106.096,105.931,106.055,105.703,105.321,105.201,105.208,105.154,104.68,104.384,104.095,103.525,103.385,103.417,103.374,103.367,103.105,103.043,102.892,102.674,102.544,102.516,102.513,102.328,101.959,101.521,101.322,101.025,100.9,100.593,100.417,100.087,99.7288,99.5281,99.4822,99.3922,99.2928,99.3698,99.6988,99.7374,99.4639,99.4701,99.577,99.4469,99.501,99.5601,99.5041,99.3402,98.9416,98.955,99.0507,98.9018,98.9557,98.8534,98.8556,98.7337,98.4465,98.5692,98.6493,98.2583,98.3073,98.3789,98.3598,98.2536,98.2471,98.2727,98.4699,98.508,98.7205,98.5444,98.5138,98.5126,98.6942,98.6675,98.691,98.5712,98.4397,98.4526,98.6652,98.55,98.4602,98.4285,98.5018,98.6795,98.5441,98.6749,98.7636,98.6794,98.7814,98.8027,98.8123,98.6349,98.4103,98.4751,98.3903,98.492,98.4966,98.5474,98.4809,98.2633,98.318,98.2692,98.3993,98.4792,98.3084,98.1043,98.0402,98.2761,98.5661,98.6561,99.1591,99.2112,99.0778,99.1925,99.7853,99.7326,99.731,99.7875,99.6733,99.4106,99.461,99.4822,99.6419,99.573,99.6921,99.6343,99.4958,99.5359,99.4068,98.9721,99.2938,98.7999,98.5637,98.5075,98.7056,98.9598,99.22,99.5849,99.9641,99.9501,100.109,99.9983,100.28,100.161,99.9554,99.7546,99.5659,99.5847,99.246,99.365,99.6718,99.4899,99.5532,99.7162,100.091,100.123,100.069,100.539,100.52,100.233,100.351,100.263,100.224,99.812,99.8952,100.119,100.077,99.9978,100.213,100.498,100.568,100.239,100.439,100.492,100.681,100.678,101.11,100.863,100.883,100.893,101.225,101.25,101.329,101.269,101.392,101.377,101.642,101.617,101.956,101.921,102.22,102.258,102.128,101.918,101.816,102.24,102.306,102.009,101.852,102.114,102.25,102.196,102.298,102.299,101.933,101.222,101.566,101.776,101.605,101.554,101.758,101.61,101.538,101.353,102.324,102.332,102.719,102.717,103.115,103.104,103.355,103.553,103.691,103.254,103.392,102.942,102.529,102.114,101.552,101.514,101.881,101.611,101.729,101.789,102.662,102.828,102.78,103.212,103.626,103.72,104.688,104.678,104.161,103.209,103.915,103.815,104.588,104.232,103.893,103.87,104.333,104.848,105.587,105.676,106.867,106.148,106.166,106.69,106.911,106.24,106.438,105.808,105.974,104.716,105.288,105.646,105.102,104.621,104.927,104.98,105.253,105.055,105.858,105.974,105.43,105.176,105.586,105.528,105.9,106.462,105.979,105.801,106.628,107.251,108.049,107.239,107.102,106.56,106.888,106.425,107.03,106.167,106.813,106.298,107.072,107.333,107.364,107.233,108.74,108.883,109.205,108.557,108.751,108.583,109.535,109.935,109.999,109.143,108.416,107.854,107.276,107.495,107.308,107.001,107.132,107.5,108.764,108.974,109.383,110.312,111.256,111.99,112.419,112.324,112.19,111.385,112.58,112.797,113.604,113.538,113.675,113.095,112.365,110.959,110.084,109.214,109.311,109.063,108.358,108.077,107.657,107.971,109.104,110.679,111.265,110.478,108.967,109.813,110.339,110.97,110.944,112.094,112.321,111.531,112.621,115.452,115.482,114.096,113.382,113.883,114.276,113.114,114.236,114.076,112.504,112.811,113.509,115.564,113.813,112.139,113.104,111.492,109.996,109.787,110.533,110.303,111.003,112.135,115.256,112.916,112.174,113.779,114.905,113.255,114.626,112.748,117.124,113.985,118.811,120.165,118.538,118.024,118.616,118.974,123.138,118.302,117.07,114.4,113.376,114.464,114.825,113.236,114.199,110.511,111.322,114.198,114.697,114.126,112.759,113.45,114.229,114.267,115.846,117.899,117.839,119.595,122.296,124.796,125.54,126.672,124.341,123.112,121.17,120.304,118.367,118.26,118.584,119.935,123.192,126.65,122.784,121.387,120.48,121.96,123.721,121.681,119.453,114.472,109.175,114.258,108.758,110.619,109.875,106.556,108.063,106.925,108.497,110.22,108.504,116.717,113.298,109.664,106.499,103.858,101.508,99.0807,101.949,105.318,105.385,107.166,107.228,117.961,119.454,123.788,126.182,123.632,112.893,111.208,107.166,113.269,104.881,105.188,100.302,98.2776,95.9922,97.5075,98.6935,103.575,96.6967,102.398,103.33,107.008,108.306,112.063,119.815,121.669,119.641,122.886,121.631,118.629,116.182,118.387,110.545,100.337,96.4554,93.5313,90.0513,89.776,93.8154,94.1912,89.9743,91.4912,92.5181,89.9437,90.2967,90.1063,87.1537,86.1565,84.8847,87.3191,86.8444,88.4045,91.748,90.189,90.7814,92.0851,88.3347,91.1243,88.687,94.1674,90.5122,88.583,89.3219,88.5649,84.8073,89.7211,85.9742,86.0166,83.1076,87.7506,88.1531,89.0361,92.4117,95.7558,94.4803,96.4774,97.9211,96.2544,93.1711,93.6142,91.0248,91.1599,89.3669,85.3443,84.4089,83.9074,84.3454,84.0327,82.3023,83.4828,81.2408,83.959,87.2535,86.0841,85.7911,85.4102,85.0535,86.7541,87.7252,85.5726,83.1263,81.2622,81.675,81.705,83.8088,83.9176,82.1716,79.9864,81.3961,82.1891,81.9716,79.935,79.6055,78.462,79.6129,78.8065,78.8138,77.7945,77.3174,76.3319,77.2793,77.3799,76.5503,76.7083,76.9052,77.974,78.2457,78.7598,77.462,78.0335,79.2727,80.5871,79.0448,79.5792,80.0544,80.0107,79.6722,82.498,81.9919,79.8402,79.5472,79.8624,79.0208,78.6809,78.9977,79.2043,77.7128,77.4145,77.4274,76.0409,76.4456,77.8247,77.2783,78.0452,78.8121,79.411,81.4551,82.6143,82.9925,82.0026,81.6568,81.7604,80.888,78.584,79.4021,77.3789,77.2466,77.1006,77.6588,77.2513,77.5244,77.332,78.7819,78.7313,79.3481,77.6527,77.4117,76.7547,76.9448,76.3821,77.1462,76.3213,75.827,76.1487,77.9347,79.3621,79.8244,79.6411,79.1347,79.7495,79.384,78.4465,78.0521,77.3393,76.9021,76.5967,76.587,77.3478,76.7709,77.3716,77.9309,77.5289,77.9522,76.2998,77.0688,77.2615,77.7903,77.8717,78.7822,78.4305,78.4561,77.8012,79.1461,78.7048,78.5695,77.5208,76.9121,75.0736,165.217,-1400,40,75.4098,
W_3514A2/272_G_None_0.51_VS1,105.774,-0.359235,0.737284,109.727,115.688,124.633,568.405,112.614,0.00616302,0.208661,0.820144,115.977,6453.72, ,14.2857,135.714,-59.8901,40.9774,114.515,113.937,113.184,112.379,112.937,112.214,112.383,113.219,113.155,112.657,112.747,113.378,114.481,113.992,114.985,115.113,114.815,115.082,115.401,115.354,115.61,115.266,115.137,114.649,114.869,115.026,114.841,114.501,114.39,114.165,114.236,114.333,114.491,114.16,113.674,113.285,113.188,113.129,113.113,112.692,112.455,112.049,112.611,112.565,112.33,112.654,113.066,113.306,114.322,114.754,115.155,114.261,114.629,115.541,115.538,115.463,114.866,114.323,114.378,114.677,115.132,114.965,114.441,114.11,114.139,114.672,114.554,115.044,114.435,114.507,114.476,114.317,114.638,114.583,113.552,113.026,112.21,112.568,112.4,113.15,112.923,113.279,113.134,114.141,113.991,114.189,113.782,113.192,112.454,112.982,112.204,112.279,111.688,111.827,112.194,112.802,112.947,112.594,112.278,112.545,113.077,113.657,114.107,113.74,113.491,114.11,114.505,115.105,115.482,115.311,115.388,115.392,115.573,115.273,114.735,114.818,114.306,114.068,113.638,113.651,113.529,113.711,113.748,114.155,113.735,113.766,113.935,114.131,113.814,114.071,113.804,113.972,114.138,114.505,114.469,114.626,114.252,114.513,114.728,115.103,114.971,114.781,114.49,114.843,114.984,115.067,115.073,114.71,114.935,115.441,115.293,115.953,115.551,115.252,115.318,114.993,115.455,115.122,114.363,114.534,113.983,113.879,113.867,114.408,114.319,113.479,113.197,113.589,113.103,113.487,113.756,113.552,113.146,113.439,113.928,114.091,114.324,114.805,114.422,114.638,114.253,113.787,113.509,113.589,113.392,112.834,112.472,112.626,112.219,112.403,112.645,112.879,112.466,112.572,112.577,112.423,112.316,112.237,112.594,112.875,112.55,112.204,112.011,112.246,112.434,112.492,112.643,112.62,112.767,113.209,113.408,113.789,113.602,113.455,113.562,113.708,113.455,113.2,113.105,113.237,112.856,112.918,112.804,112.548,112.372,112.235,112.277,112.06,111.696,111.628,111.608,111.666,111.466,111.165,111.109,110.688,110.907,110.762,110.52,109.972,109.693,109.277,109.089,108.608,108.406,107.908,107.685,107.405,107.42,107.441,107.409,107.338,107.432,107.367,107.424,107.368,107.331,107.296,107.389,107.575,107.809,108.137,108.511,108.871,109.292,109.744,110.234,110.649,111.06,111.402,111.603,111.682,111.672,111.637,111.668,111.676,111.743,111.83,112.011,112.257,112.644,113.124,113.455,113.675,113.83,113.948,114.016,114.078,114.095,114.076,113.97,113.962,113.922,113.915,113.963,113.947,113.933,113.954,113.99,114.023,114.068,114.057,114.085,114.059,114.062,114.087,114.108,114.064,114.015,113.982,113.973,113.987,114.012,114.019,114.043,114.038,114.072,114.124,114.172,114.235,114.222,114.237,114.287,114.306,114.331,114.372,114.42,114.46,114.481,114.529,114.585,114.631,114.678,114.741,114.745,114.763,114.781,114.819,114.843,114.859,114.871,114.891,114.905,114.976,115.012,115.027,115.044,115.076,115.095,115.114,115.13,115.158,115.172,115.196,115.224,115.228,115.271,115.297,115.33,115.338,115.334,115.362,115.381,115.402,115.409,115.426,115.432,115.434,115.471,115.505,115.504,115.518,115.542,115.597,115.616,115.647,115.67,115.693,115.698,115.707,115.739,115.729,115.74,115.725,115.733,115.742,115.735,115.747,115.732,115.73,115.784,115.789,115.806,115.778,115.803,115.804,115.793,115.836,115.821,115.79,115.793,115.803,115.825,115.823,115.819,115.848,115.823,115.847,115.828,115.802,115.787,115.781,115.759,115.734,115.716,115.698,115.669,115.658,115.662,115.646,115.633,115.614,115.627,115.61,115.615,115.629,115.642,115.631,115.598,115.597,115.583,115.58,115.57,115.577,115.548,115.545,115.546,115.568,115.568,115.581,115.579,115.603,115.596,115.604,115.629,115.65,115.657,115.686,115.702,115.707,115.713,115.697,115.719,115.71,115.714,115.702,115.684,115.703,115.722,115.724,115.766,115.767,115.779,115.759,115.77,115.77,115.747,115.725,115.737,115.744,115.736,115.709,115.746,115.796,115.825,115.829,115.847,115.826,115.798,115.803,115.828,115.807,115.77,115.763,115.772,115.777,115.787,115.82,115.823,115.813,115.795,115.775,115.754,115.769,115.792,115.808,115.811,115.801,115.798,115.823,115.862,115.873,115.856,115.832,115.806,115.799,115.834,115.858,115.858,115.825,115.845,115.845,115.854,115.852,115.858,115.849,115.823,115.843,115.882,115.85,115.827,115.792,115.781,115.76,115.749,115.758,115.756,115.705,115.722,115.752,115.771,115.754,115.738,115.691,115.669,115.625,115.642,115.609,115.59,115.591,115.609,115.614,115.651,115.646,115.653,115.659,115.648,115.65,115.629,115.625,115.615,115.6,115.598,115.589,115.592,115.612,115.611,115.624,115.621,115.623,115.607,115.612,115.603,115.574,115.545,115.547,115.54,115.543,115.533,115.542,115.53,115.534,115.534,115.576,115.568,115.585,115.588,115.598,115.591,115.585,115.62,115.671,115.655,115.647,115.636,115.639,115.645,115.644,115.658,115.639,115.613,115.597,115.604,115.585,115.592,115.601,115.611,115.591,115.586,115.552,115.588,115.607,115.613,115.613,115.604,115.625,115.649,115.63,115.636,115.625,115.589,115.602,115.587,115.578,115.564,115.58,115.609,115.621,115.615,115.609,115.582,115.616,115.616,115.59,115.585,115.574,115.6,115.638,115.646,115.678,115.655,115.674,115.693,115.666,115.689,115.721,115.678,115.705,115.709,115.731,115.72,115.728,115.753,115.754,115.738,115.76,115.769,115.75,115.71,115.761,115.78,115.789,115.742,115.758,115.786,115.778,115.838,115.895,115.873,115.896,115.939,116.013,116.004,115.966,116.013,115.975,115.957,115.94,115.924,115.905,115.871,115.849,115.85,115.852,115.86,115.887,115.894,115.925,115.925,115.975,116.001,116.002,115.944,115.951,115.922,115.962,115.978,116.029,115.996,115.93,115.962,116.023,116.042,116.024,115.988,115.956,115.915,115.942,115.967,116,115.939,115.91,115.945,115.951,115.95,116.021,116.002,116.029,115.917,115.991,116.08,116.113,116.161,116.171,116.124,116.182,116.221,116.296,116.294,116.225,116.146,116.13,116.129,116.214,116.174,116.19,116.278,116.299,116.342,116.468,116.482,116.473,116.404,116.424,116.483,116.352,116.364,116.412,116.441,116.446,116.403,116.272,116.271,116.217,116.273,116.312,116.217,116.157,116.201,116.274,116.356,116.348,116.325,116.366,116.389,116.404,116.386,116.403,116.531,116.597,116.71,116.734,116.756,116.661,116.802,116.857,116.921,116.82,116.956,116.85,116.883,116.897,116.971,116.903,116.932,116.921,116.859,116.907,116.86,116.865,116.747,116.68,116.628,116.705,116.773,116.862,116.537,116.456,116.551,116.701,116.709,116.701,116.696,116.577,116.74,116.956,117.174,117.231,117.206,117.338,117.527,117.587,117.631,117.45,117.46,117.372,117.179,117.309,117.351,117.268,117.095,116.971,117.173,117.262,117.296,117.167,117.051,117.109,117.239,117.197,117.135,116.906,116.664,116.981,117.314,117.523,117.527,117.405,117.407,117.642,117.602,117.375,117.131,116.801,116.536,116.319,116.144,116.208,116.112,116.412,116.637,116.347,116.449,116.322,116.275,116.674,116.49,116.524,116.182,116.469,116.968,117.137,117.371,117.347,116.924,116.993,116.972,117.413,117.089,117.274,117.102,116.91,117.189,117.216,117.411,117.088,117.04,117.259,116.947,116.8,117.147,117.173,117.408,117.383,117.853,117.473,117.113,116.927,117.169,116.802,116.636,116.727,116.552,116.277,116.502,116.777,117.276,117.184,117.479,117.573,117.197,117.35,117.36,117.425,117.326,116.597,116.46,115.897,116.042,116.545,116.698,116.946,116.654,117.1,117.031,117.281,117.658,117.154,116.499,116.285,116.123,116.146,115.513,116.026,116.167,116.556,116.029,116.729,117.013,116.912,117.1,117.144,116.967,116.836,116.54,117.495,117.034,116.763,116.607,116.292,116.529,116.299,116.112,116.3,115.809,115.564,115.232,115.161,115.357,115.09,114.978,114.664,114.406,114.357,114.895,115.218,115.467,115.069,115.342,115.536,116.07,116.056,116.088,115.75,115.678,115.242,115.392,115.206,115.493,115.185,115.21,115.298,115.518,115.692,116.187,116.317,116.005,115.921,115.77,115.833,116.013,115.991,115.697,115.425,115.577,115.705,115.521,115.713,115.821,115.565,115.597,115.917,116.327,116.583,116.681,116.695,116.775,116.742,117.112,117.29,116.709,116.578,116.322,115.918,116.378,116.812,116.88,116.799,116.395,117.07,117.029,116.882,117.473,117.08,116.814,116.752,116.742,116.931,116.726,116.504,116.696,116.661,116.546,116.554,116.795,116.753,116.831,116.932,117.177,117.049,117.116,117.246,117.093,116.929,116.946,117.308,117.227,117.162,117.219,117.223,117.561,117.921,118.015,118.03,117.521,117.708,46.8254,-22.1805,-54.7619,20.068,
F_3514A2/272_G_None_0.51_VS1,100.45,0.228791,2.86406,109.517,101.169,38.0788,582.151,90.5916,0.036008,-1.27401,2.87318,85.4327,2966.15, ,90,41.25,137.25,4631.25,92.8047,92.6421,93.2251,92.6445,92.1292,92.1272,91.8147,91.7473,91.7945,91.4754,91.3984,91.2201,91.8475,92.7343,93.1957,92.2008,91.992,92.2674,92.9509,92.4997,92.9019,93.519,93.0229,92.8631,93.6434,93.9514,94.3773,93.5716,94.2586,93.354,93.05,93.2116,92.9409,92.4541,92.6671,92.5528,93.0893,93.4317,93.2549,92.6561,92.7099,93.2766,94.1513,94.3661,94.4676,94.9112,94.0058,94.3249,95.2153,95.6793,95.5969,95.3721,94.5962,94.2276,93.6692,94.5049,94.544,93.8868,92.823,92.6312,92.9429,93.8814,93.6173,93.8855,94.147,94.5338,94.6268,95.3672,95.8955,95.437,94.6726,95.1813,94.8969,94.5431,94.4265,94.1823,93.7717,93.0211,92.6586,93.0402,92.3215,92.6847,92.1942,92.3589,92.3067,92.4134,92.948,93.2014,93.2449,93.5405,93.3361,93.8868,93.5006,93.4637,93.3161,93.1129,93.2872,93.0569,92.7425,92.3253,92.0087,91.9799,92.2681,92.6563,92.3938,92.2785,92.1389,92.5956,92.8395,92.8039,92.5141,93.0944,92.9517,93.5425,93.4023,93.4178,93.604,93.4654,93.6168,93.6134,93.0417,93.0182,92.3127,92.8905,92.5954,92.098,91.8117,91.3992,91.8917,91.5944,91.5066,91.5739,91.8225,91.7735,91.9765,92.3805,92.437,91.8246,91.9548,91.7824,91.8589,91.4661,91.7158,91.8223,91.6386,91.9404,92.219,92.0784,92.3509,92.1653,91.9882,91.9958,91.7873,92.4439,92.5126,92.4326,92.4157,92.431,92.7333,92.8634,92.9285,93.0833,92.6751,92.7259,92.9122,93.268,93.2986,93.1473,93.0549,92.9981,93.0365,93.1457,93.2272,93.4192,93.3377,93.3902,93.5124,93.6719,93.8651,93.8549,93.8798,93.5914,93.5491,93.515,93.51,93.5187,93.5183,93.4208,93.4353,93.4504,93.5221,93.4375,93.2553,93.2259,93.2097,93.2657,93.1809,93.17,93.1664,93.0931,93.1336,93.2388,93.3169,93.3131,93.3424,93.4335,93.451,93.4238,93.4444,93.4654,93.4766,93.5156,93.5953,93.6385,93.6872,93.7241,93.7721,93.8161,93.853,93.8893,93.9037,93.8752,93.8677,93.8376,93.8428,93.838,93.8441,93.8225,93.8289,93.8319,93.8584,93.8548,93.8348,93.7872,93.7802,93.7183,93.7737,93.7568,93.7593,93.7724,93.8158,93.9187,94.0134,94.1422,94.2537,94.236,94.2796,94.3462,94.4085,94.5058,94.6134,94.6252,94.5761,94.6331,94.814,94.9475,94.9584,95.0244,95.0671,94.8775,94.8511,94.7877,94.7893,94.6957,94.8221,95.0156,94.8867,94.9632,94.8078,94.8422,94.7236,94.7061,94.6152,94.5409,94.3006,94.6196,94.6148,94.9806,95.0789,95.2237,95.1793,95.3058,95.3118,95.4248,95.0285,94.8882,94.966,95.141,95.2548,95.5045,95.8621,96.0681,95.876,95.8642,96.179,96.5144,96.5592,96.3341,95.9406,95.7057,95.8975,96.341,96.5139,96.1941,95.8765,95.9347,96.1534,96.4291,96.7012,96.5019,96.4641,96.6838,96.7548,97.0345,97.0992,97.0708,97.2757,97.3419,97.4507,96.9936,96.6747,97.1188,97.0008,97.1318,97.009,96.9979,96.9306,96.8481,97.1691,97.5151,97.4075,97.5983,97.5031,97.7274,97.5159,97.4076,97.388,97.357,97.1291,97.1044,97.1043,97.2312,97.3317,97.7794,97.8667,98.2427,98.3306,98.5321,98.5244,98.4941,98.173,98.0824,97.5783,97.6703,97.6464,97.629,97.5883,97.6054,97.5788,97.9927,98.0486,98.307,98.3012,98.1265,98.2456,98.2616,98.0917,98.2181,98.2019,98.222,98.3513,98.3682,98.5177,98.8275,99.2024,99.4766,99.413,99.1613,99.0239,99.1684,99.3058,99.3492,99.1612,99.0178,99.0528,98.9508,98.9294,99.0639,99.0296,99.1288,98.9427,99.0316,98.9399,98.9279,99.0462,99.3711,99.4269,99.4454,99.1951,99.4344,99.5571,99.7844,99.9894,100.057,100.057,100.088,99.8607,99.9177,99.9436,99.5867,99.2978,99.1333,99.1248,99.1179,98.8043,98.751,98.8261,98.5345,98.6677,98.7439,98.8591,98.921,98.7842,99.0278,99.5383,99.5492,99.8364,100.104,100.238,100.219,100.334,100.593,100.619,100.364,100.6,100.665,100.957,101.023,101.082,101.274,101.075,101.178,101.303,101.207,101.189,100.83,100.895,100.724,100.413,100.633,100.64,100.728,100.583,100.523,100.467,100.219,100.225,100.426,100.216,100.211,100.011,100.388,100.62,100.501,100.708,100.8,100.736,100.794,100.794,101.014,100.767,100.875,101.262,101.278,101.466,101.489,101.579,101.52,101.445,101.255,101.027,101.064,101.023,100.951,100.788,100.887,100.78,100.602,101.082,100.954,100.889,100.778,100.844,101.098,100.912,101.525,101.77,101.644,101.732,101.674,101.822,102.005,101.946,101.863,101.462,101.48,101.387,101.494,101.572,101.629,101.312,101.318,101.721,101.573,101.478,101.775,101.639,101.372,101.633,102.149,101.978,101.58,101.908,101.966,102.016,102.202,102.292,102.221,101.803,101.874,101.936,101.91,102.233,101.808,101.97,101.969,101.63,101.536,101.516,101.743,101.785,101.485,101.773,101.675,101.767,101.945,102.107,102.35,102.468,102.095,102.215,101.957,101.807,101.883,102.133,102.381,102.332,102.731,103.168,102.803,102.968,102.785,102.73,102.437,101.955,101.679,101.067,101.023,101.144,100.578,101.079,100.982,101.108,101.296,101.945,102.213,102.173,102.268,102.728,102.331,102.504,102.514,102.677,101.891,101.561,101.431,101.332,101.405,101.732,101.382,101.261,101.635,102.202,102.401,102.66,102.355,102.776,103.01,103.658,103.657,102.995,102.53,102.467,102.167,103.071,102.793,102.266,102.147,102.031,102.171,102.653,102.59,103.288,102.532,102.011,102.549,102.932,102.907,103.587,103.306,103.727,103.027,103.386,103.737,103.269,102.668,102.876,102.461,102.462,102.189,102.374,102.832,103.363,103.481,103.643,103.554,103.106,103.852,104.227,103.992,104.33,104.538,104.683,104.324,104.483,105.475,104.806,104.545,105.706,105.574,104.8,104.459,105.422,104.913,103.813,105.153,105.955,104.842,105.627,105.786,105.657,105.225,105.432,105.643,104.087,102.53,103.176,101.362,101.068,101.732,101.425,101.311,102.605,103.452,104.321,104.111,104.805,105.057,105.636,106.003,106.218,105.116,104.169,104.622,104.588,104.874,105.849,105.438,106.141,107.615,106.87,106.69,106.131,105.401,104.929,104.274,105.045,104.094,102.833,103.531,104.752,105.545,106.04,105.4,104.747,102.868,102.797,104.334,103.763,102.728,103.928,104.576,105.738,106.893,108.189,108.702,106.258,108.268,109.493,107.86,109.281,109.359,110.565,111.402,110.418,113.611,112.772,111.404,112.676,112.152,111.945,111.274,110.246,112.28,111.691,113.325,118.046,114.857,113.277,112.73,113.287,116.672,116.576,114.927,115.773,113.631,116.194,117.119,118.587,117.022,114.679,115.817,118.643,119.274,117.123,120.421,121.073,122.231,122.664,124.02,125.132,124.894,124.893,128.269,129.264,127.625,125.892,128.066,128.851,127.07,128.317,127.916,130.415,126.315,130.606,130.195,129.184,128.245,128.33,124.709,126.477,124.026,126.904,125.481,130.244,132.602,136.903,139.412,137.774,135.998,136.67,134.99,139.064,140.491,137.531,132.487,129.281,133.748,131.178,128.434,134.126,129.172,127.798,128.434,125.018,126.355,127.755,128.022,133.92,130.919,128.316,129.272,128.536,132.68,132.814,136.698,140.965,141.918,136.239,143.562,139.128,142.383,144.745,146.558,138.563,137.86,132.079,135.808,127.408,126.85,121.702,120.257,119.544,119.934,117.28,120.831,119.613,127.105,128.78,132.474,131.444,133.364,133.828,139.854,138.601,144.638,147.558,149.364,155.406,160.728,161.638,156.11,148.973,147.077,140.199,134.658,131.583,124.659,121.931,116.17,117.372,117.694,116.675,117.656,116.116,120.975,120.832,120.08,125.102,127.196,130.163,131.318,132.304,134.037,126.061,131.778,128.071,128.397,126.191,122.991,119.013,112.889,111.484,116.569,113.339,114.81,112.825,117.219,118.244,120.304,124.338,125.312,123.795,123.288,122.935,121.197,118.116,114.742,111.199,112.535,110.814,106.588,105.707,106.546,106.236,105.228,103.87,104.641,101.179,102.142,103.653,102.031,100.714,101.062,97.7703,99.8281,100.165,98.1785,95.3482,95.0112,95.0802,95.9237,97.0336,98.263,96.9155,95.5127,97.2869,100.529,102.247,100.909,99.6162,97.7473,97.7502,97.0451,97.5524,97.8288,95.5868,92.429,95.8303,96.7376,95.8448,98.1372,97.68,97.5669,95.932,96.0573,95.8638,93.4054,93.1731,94.5704,92.1636,93.8478,95.8622,96.0485,94.923,96.782,98.3832,97.4417,96.3132,96.5054,96.3132,95.532,95.7618,97.2084,95.5257,92.5115,92.2507,93.7157,94.4916,94.6347,93.8083,95.7315,96.804,98.2016,100.812,102.892,101.448,100.615,100.925,100.609,99.4881,97.6886,97.8702,97.6886,97.1949,97.6909,97.8067,96.4261,96.691,96.8481,97.8197,98.4248,97.566,96.9326,97.0594,97.9999,99.2465,98.8882,99.0629,98.881,97.2227,97.5973,98.2389,97.7799,97.2253,96.1338,95.9046,97.4005,96.3212,95.5471,95.2874,94.0459,94.8203,94.7628,95.0839,95.3822,93.1625,93.0015,95.2098,94.658,94.0828,93.0663,92.9636,93.2646,93.5048,94.3352,95.2577,93.7761,95.4137,96.1623,97.0898,96.9732,96.7716,96.9145,96.4403,95.2895,111.685,1031.25,39.1071,-2.76639,
W_Calibration,100,0,0,95.0422,100,108.876,565.016,99.9909,1.74827e-05,0.00127928,0,0,6504.1, ,100,100,100,100,100,100,100,100,100,100,100,100,100,100,100,100,100,100,100,100,100,100,100,100,100,100,100,100,100,100,100,100,100,100,100,100,100,100,100,100,100,100,100,100,100,100,100,100,100,100,100,100,100,100,100,100,100,100,100,100,100,100,100,100,100,100,100,100,100,100,100,100,100,100,100,100,100,100,100,100,100,100,100,100,100,100,100,100,100,100,100,100,100,100,100,100,100,100,100,100,100,100,100,100,100,100,100,100,100,100,100,100,100,100,100,100,100,100,100,100,100,100,100,100,100,100,100,100,100,100,100,100,100,100,100,100,100,100,100,100,100,100,100,100,100,100,100,100,100,100,100,100,100,100,100,100,100,100,100,100,100,100,100,100,100,100,100,100,100,100,100,100,100,100,100,100,100,100,100,100,100,100,100,100,100,100,100,100,100,100,100,100,100,100,100,100,100,100,100,100,100,100,100,100,100,100,100,100,100,100,100,100,100,100,100,100,100,100,100,100,100,100,100,100,100,100,100,100,100,100,100,100,100,100,100,100,100,100,100,100,100,100,100,100,100,100,100,100,100,100,100,100,100,100,100,100,100,100,100,100,100,100,100,100,100,100,100,100,100,100,100,100,100,100,100,100,100,100,100,100,100,100,100,100,100,100,100,100,100,100,100,100,100,100,100,100,100,100,100,100,100,100,100,100,100,100,100,100,100,100,100,100,100,100,100,100,100,100,100,100,100,100,100,100,100,100,100,100,100,100,100,100,100,100,100,100,100,100,100,100,100,100,100,100,100,100,100,100,100,100,100,100,100,100,100,100,100,100,100,100,100,100,100,100,100,100,100,100,100,100,100,100,100,100,100,100,100,100,100,100,100,100,100,100,100,100,100,100,100,100,100,100,100,100,100,100,100,100,100,100,100,100,100,100,100,100,100,100,100,100,100,100,100,100,100,100,100,100,100,100,100,100,100,100,100,100,100,100,100,100,100,100,100,100,100,100,100,100,100,100,100,100,100,100,100,100,100,100,100,100,100,100,100,100,100,100,100,100,100,100,100,100,100,100,100,100,100,100,100,100,100,100,100,100,100,100,100,100,100,100,100,100,100,100,100,100,100,100,100,100,100,100,100,100,100,100,100,100,100,100,100,100,100,100,100,100,100,100,100,100,100,100,100,100,100,100,100,100,100,100,100,100,100,100,100,100,100,100,100,100,100,100,100,100,100,100,100,100,100,100,100,100,100,100,100,100,100,100,100,100,100,100,100,100,100,100,100,100,100,100,100,100,100,100,100,100,100,100,100,100,100,100,100,100,100,100,100,100,100,100,100,100,100,100,100,100,100,100,100,100,100,100,100,100,100,100,100,100,100,100,100,100,100,100,100,100,100,100,100,100,100,100,100,100,100,100,100,100,100,100,100,100,100,100,100,100,100,100,100,100,100,100,100,100,100,100,100,100,100,100,100,100,100,100,100,100,100,100,100,100,100,100,100,100,100,100,100,100,100,100,100,100,100,100,100,100,100,100,100,100,100,100,100,100,100,100,100,100,100,100,100,100,100,100,100,100,100,100,100,100,100,100,100,100,100,100,100,100,100,100,100,100,100,100,100,100,100,100,100,100,100,100,100,100,100,100,100,100,100,100,100,100,100,100,100,100,100,100,100,100,100,100,100,100,100,100,100,100,100,100,100,100,100,100,100,100,100,100,100,100,100,100,100,100,100,100,100,100,100,100,100,100,100,100,100,100,100,100,100,100,100,100,100,100,100,100,100,100,100,100,100,100,100,100,100,100,100,100,100,100,100,100,100,100,100,100,100,100,100,100,100,100,100,100,100,100,100,100,100,100,100,100,100,100,100,100,100,100,100,100,100,100,100,100,100,100,100,100,100,100,100,100,100,100,100,100,100,100,100,100,100,100,100,100,100,100,100,100,100,100,100,100,100,100,100,100,100,100,100,100,100,100,100,100,100,100,100,100,100,100,100,100,100,100,100,100,100,100,100,100,100,100,100,100,100,100,100,100,100,100,100,100,100,100,100,100,100,100,100,100,100,100,100,100,100,100,100,100,100,100,100,100,100,100,100,100,100,100,100,100,100,100,100,100,100,100,100,100,100,100,100,100,100,100,100,100,100,100,100,100,100,100,100,100,100,100,100,100,100,100,100,100,100,100,100,100,100,100,100,100,100,100,100,100,100,100,100,100,100,100,100,100,100,100,100,100,100,100,100,100,100,100,100,100,100,100,100,100,100,100,100,100,100,100,100,100,100,100,100,100,100,100,100,100,100,100,100,100,100,100,100,100,100,100,100,100,100,100,100,100,100,100,100,100,100,100,100,100,100,100,100,100,100,100,100,100,100,100,100,100,100,100,100,100,
F_Calibration,100,0,0,108.104,100,39.2965,491.07,99.9909,0.000170256,0.00127928,0,0,3000.62, ,100,100,100,100,100,100,100,100,100,100,100,100,100,100,100,100,100,100,100,100,100,100,100,100,100,100,100,100,100,100,100,100,100,100,100,100,100,100,100,100,100,100,100,100,100,100,100,100,100,100,100,100,100,100,100,100,100,100,100,100,100,100,100,100,100,100,100,100,100,100,100,100,100,100,100,100,100,100,100,100,100,100,100,100,100,100,100,100,100,100,100,100,100,100,100,100,100,100,100,100,100,100,100,100,100,100,100,100,100,100,100,100,100,100,100,100,100,100,100,100,100,100,100,100,100,100,100,100,100,100,100,100,100,100,100,100,100,100,100,100,100,100,100,100,100,100,100,100,100,100,100,100,100,100,100,100,100,100,100,100,100,100,100,100,100,100,100,100,100,100,100,100,100,100,100,100,100,100,100,100,100,100,100,100,100,100,100,100,100,100,100,100,100,100,100,100,100,100,100,100,100,100,100,100,100,100,100,100,100,100,100,100,100,100,100,100,100,100,100,100,100,100,100,100,100,100,100,100,100,100,100,100,100,100,100,100,100,100,100,100,100,100,100,100,100,100,100,100,100,100,100,100,100,100,100,100,100,100,100,100,100,100,100,100,100,100,100,100,100,100,100,100,100,100,100,100,100,100,100,100,100,100,100,100,100,100,100,100,100,100,100,100,100,100,100,100,100,100,100,100,100,100,100,100,100,100,100,100,100,100,100,100,100,100,100,100,100,100,100,100,100,100,100,100,100,100,100,100,100,100,100,100,100,100,100,100,100,100,100,100,100,100,100,100,100,100,100,100,100,100,100,100,100,100,100,100,100,100,100,100,100,100,100,100,100,100,100,100,100,100,100,100,100,100,100,100,100,100,100,100,100,100,100,100,100,100,100,100,100,100,100,100,100,100,100,100,100,100,100,100,100,100,100,100,100,100,100,100,100,100,100,100,100,100,100,100,100,100,100,100,100,100,100,100,100,100,100,100,100,100,100,100,100,100,100,100,100,100,100,100,100,100,100,100,100,100,100,100,100,100,100,100,100,100,100,100,100,100,100,100,100,100,100,100,100,100,100,100,100,100,100,100,100,100,100,100,100,100,100,100,100,100,100,100,100,100,100,100,100,100,100,100,100,100,100,100,100,100,100,100,100,100,100,100,100,100,100,100,100,100,100,100,100,100,100,100,100,100,100,100,100,100,100,100,100,100,100,100,100,100,100,100,100,100,100,100,100,100,100,100,100,100,100,100,100,100,100,100,100,100,100,100,100,100,100,100,100,100,100,100,100,100,100,100,100,100,100,100,100,100,100,100,100,100,100,100,100,100,100,100,100,100,100,100,100,100,100,100,100,100,100,100,100,100,100,100,100,100,100,100,100,100,100,100,100,100,100,100,100,100,100,100,100,100,100,100,100,100,100,100,100,100,100,100,100,100,100,100,100,100,100,100,100,100,100,100,100,100,100,100,100,100,100,100,100,100,100,100,100,100,100,100,100,100,100,100,100,100,100,100,100,100,100,100,100,100,100,100,100,100,100,100,100,100,100,100,100,100,100,100,100,100,100,100,100,100,100,100,100,100,100,100,100,100,100,100,100,100,100,100,100,100,100,100,100,100,100,100,100,100,100,100,100,100,100,100,100,100,100,100,100,100,100,100,100,100,100,100,100,100,100,100,100,100,100,100,100,100,100,100,100,100,100,100,100,100,100,100,100,100,100,100,100,100,100,100,100,100,100,100,100,100,100,100,100,100,100,100,100,100,100,100,100,100,100,100,100,100,100,100,100,100,100,100,100,100,100,100,100,100,100,100,100,100,100,100,100,100,100,100,100,100,100,100,100,100,100,100,100,100,100,100,100,100,100,100,100,100,100,100,100,100,100,100,100,100,100,100,100,100,100,100,100,100,100,100,100,100,100,100,100,100,100,100,100,100,100,100,100,100,100,100,100,100,100,100,100,100,100,100,100,100,100,100,100,100,100,100,100,100,100,100,100,100,100,100,100,100,100,100,100,100,100,100,100,100,100,100,100,100,100,100,100,100,100,100,100,100,100,100,100,100,100,100,100,100,100,100,100,100,100,100,100,100,100,100,100,100,100,100,100,100,100,100,100,100,100,100,100,100,100,100,100,100,100,100,100,100,100,100,100,100,100,100,100,100,100,100,100,100,100,100,100,100,100,100,100,100,100,100,100,100,100,100,100,100,100,100,100,100,100,100,100,100,100,100,100,100,100,100,100,100,100,100,100,100,100,100,100,100,100,100,100,100,100,100,100,100,100,100,100,100,100,100,100,100,100,100,100,100,100,100,100,100,100,100,100,100,100,100,100,100,100,100,100,100,100,100,100,100,100,100,100,100,100,100,100,100,100,100,100,100,100,100,
W_3514A2/122_H_None_0.564_VS2,100.178,-1.04512,2.35927,94.8848,100.462,105.559,569.119,90.1582,0.0208491,0.533142,2.5804,113.893,6333.96, ,-25,-28.03,-120.361,32.516,96.3559,95.9961,96.126,95.7936,96.3204,96.3325,96.2645,95.9874,95.9994,96.0472,96.6711,96.6513,96.8818,96.3263,96.4524,95.8642,95.8224,96.2252,96.0324,95.9782,96.1895,96.2113,96.3812,96.5235,96.9547,96.7558,96.7686,96.9626,96.7156,96.3899,95.9308,95.9949,96.0967,95.8477,95.8962,96.1389,96.3257,96.2539,96.5163,96.3679,96.4898,96.4516,97.2124,97.1449,96.4719,96.4164,96.7342,96.4917,96.6718,96.3008,95.806,95.2016,96.3426,96.5371,96.1411,95.6889,96.0435,95.6626,96.3672,96.7174,96.2491,94.7767,94.6031,93.9828,94.2438,93.6285,93.7345,93.3192,93.022,93.5626,94.2697,94.4106,95.5059,95.3984,95.7327,95.9593,96.1002,96.0311,95.9446,95.8313,95.6208,95.3379,95.2556,95.2691,95.3643,95.2029,95.2797,95.3479,94.8457,95.1212,95.4825,95.6854,95.3659,95.336,95.194,95.3769,95.3184,95.5489,95.453,95.0766,94.8537,94.9143,95.1512,95.4448,95.3729,95.5378,95.4075,95.9119,95.5529,95.4551,95.8286,95.6509,95.4293,95.189,95.1592,95.0274,94.5748,94.5168,94.7081,94.8034,94.5562,94.8199,94.6169,94.5546,94.9001,95.5528,95.8479,95.7817,95.5445,95.4651,95.3385,96.161,96.2281,96.2607,95.8141,96.1657,96.3742,96.473,96.8618,96.67,96.323,96.2306,96.4889,96.4281,96.3113,96.3693,96.0065,96.0556,95.9804,96.0973,96.4776,96.0235,96.0749,95.6595,96.1157,96.6814,96.4573,96.6368,96.2513,96.1803,96.3704,96.671,97.0175,96.4551,96.3185,96.6644,96.5586,96.6223,96.5084,96.3178,95.921,95.67,95.6349,95.6109,95.4376,95.8543,96.3107,95.7785,95.9534,95.8913,96.1515,95.7421,95.3185,95.3348,95.191,94.4295,94.9537,94.7425,94.3184,93.9644,94.0316,93.7811,93.2496,92.6308,92.4113,91.3803,91.411,91.5629,91.4479,91.4906,91.3134,91.3683,91.4006,91.561,91.9436,91.6269,91.2849,91.0317,90.8014,90.5141,90.4207,90.1262,89.7082,89.5613,89.0658,89.0653,88.7225,88.7546,88.6041,88.1814,87.8479,87.6675,87.3477,87.1341,86.67,86.286,85.5023,85.2842,84.77,84.4994,83.964,83.2941,82.8868,82.2324,81.7274,81.1735,80.4343,79.8596,79.0453,78.4591,77.8149,76.9457,75.9839,75.1475,74.2959,73.5455,72.8516,72.4063,72.0932,72.0987,72.1599,72.275,72.4151,72.4427,72.3509,72.1981,71.9281,71.7712,71.7249,71.9151,72.3801,73.0839,73.9111,74.814,75.7311,76.7198,77.7336,78.7959,79.8281,80.6941,81.0977,80.9886,80.471,80.2791,80.6364,81.2474,81.9376,82.7391,83.6727,85.0192,86.9172,89.1763,90.9369,91.9944,92.7146,93.2972,93.7542,94.1506,94.5162,94.8063,95.0699,95.2795,95.4665,95.6732,95.9229,96.1092,96.2836,96.4485,96.5795,96.7102,96.8556,96.9408,97.0365,97.094,97.1225,97.1849,97.2321,97.2688,97.2992,97.3019,97.344,97.3487,97.3626,97.4314,97.4226,97.4271,97.4253,97.4125,97.3791,97.3269,97.2834,97.2554,97.2365,97.2436,97.2531,97.2822,97.3281,97.4167,97.4846,97.5877,97.6659,97.697,97.7472,97.7812,97.8206,97.8342,97.8516,97.8953,97.9105,97.9181,97.9736,98.0179,98.0894,98.1301,98.1904,98.2325,98.2835,98.2944,98.3047,98.2669,98.2197,98.0998,98.0009,97.8678,97.7632,97.6927,97.6912,97.7358,97.853,97.9691,98.1878,98.3834,98.6414,98.8824,99.0692,99.2322,99.3558,99.4457,99.5607,99.6175,99.7091,99.7494,99.7735,99.8329,99.8789,99.9309,99.9749,100.004,100.07,100.105,100.147,100.17,100.187,100.227,100.245,100.266,100.29,100.298,100.315,100.338,100.383,100.409,100.423,100.433,100.451,100.452,100.471,100.472,100.47,100.484,100.482,100.448,100.466,100.468,100.495,100.484,100.479,100.478,100.473,100.482,100.522,100.528,100.541,100.531,100.522,100.525,100.545,100.547,100.552,100.554,100.558,100.554,100.573,100.576,100.596,100.594,100.592,100.593,100.597,100.608,100.61,100.596,100.615,100.599,100.618,100.628,100.633,100.627,100.619,100.619,100.616,100.625,100.663,100.646,100.636,100.643,100.664,100.667,100.683,100.686,100.67,100.66,100.666,100.7,100.696,100.695,100.689,100.685,100.691,100.688,100.639,100.622,100.588,100.578,100.559,100.559,100.535,100.527,100.523,100.566,100.573,100.587,100.597,100.614,100.602,100.614,100.599,100.587,100.573,100.569,100.554,100.544,100.527,100.545,100.528,100.545,100.549,100.533,100.537,100.525,100.536,100.544,100.531,100.552,100.553,100.553,100.557,100.557,100.572,100.555,100.54,100.547,100.548,100.54,100.539,100.552,100.561,100.577,100.588,100.605,100.597,100.599,100.6,100.623,100.626,100.618,100.591,100.581,100.561,100.58,100.583,100.606,100.618,100.61,100.607,100.623,100.638,100.651,100.633,100.611,100.608,100.602,100.615,100.626,100.644,100.641,100.63,100.659,100.67,100.67,100.639,100.635,100.664,100.629,100.633,100.673,100.629,100.634,100.623,100.644,100.657,100.631,100.636,100.647,100.621,100.674,100.674,100.693,100.713,100.708,100.728,100.777,100.77,100.773,100.75,100.767,100.767,100.745,100.779,100.753,100.737,100.747,100.757,100.747,100.737,100.733,100.75,100.722,100.74,100.743,100.732,100.746,100.785,100.782,100.791,100.772,100.777,100.799,100.799,100.823,100.831,100.826,100.824,100.834,100.846,100.837,100.824,100.79,100.786,100.772,100.771,100.78,100.802,100.828,100.856,100.845,100.873,100.861,100.883,100.848,100.851,100.829,100.823,100.807,100.811,100.814,100.807,100.792,100.825,100.833,100.837,100.844,100.86,100.889,100.902,100.911,100.918,100.926,100.967,100.959,100.94,100.943,100.927,100.948,100.946,100.953,100.979,100.954,100.976,100.999,100.994,100.992,101.007,101.029,101.022,101.016,101.023,101,101.003,100.991,101.003,100.969,100.991,101.009,100.985,100.972,100.998,100.99,101.019,101.018,100.994,100.964,100.984,101.012,101.018,101,100.993,101.009,100.983,101.063,101.09,101.086,101.095,101.097,101.104,101.13,101.087,101.136,101.099,101.098,101.102,101.07,101.135,101.141,101.153,101.177,101.2,101.192,101.194,101.156,101.149,101.113,101.11,101.102,101.103,101.088,101.143,101.172,101.196,101.241,101.261,101.259,101.283,101.269,101.276,101.227,101.182,101.177,101.14,101.136,101.19,101.231,101.259,101.272,101.284,101.254,101.371,101.365,101.308,101.272,101.23,101.264,101.214,101.243,101.365,101.182,101.232,101.292,101.27,101.308,101.283,101.382,101.369,101.336,101.452,101.51,101.517,101.565,101.509,101.448,101.364,101.345,101.307,101.284,101.24,101.185,101.145,101.255,101.364,101.369,101.401,101.388,101.48,101.571,101.631,101.712,101.626,101.543,101.634,101.538,101.634,101.573,101.554,101.576,101.628,101.683,101.689,101.68,101.78,101.756,101.792,101.608,101.69,101.741,101.77,101.86,101.908,102.068,102.111,102.007,102.205,102.202,102.093,102.134,102.119,102.081,101.865,101.896,101.962,102.059,101.96,101.923,101.844,102.003,101.761,101.784,101.771,101.811,101.549,101.491,101.511,101.57,101.527,101.793,101.82,101.784,101.624,101.737,101.843,101.929,101.973,101.887,101.826,101.91,101.905,102.124,102.178,102.239,102.154,102.16,102.033,102.217,102.154,102.462,102.424,102.547,102.241,102.374,102.355,102.43,102.337,102.285,101.727,101.659,101.451,101.734,101.547,101.567,101.761,101.64,101.87,102.252,102.027,102.035,102.2,102.285,102.461,102.286,102.688,102.737,102.742,102.753,102.782,102.582,102.546,102.192,102.172,101.813,101.654,101.612,101.797,101.742,101.604,101.617,101.762,101.801,101.852,101.661,101.547,101.614,101.79,102.324,102.321,102.366,102.298,102.315,102.451,102.551,102.271,102.097,101.721,101.755,101.469,101.42,101.508,101.573,101.32,101.767,101.889,102.009,101.892,102.197,102.013,101.585,101.402,101.633,101.131,101.034,100.997,100.881,100.824,100.838,101.456,101.366,101.289,101.251,101.129,101.182,101.165,101.28,101.42,100.893,101.23,101.278,101.298,101.777,101.633,101.916,101.853,102.226,102.166,102.343,101.826,102.118,102.064,101.87,101.834,101.408,101.004,101.098,100.824,101.317,100.734,100.363,100.363,100.212,100.646,100.801,101.203,101.108,101.224,101.602,101.399,101.908,101.884,101.941,102.124,101.648,101.467,101.387,101.395,101.74,101.341,101.432,101.232,100.886,101.068,101.507,100.951,100.687,101.009,100.676,100.263,100.138,100.273,100.375,100.362,100.519,101.059,100.472,101.123,101.799,101.886,101.783,102.075,102.07,102.268,102.048,102.178,101.779,101.273,101.26,101.365,100.793,100.379,100.173,100.087,100.405,100.182,100.626,100.318,100.033,100.575,100.738,100.934,100.899,100.454,100.626,100.347,100.803,100.932,100.395,100.597,100.716,101.098,101.568,101.72,102.004,102.276,102.484,102.582,102.426,102.396,102.311,102.059,102.315,102.323,102.087,101.731,102.477,102.523,102.291,101.946,102.113,101.955,101.864,102.027,102.068,101.704,101.484,101.859,102.163,102.019,102.009,102.056,101.574,47.4943,-2750.35,169.209,190.151,
F_3514A2/122_H_None_0.564_VS2,99.3898,2.50524,-3.87865,108.023,98.4301,40.9862,570.515,113.187,0.0223967,-3.65047,4.61737,-57.1414,2954.34, ,120,30.0689,-3121.8,-445.806,72.4131,72.0324,72.7418,72.4863,72.0695,72.3232,72.1461,72.2997,72.7839,72.6679,72.7834,71.7991,72.4923,72.6017,72.7004,73.3732,73.4141,73.4859,73.4281,73.8018,74.43,73.6335,73.0857,72.8345,72.3889,72.0784,71.3326,71.2574,71.1511,70.4215,70.9596,71.3026,71.5789,71.5142,71.1634,71.6284,71.3189,70.9456,71.0692,70.3456,70.637,69.8944,69.3442,70.0578,70.1456,69.8664,70.0117,70.2052,70.7061,70.4216,70.3567,70.6484,70.1698,69.188,69.9821,69.3608,69.28,69.0136,69.5306,70.0788,70.4984,70.1099,71.3114,71.6797,72.5636,73.2015,72.8064,72.5116,72.6435,72.5101,72.8441,72.5318,71.9097,71.4556,70.9608,71.4554,71.8117,71.5425,71.7213,71.9901,72.1428,72.6168,72.9258,73.113,73.1565,72.3154,72.2423,71.8209,71.393,71.0072,71.1789,70.961,70.8973,70.3995,70.7736,70.9948,70.9558,70.8316,71.1644,70.539,70.3204,69.9436,70.3778,70.6035,70.6271,70.7422,71.0836,70.9498,71.2102,71.2909,71.2987,71.2383,70.9492,70.7877,70.9449,71.2835,71.8158,71.9065,72.0064,71.8625,72.4454,72.8574,72.8511,73.2112,72.9853,72.849,72.8494,73.0336,73.9178,73.4214,72.5737,72.8956,72.679,72.4566,72.1963,72.4143,72.622,72.2814,72.1132,72.4883,72.2469,72.1064,72.2838,72.297,72.3107,71.7688,71.7904,71.7856,71.7651,71.8836,71.9806,71.8169,71.7922,71.5235,71.7445,71.5836,71.9368,71.7872,71.7689,71.8201,71.9303,71.8788,71.9997,71.9349,71.9869,71.9893,72.0385,72.0545,71.9016,71.8762,71.778,71.4446,71.4418,71.5212,71.4091,71.3533,71.3605,71.6104,71.7541,71.8743,71.9383,72.0467,72.0119,71.9495,72.0083,72.0779,72.0542,72.1047,72.2049,72.337,72.3204,72.4133,72.6172,72.839,73.0354,73.2663,73.7096,74.1507,74.5397,74.9318,75.2841,75.4336,75.5689,75.5845,75.4434,75.2119,74.9906,74.7147,74.4149,74.1156,73.844,73.591,73.3159,73.065,72.8042,72.5176,72.2156,71.8882,71.5501,71.1702,70.7616,70.3535,69.9444,69.5519,69.1838,68.8586,68.5673,68.2739,68.0413,67.8172,67.6345,67.4267,67.2251,67.0179,66.7915,66.6277,66.5455,66.4755,66.4978,66.5715,66.7406,66.8376,66.9739,67.1051,67.1259,67.0752,67.0952,67.0997,67.1892,67.3283,67.6913,68.0122,68.3979,68.841,69.3493,69.8701,70.1861,70.2892,70.3457,70.4063,70.5443,70.8731,71.4631,72.2295,72.9757,74.1507,75.3463,76.372,77.3366,78.1821,78.8636,79.1893,79.2688,79.715,80.3058,81.1934,82.1626,83.1045,84.2325,85.4371,87.386,88.936,90.3076,91.3331,92.5181,93.6847,95.0255,96.3589,97.8449,99.021,100.512,101.797,102.941,103.486,103.983,104.343,104.206,104.147,104.084,104.396,104.522,104.925,105.743,106.211,106.717,107.396,107.899,108.184,108.1,107.777,107.653,107.219,107.086,106.936,106.576,106.333,106.765,106.794,107.188,107.504,107.718,108.061,108.328,108.324,108.262,107.782,107.972,107.719,107.326,107.268,106.796,106.332,106.552,106.673,106.674,106.214,106.254,106.531,106.156,106.239,106.288,106.097,105.472,105.042,104.977,104.731,104.13,103.883,103.541,103.159,102.695,102.693,102.581,102.317,101.944,101.94,101.912,101.918,101.934,101.841,101.916,102.059,102.059,102.088,101.699,101.281,101.006,100.821,100.793,100.643,100.075,99.9919,99.7602,99.8553,100.016,99.7256,99.6491,99.4442,99.2939,99.3133,99.1357,99.0943,98.8176,98.5144,98.6618,98.6064,98.5868,98.197,98.12,97.9649,97.9128,97.694,97.7446,97.3084,97.024,96.965,97.0432,97.2784,97.1868,97.1624,97.3157,97.4364,97.737,97.7007,97.5836,97.4496,97.4139,97.3547,97.3473,97.2398,97.0132,96.695,96.7684,96.8922,97.0415,96.963,96.8171,96.7617,96.572,96.8177,97.0071,96.9423,96.8731,96.8755,96.8248,96.9413,96.947,97.1594,96.9352,97.0305,97.3792,97.3902,97.2784,97.2301,97.2366,97.2221,97.3124,97.4478,97.5991,97.1347,97.0678,97.0368,96.8641,96.8135,96.6474,96.7895,96.7885,96.564,96.6447,96.7098,96.653,96.7748,96.9657,96.9207,96.859,96.5852,96.6153,96.6299,96.5125,96.8579,96.8107,96.9263,97.3139,97.3144,97.3791,97.4292,97.5441,97.8799,97.8423,97.9893,97.6297,97.6223,97.606,97.9182,97.9642,98.023,97.9015,97.7401,97.6959,97.8662,97.908,97.7258,97.6144,97.3477,97.3103,97.4888,97.7223,97.6518,97.6129,97.5698,97.8174,97.6014,97.9666,98.1244,98.0277,97.9639,98.0769,98.3315,98.4926,98.8972,98.9863,99.0099,99.002,98.808,99.0957,99.3207,99.2353,99.2292,98.7436,99.1293,99.2119,99.4488,99.7277,99.8024,99.7377,99.9177,99.8847,100.208,100.17,100.105,99.9044,99.9969,99.9883,100.136,100.331,100.148,100.077,100.26,100.216,100.366,100.418,100.366,100.14,100.229,100.933,100.614,100.298,100.394,100.481,100.392,100.312,100.958,100.838,100.847,101.344,101.676,101.58,101.806,101.971,102.126,101.707,102.114,101.541,101.602,101.759,102.423,102.177,101.94,101.994,102.129,101.453,101.956,102.009,102.019,101.416,101.638,101.911,101.905,102.037,102.518,102.174,102.455,102.539,103.34,103.435,103.187,103.538,103.629,103.625,103.988,103.485,103.7,103.656,103.627,104.529,104.585,104.665,104.649,104.896,104.922,104.523,104.505,104.79,104.046,103.953,103.468,104.176,103.641,103.576,103.59,103.301,103.202,103.703,103.906,104.295,103.588,103.825,104.096,104.245,104.741,104.91,105.23,104.746,104.865,105.315,105.818,106.303,106.949,106.419,107.246,106.647,107.011,107.473,107.36,107.257,107.423,106.998,106.915,106.041,106.941,107.011,106.087,106.094,106.091,106.022,106.665,107.52,106.902,106.699,106.905,107.22,106.621,106.617,107.188,107.03,106.242,107.395,106.942,106.327,107.251,108.538,109.133,108.524,108.376,109.163,108.035,107.693,109.247,109.056,108.996,108.437,108.694,108.534,108.061,108.81,109.724,108.275,107.537,107.124,107.971,108.091,108.363,109,108.841,109.498,110.105,111.696,111.615,111.147,110.21,110.59,110.723,111.365,110.6,111.234,109.947,110.23,109.046,110.727,110.218,110.153,110.036,109.369,109.355,108.658,109.602,110.876,111.117,111.3,111.657,111.228,112.624,112.576,114.601,114.35,113.214,111.755,111.538,112.002,112.047,110.428,109.089,108.557,108.87,109.39,111.47,111.662,111.677,112.25,113.389,114.812,114.135,113.382,113.182,113.19,111.606,110.138,109.897,111.86,111.314,112.337,113.83,117.778,119.143,120.909,122.014,122.785,124.879,123.999,125.583,123.351,121.036,119.728,119.681,119.063,120.621,117.578,119.332,120.042,121.541,119.623,116.168,118.039,117.046,116.904,116.155,117.023,115.557,111.838,112.08,111.291,108.342,110.151,107.487,107.369,107.387,110.388,112.978,116.957,115.866,119.174,118.353,117.516,114.297,113.589,106.808,108.712,105.961,108.245,113.296,118.117,122.773,125.451,120.473,122.388,121.168,119.857,125.214,121.83,118.136,120.231,121.302,124.355,124.841,123.318,122.855,120.64,116.139,116.139,112.903,113.727,115.209,116.455,119.339,122.489,123.8,127.29,126.028,121.752,123.916,120.569,122.573,125.618,126.984,125.17,118.335,112.436,115.276,114.304,119.087,119.301,111.087,107.767,111.75,114.859,119.702,122.419,118.165,115.928,109.33,111.643,114.303,104.885,103.625,103.784,107.29,107.958,111.622,114.056,117.016,112.273,115.417,113.987,111.724,106.793,105.749,100.692,101.559,101.495,101.971,104.484,104.045,103.898,101.831,103.114,106.176,103.995,99.4244,95.0573,90.9146,91.5275,90.4515,89.105,91.4255,90.547,91.166,89.9436,91.0193,92.5998,93.0863,93.8582,92.6295,86.9245,85.3755,80.7083,82.3395,84.3251,84.7512,86.9862,85.3355,84.2356,85.1067,83.9345,86.4979,87.4709,82.2151,82.1608,80.1384,82.9358,83.9456,85.1942,88.4618,89.9864,86.1319,90.4054,88.8855,87.9723,84.871,84.7458,83.676,81.307,83.0776,83.7533,83.1709,84.8324,83.647,85.8614,84.5588,82.8043,82.0883,79.2586,80.7869,81.2462,80.1902,78.9451,77.7046,76.5129,78.3395,79.3558,80.3718,79.328,79.9219,78.2638,78.7495,78.8404,80.4584,77.2279,75.489,74.3372,73.6563,72.2243,73.2759,73.4601,73.6384,73.8844,76.8926,78.7327,79.6369,79.8143,79.8176,80.2196,80.173,79.2797,79.3937,78.7672,76.324,77.1416,77.6002,76.3723,75.4198,75.0767,74.496,73.8879,73.121,72.78,71.6667,70.2601,71.1247,72.189,71.6771,72.1013,71.9627,71.7356,72.2472,73.2238,74.8099,75.8678,75.3034,76.3941,76.6986,77.1147,78.3865,77.9081,77.0026,75.6368,73.8085,72.4271,71.7179,71.1803,70.4504,69.2227,69.9017,68.4517,69.7732,71.6251,72.7497,72.1693,72.955,73.6071,73.309,73.8569,76.3201,75.6162,74.8527,73.1775,73.6098,73.3851,73.3728,73.5382,73.9447,72.7404,72.6194,71.5471,72.7485,73.8912,73.051,73.7909,74.6415,74.3819,73.3472,73.8219,75.0409,75.4229,74.2121,75.6861,74.9932,75.0404,75.1338,76.2092,74.9931,74.8753,75.1607,75.9463,75.565,75.2812,74.8744,73.6284,74.04,74.664,74.5256,72.3268,72.545,72.8853,73.343,73.1567,73.8595,-47.072,-262.632,-14.5836,14.6841,
W_3507A2/184_D_Faint_0.644_FL/IF,100.727,0.0432847,-0.586754,96.866,101.893,111.909,475.782,104.42,0.00447872,0.23841,0.588349,-85.7809,6562.9, ,75,-139.317,-155.903,30.8039,102.977,103.015,102.641,102.196,102.541,102.759,103.105,102.854,102.695,102.456,102.803,103.345,103.611,103.325,103.347,102.663,102.059,102.415,102.438,102.09,101.744,101.4,101.034,100.769,101.494,102.306,101.994,102.105,102.193,102.065,101.869,102.134,102.537,102.613,102.215,102.428,102.364,101.835,102.472,102.453,102.466,102.038,102.119,102.212,102.312,102.392,103.136,102.475,102.822,102.552,102.868,102.661,102.976,102.685,102.259,101.8,102.254,101.797,102.306,101.745,101.46,101.228,101.2,100.997,100.954,100.646,101.036,100.917,100.981,100.829,100.7,100.624,101.217,101.386,101.507,100.824,101.295,101.639,101.876,102.228,102.366,102.524,102.504,102.572,103.524,102.961,102.862,102.966,102.221,102.15,102.531,102.608,102.233,102.248,102.376,102.442,102.549,103.261,103.473,102.72,102.486,102.631,102.36,102.645,102.423,102.416,102.315,102.265,102.176,102.225,102.798,102.94,102.85,102.727,102.367,101.948,102.098,102.06,101.981,101.663,101.141,101.026,101.123,101.271,101.6,101.649,101.983,102.23,102.197,102.223,102.067,102.424,102.645,102.545,102.665,102.631,102.632,102.7,102.988,103.342,103.06,102.781,102.87,102.352,102.474,102.879,102.537,102.479,102.365,102.292,102.652,102.709,102.893,102.694,102.446,102.817,102.585,102.549,102.345,102.309,101.962,101.93,102.148,101.924,101.691,102.193,101.945,102.115,101.89,101.771,101.721,101.287,101.163,101.271,101.119,101.486,101.931,101.749,102.032,102.046,102.284,101.939,101.722,101.619,101.498,101.13,101.248,100.966,100.757,100.468,100.819,100.858,100.766,100.327,100.14,99.7723,99.997,100.336,100.839,100.853,100.647,100.925,101.11,101.459,101.843,101.935,101.993,101.571,101.712,101.733,101.659,101.65,101.283,101.304,100.975,101.011,101.099,101.063,101.051,100.823,100.649,100.907,100.869,100.725,100.21,99.9513,99.5173,99.7672,99.8647,100.175,99.9191,99.9113,100.078,100.299,100.363,100.409,100.464,100.495,100.177,100.383,100.257,100.267,100.21,100.062,100.065,99.8585,99.7134,99.6865,99.5727,99.7976,99.772,99.7384,99.8513,99.8134,99.7558,99.7467,99.688,99.6657,99.603,99.6938,99.8205,99.9447,100.115,100.352,100.52,100.735,100.942,101.137,101.307,101.471,101.536,101.541,101.391,101.381,101.395,101.471,101.601,101.707,101.803,101.987,102.232,102.549,102.759,102.909,102.952,102.975,103.001,103.047,103.153,103.189,103.257,103.255,103.26,103.293,103.33,103.302,103.256,103.236,103.233,103.213,103.228,103.225,103.232,103.24,103.241,103.271,103.238,103.208,103.198,103.167,103.14,103.087,103.018,103.02,102.979,102.968,102.971,102.969,102.968,102.962,102.956,102.96,102.956,102.958,102.925,102.896,102.864,102.826,102.795,102.809,102.788,102.771,102.761,102.753,102.767,102.752,102.765,102.769,102.758,102.773,102.753,102.752,102.766,102.728,102.746,102.715,102.706,102.66,102.645,102.641,102.624,102.629,102.634,102.577,102.58,102.573,102.573,102.557,102.534,102.515,102.507,102.48,102.49,102.492,102.485,102.471,102.462,102.455,102.465,102.451,102.459,102.459,102.442,102.421,102.415,102.415,102.421,102.401,102.396,102.395,102.409,102.41,102.401,102.414,102.413,102.387,102.376,102.344,102.343,102.315,102.292,102.306,102.307,102.283,102.277,102.271,102.291,102.28,102.263,102.272,102.253,102.203,102.204,102.188,102.192,102.169,102.139,102.139,102.124,102.117,102.126,102.114,102.12,102.097,102.068,102.067,102.052,102.047,102.046,102.048,102.035,102.013,102.009,102.027,102.024,102.022,102.004,101.979,101.972,101.963,101.965,101.955,101.935,101.919,101.919,101.921,101.92,101.909,101.892,101.892,101.869,101.885,101.905,101.9,101.886,101.891,101.888,101.909,101.905,101.92,101.912,101.91,101.898,101.91,101.905,101.903,101.876,101.871,101.874,101.874,101.825,101.815,101.794,101.785,101.776,101.771,101.774,101.774,101.739,101.766,101.779,101.784,101.777,101.791,101.789,101.77,101.731,101.724,101.7,101.695,101.686,101.684,101.665,101.682,101.684,101.711,101.728,101.715,101.704,101.718,101.722,101.732,101.72,101.717,101.697,101.665,101.695,101.683,101.655,101.663,101.636,101.64,101.64,101.628,101.642,101.615,101.617,101.648,101.616,101.635,101.633,101.633,101.642,101.657,101.657,101.662,101.616,101.618,101.607,101.606,101.603,101.61,101.613,101.624,101.612,101.654,101.658,101.654,101.648,101.645,101.644,101.62,101.607,101.609,101.598,101.617,101.623,101.64,101.634,101.625,101.613,101.623,101.647,101.633,101.613,101.629,101.602,101.61,101.614,101.635,101.648,101.612,101.617,101.62,101.598,101.627,101.608,101.619,101.62,101.611,101.624,101.647,101.663,101.656,101.654,101.672,101.674,101.663,101.684,101.686,101.661,101.646,101.649,101.627,101.641,101.635,101.641,101.64,101.663,101.679,101.676,101.685,101.706,101.697,101.713,101.718,101.717,101.719,101.694,101.713,101.73,101.726,101.702,101.687,101.693,101.678,101.666,101.685,101.69,101.688,101.694,101.705,101.731,101.749,101.739,101.739,101.724,101.718,101.721,101.7,101.711,101.692,101.683,101.71,101.702,101.744,101.734,101.73,101.762,101.771,101.775,101.769,101.775,101.81,101.803,101.796,101.799,101.788,101.799,101.805,101.805,101.777,101.775,101.773,101.803,101.816,101.843,101.849,101.848,101.864,101.886,101.857,101.873,101.894,101.905,101.892,101.883,101.902,101.906,101.888,101.915,101.911,101.893,101.877,101.884,101.897,101.893,101.907,101.952,101.939,101.928,101.926,101.941,101.937,101.973,101.971,101.931,101.951,101.967,102.002,102.044,102.051,102.09,102.073,102.06,102.135,102.1,102.118,102.148,102.13,102.153,102.109,102.117,102.125,102.109,102.139,102.137,102.112,102.098,102.06,102.097,102.108,102.146,102.104,102.105,102.125,102.133,102.127,102.131,102.104,102.104,102.074,102.152,102.169,102.134,102.101,102.12,102.171,102.18,102.198,102.231,102.2,102.175,102.22,102.233,102.211,102.231,102.264,102.249,102.253,102.282,102.298,102.286,102.314,102.396,102.304,102.276,102.34,102.318,102.305,102.335,102.395,102.445,102.428,102.486,102.58,102.498,102.556,102.45,102.431,102.376,102.295,102.248,102.237,102.15,102.109,102.074,102.152,102.178,102.18,102.266,102.309,102.38,102.552,102.569,102.602,102.692,102.621,102.735,102.621,102.589,102.594,102.468,102.469,102.512,102.516,102.598,102.428,102.456,102.57,102.621,102.536,102.657,102.64,102.721,102.658,102.691,102.689,102.683,102.604,102.6,102.599,102.722,102.677,102.611,102.723,102.801,102.818,102.842,102.987,102.882,102.682,102.483,102.717,102.492,102.328,102.217,102.23,102.194,102.081,102.062,102.189,101.992,102.161,102.342,102.439,102.243,102.248,102.385,102.498,102.616,102.516,102.531,102.679,102.808,102.961,102.988,102.97,103.097,103.119,103.378,103.525,103.429,103.419,103.41,103.5,103.586,103.387,103.25,103.18,103.091,102.88,102.546,102.536,102.382,102.411,102.383,102.458,102.646,102.477,102.821,103.087,103.029,103.149,103.294,103.315,103.585,103.368,103.811,103.761,103.456,103.567,103.485,103.333,103.189,102.789,103.037,102.612,102.511,102.586,102.634,102.792,102.507,102.629,103.112,102.941,103.02,103.075,103.498,103.558,103.518,103.846,104.112,103.779,103.678,103.992,103.689,103.611,103.304,103.22,103.148,102.979,102.813,102.972,102.646,103.31,103.059,103.412,103.48,103.514,103.455,103.694,103.531,103.423,102.917,102.976,102.622,102.419,102.101,101.971,101.941,102.118,102.441,102.259,102.262,102.185,102.25,102.541,102.508,102.258,102.217,101.922,102.066,101.938,102.241,102.343,102.122,102.25,102.187,102.129,102.16,102.418,102.003,101.687,101.517,101.495,101.506,101.541,101.482,101.231,100.864,101.392,101.426,101.787,101.941,102.142,102.561,102.638,103.045,103.383,103.321,103.573,103.141,103.55,103.336,103.003,102.88,102.459,102.089,102.347,102.305,102.209,101.496,101.599,101.721,101.637,101.934,102.386,101.494,101.389,101.793,101.948,101.63,101.511,101.475,101.553,101.324,101.816,102.009,101.585,101.991,102.209,101.959,102.035,102.069,102.154,102.274,102.331,102.794,102.391,101.749,102.249,102.33,101.914,101.644,101.538,101.466,101.281,101.55,102.515,102.375,102.286,102.662,102.63,102.741,102.534,102.451,102.124,101.887,101.862,102.121,101.84,101.883,102.099,102.369,102.647,103.131,103.15,103.448,103.362,103.723,103.825,103.721,104.041,103.848,103.81,103.642,103.54,103.242,103.56,103.487,103.498,103.053,103.463,103.236,103.123,103.17,103.303,102.951,103.144,103.29,103.602,103.29,103.434,103.831,103.649,113.407,-21.8182,41.9484,57.5741,
F_3507A2/184_D_Faint_0.644_FL/IF,103.688,5.1421,-53.6297,122.333,109.845,86.3234,469.298,300.756,0.170057,2.26693,53.8756,-84.5231,3617.69, ,60,2.32074,1267.84,-76.5134,99.7698,100.179,100.519,100.253,100.366,101.323,101.996,103.1,103.07,102.73,102.517,101.84,102.087,101.586,101.126,101.68,101.354,101.981,102.461,103.556,104.552,104.885,104.484,104.526,103.784,103.184,102.737,102.163,100.996,100.076,100.595,101.729,101.68,101.478,101.446,101.608,101.406,101.651,101.705,101.226,101.006,100.815,100.441,100.807,100.68,100.495,100.403,100.434,100.491,99.7428,99.4494,100.158,100.157,99.7181,100.215,100.273,100.447,100.621,101.74,101.682,101.119,100.648,101.639,101.947,102.632,103.631,102.837,102.567,102.932,103.317,103.541,103.719,102.603,102.269,100.979,101.338,101.423,101.644,101.842,102.532,101.696,102.942,102.652,103.126,102.806,102.391,101.856,101.412,100.819,101.333,101.028,101.188,100.918,101.049,101.241,101.35,101.379,101.427,101.452,101.878,102.014,102.092,102.665,102.988,103.093,103.253,103.221,103.248,102.521,102.059,101.763,101.601,101.064,100.932,100.775,101.046,101.208,101.286,101.598,101.729,101.935,102.452,102.941,103.379,102.934,102.956,103.18,103.08,103.232,102.572,102.122,101.953,101.81,102.132,101.333,101.214,101.352,101.331,101.182,101.065,100.583,100.497,100.351,100.427,100.281,99.9459,100.252,100.123,100.046,100.136,100.31,100.109,100.505,100.498,100.633,100.198,100.499,100.365,100.614,100.713,100.807,101.042,101.116,100.899,101.151,101.435,101.915,102.07,101.964,102.235,101.641,101.483,101.714,101.889,101.662,101.436,101.217,101.376,101.253,101.524,101.683,101.766,101.422,101.191,101.157,101.202,100.955,100.95,100.983,101.152,101.165,101.329,101.676,101.839,101.902,101.935,101.984,102.029,101.889,101.901,101.911,101.924,101.962,102.068,102.041,101.979,101.936,101.91,101.857,101.853,101.838,101.826,101.801,101.786,101.769,101.735,101.704,101.677,101.654,101.569,101.493,101.399,101.302,101.21,101.142,101.039,100.967,100.812,100.759,100.676,100.614,100.572,100.53,100.464,100.441,100.358,100.34,100.331,100.32,100.315,100.299,100.234,100.191,100.264,100.28,100.333,100.317,100.359,100.421,100.479,100.691,100.803,100.849,100.895,101.062,101.461,101.627,101.715,102.091,102.363,102.823,103.142,103.929,104.788,105.668,106.996,108.342,109.935,111.634,113.837,117.998,124.065,132.094,138.884,143.794,148.547,152.749,156.725,160.81,162.848,162.991,160.339,160.254,163.127,167.82,173.513,180.863,188.728,197.186,205.195,213.005,219.291,224.134,226.984,228.324,228.647,227.116,225.444,224.066,224.785,226.657,230.301,235.004,239.353,242.011,245.567,248.083,249.827,249.994,248.669,246.621,243.458,241.446,240.766,239.681,239.458,240.419,240.726,242.385,243.814,246.195,247.807,248.738,249.014,248.512,246.648,246.321,244.344,242.41,240.124,237.781,235.359,233.961,232.616,232.02,229.879,228.692,227.919,226.35,225.329,224.257,223.152,221.298,219.246,217.591,215.844,213.763,212.097,209.906,208.227,206.135,204.299,203.053,201.689,199.803,198.142,196.417,194.92,193.265,191.106,189.649,187.851,185.859,184.281,182.169,180.087,177.915,175.746,174.285,172.417,170.17,168.5,166.872,165.353,163.831,162.337,161.337,159.902,158.381,156.909,155.239,153.488,151.864,150.52,149.679,147.965,146.507,145.21,143.93,142.742,142.102,141.03,139.755,138.323,137.325,136.72,136.16,135.667,134.97,133.723,133.162,132.565,131.862,131.268,130.22,129.002,128.054,127.077,126.433,125.623,124.849,124.023,123.169,122.423,122.037,121.44,120.721,119.818,118.896,118.584,118.128,117.643,117.317,116.739,116.271,116.07,115.873,115.873,115.183,114.885,114.831,114.47,114.223,113.832,113.176,112.978,112.435,112.312,112.093,111.465,110.94,110.585,110.437,110.456,110.394,110.26,110.158,109.924,109.83,109.877,109.511,109.174,109.225,108.779,108.745,108.478,108.238,108.085,107.854,108.015,107.918,107.812,107.933,107.832,107.554,107.603,107.324,107.255,107.106,106.851,106.469,106.327,106.079,106.392,106.173,106.056,106.167,105.92,105.921,106.054,105.926,105.856,105.492,105.487,105.563,105.502,105.366,105.043,105.053,104.974,105.098,104.736,104.937,105.002,104.712,104.907,105.015,104.801,104.793,104.898,105.381,105.124,104.98,105.018,105.088,105.393,105.197,105.239,104.891,104.679,104.82,104.794,104.83,104.965,104.712,104.873,104.739,104.889,104.761,104.601,104.824,104.542,104.436,104.68,104.614,104.093,103.956,103.957,103.732,103.802,104.21,103.996,103.699,104.17,104.724,104.722,104.903,104.85,104.45,104.236,104.272,104.343,104.106,104.039,104.091,104.192,104.189,104.301,104.442,104.618,104.913,104.819,104.752,104.874,104.318,104.682,104.662,104.232,104.173,104.006,103.662,103.927,103.909,104.081,103.614,103.392,104.013,103.663,103.685,103.805,103.75,103.317,103.429,103.543,103.931,103.166,103.5,103.708,103.604,103.675,103.567,104.207,104.598,104.598,105.703,105.7,105.51,105.678,105.607,105.741,105.012,104.86,105.54,104.785,104.848,104.564,105.075,104.902,105.096,105.247,105.256,104.557,104.443,104.278,104.985,104.285,104.457,104.564,104.465,104.451,104.59,105.381,105.406,104.749,104.758,104.415,104.03,104.209,104.374,104.69,103.699,103.98,104.265,104.642,104.782,104.914,105.501,104.563,103.731,105.106,104.149,104.49,104.548,104.772,105.57,105.013,105.568,105.848,105.274,105.733,105.217,104.742,104.506,104.517,104.625,104.819,105.136,104.082,103.576,103.905,104.41,104.995,104.987,105.024,105.506,105.069,106.35,107.609,107.343,107.188,106.928,106.89,106.648,106.197,106.303,106.699,106.198,106.536,105.552,106.24,105.325,106.719,107.795,107.689,108.254,108.004,106.944,107.452,107.378,106.585,105.261,104.149,105.123,103.543,105.277,106.29,108.156,107.209,107.281,108.278,108.866,108.731,107.938,107.381,107.825,107.212,108.027,110.705,110.787,111.43,111.897,112.093,111.726,110.418,111.146,109.261,108.218,107.504,107.109,106.14,107.058,106.831,107.447,106.667,108.251,109.156,110.081,109.063,109.171,109.99,109.369,110.004,110.089,108.824,107.326,105.443,105.148,106.234,107.327,108.583,106.656,107.485,110.493,112.577,113.867,115.957,113.807,114.554,112.653,115.343,114.156,114.841,114.819,115.233,114.526,116.215,111.566,111.342,109.392,110.134,106.15,102.571,104.976,104.783,103.299,106.268,110.295,111.412,109.708,112.249,113.199,109.477,107.154,109.371,108.043,105.819,109.036,109.059,111.896,113.697,118.268,118.271,115.41,114.8,115.836,110.757,113.33,110.21,113.529,108.637,110.738,112.04,115.595,108.895,107.281,105.957,107.976,104.832,110.742,112.807,113.97,110.47,115.299,117.311,116.727,111.24,110.531,105.43,102.402,100.849,103.409,106.118,106.164,107.843,114.461,115.71,118.571,118.378,119.248,122.982,119.233,122.878,128.247,129.269,130.494,125.14,123.04,122.412,120.238,129.084,132.644,122.679,116.503,117.117,115.203,120.552,124.896,120.056,110.582,106.486,111.057,116.805,111.481,116.94,116.367,115.491,118.937,129.386,129.007,133.162,124.579,124.909,119.165,119.08,118.832,113.216,109.038,108.725,106.722,109.927,114.481,116.1,113.491,113.171,114.417,113.171,115.07,116.589,112.529,107.911,110.844,109.933,108.896,111.777,111.468,111.196,103.946,107.051,113.033,108.896,110.131,110.172,105.23,103.843,99.4337,99.4525,104.086,99.7936,104.303,102.956,99.803,101.876,102.512,103.844,106.005,99.1911,102.856,100.397,103.672,105.624,103.041,105.67,106.893,103.675,107.356,104.661,104.864,106.421,105.999,106.787,105.046,105.188,109.174,106.877,107.38,106.918,104.317,105.268,107.047,104.634,105.037,106.061,105.857,104.508,104.017,104.07,103.265,104.627,106.76,105.773,104.353,105.646,105.871,105.349,106.61,107.62,104.592,103.901,103.051,103.82,103.351,105.125,105.417,102.625,102.625,104.091,103.109,104.007,103.561,102.186,101.215,102.043,102.273,103.113,105.192,106.412,106.919,106.231,106.828,105.518,105.468,105.439,104.024,101.855,99.615,100.248,99.4086,99.7206,101.189,100.036,100.983,100.976,101.793,103.487,103.677,104.837,106.523,105.941,106.681,106.239,106.22,106.035,105.868,105.009,104.262,102.404,102.575,102.184,100.237,100.838,99.9349,98.9668,99.078,101.014,102.729,101.71,102.195,104.061,104.119,103.594,104.868,103.797,103.101,101.532,101.919,101.627,101.735,101.081,100.51,99.747,100.896,99.3681,98.7108,98.5358,99.6572,99.0145,99.7545,102.377,103.23,103.513,103.125,105.763,105.763,104.861,106.724,105.803,104.659,104.999,104.615,106.61,105.126,107.312,106.514,106.228,107.237,105.26,104.151,104.227,103.325,103.212,100.867,102.084,101.722,100.641,102.305,102.565,51.9478,106.661,-348.467,47.9917,
W_Calibration,100,0,0,95.0422,100,108.876,565.016,99.9909,1.74827e-05,0.00127928,0,0,6504.1, ,100,100,100,100,100,100,100,100,100,100,100,100,100,100,100,100,100,100,100,100,100,100,100,100,100,100,100,100,100,100,100,100,100,100,100,100,100,100,100,100,100,100,100,100,100,100,100,100,100,100,100,100,100,100,100,100,100,100,100,100,100,100,100,100,100,100,100,100,100,100,100,100,100,100,100,100,100,100,100,100,100,100,100,100,100,100,100,100,100,100,100,100,100,100,100,100,100,100,100,100,100,100,100,100,100,100,100,100,100,100,100,100,100,100,100,100,100,100,100,100,100,100,100,100,100,100,100,100,100,100,100,100,100,100,100,100,100,100,100,100,100,100,100,100,100,100,100,100,100,100,100,100,100,100,100,100,100,100,100,100,100,100,100,100,100,100,100,100,100,100,100,100,100,100,100,100,100,100,100,100,100,100,100,100,100,100,100,100,100,100,100,100,100,100,100,100,100,100,100,100,100,100,100,100,100,100,100,100,100,100,100,100,100,100,100,100,100,100,100,100,100,100,100,100,100,100,100,100,100,100,100,100,100,100,100,100,100,100,100,100,100,100,100,100,100,100,100,100,100,100,100,100,100,100,100,100,100,100,100,100,100,100,100,100,100,100,100,100,100,100,100,100,100,100,100,100,100,100,100,100,100,100,100,100,100,100,100,100,100,100,100,100,100,100,100,100,100,100,100,100,100,100,100,100,100,100,100,100,100,100,100,100,100,100,100,100,100,100,100,100,100,100,100,100,100,100,100,100,100,100,100,100,100,100,100,100,100,100,100,100,100,100,100,100,100,100,100,100,100,100,100,100,100,100,100,100,100,100,100,100,100,100,100,100,100,100,100,100,100,100,100,100,100,100,100,100,100,100,100,100,100,100,100,100,100,100,100,100,100,100,100,100,100,100,100,100,100,100,100,100,100,100,100,100,100,100,100,100,100,100,100,100,100,100,100,100,100,100,100,100,100,100,100,100,100,100,100,100,100,100,100,100,100,100,100,100,100,100,100,100,100,100,100,100,100,100,100,100,100,100,100,100,100,100,100,100,100,100,100,100,100,100,100,100,100,100,100,100,100,100,100,100,100,100,100,100,100,100,100,100,100,100,100,100,100,100,100,100,100,100,100,100,100,100,100,100,100,100,100,100,100,100,100,100,100,100,100,100,100,100,100,100,100,100,100,100,100,100,100,100,100,100,100,100,100,100,100,100,100,100,100,100,100,100,100,100,100,100,100,100,100,100,100,100,100,100,100,100,100,100,100,100,100,100,100,100,100,100,100,100,100,100,100,100,100,100,100,100,100,100,100,100,100,100,100,100,100,100,100,100,100,100,100,100,100,100,100,100,100,100,100,100,100,100,100,100,100,100,100,100,100,100,100,100,100,100,100,100,100,100,100,100,100,100,100,100,100,100,100,100,100,100,100,100,100,100,100,100,100,100,100,100,100,100,100,100,100,100,100,100,100,100,100,100,100,100,100,100,100,100,100,100,100,100,100,100,100,100,100,100,100,100,100,100,100,100,100,100,100,100,100,100,100,100,100,100,100,100,100,100,100,100,100,100,100,100,100,100,100,100,100,100,100,100,100,100,100,100,100,100,100,100,100,100,100,100,100,100,100,100,100,100,100,100,100,100,100,100,100,100,100,100,100,100,100,100,100,100,100,100,100,100,100,100,100,100,100,100,100,100,100,100,100,100,100,100,100,100,100,100,100,100,100,100,100,100,100,100,100,100,100,100,100,100,100,100,100,100,100,100,100,100,100,100,100,100,100,100,100,100,100,100,100,100,100,100,100,100,100,100,100,100,100,100,100,100,100,100,100,100,100,100,100,100,100,100,100,100,100,100,100,100,100,100,100,100,100,100,100,100,100,100,100,100,100,100,100,100,100,100,100,100,100,100,100,100,100,100,100,100,100,100,100,100,100,100,100,100,100,100,100,100,100,100,100,100,100,100,100,100,100,100,100,100,100,100,100,100,100,100,100,100,100,100,100,100,100,100,100,100,100,100,100,100,100,100,100,100,100,100,100,100,100,100,100,100,100,100,100,100,100,100,100,100,100,100,100,100,100,100,100,100,100,100,100,100,100,100,100,100,100,100,100,100,100,100,100,100,100,100,100,100,100,100,100,100,100,100,100,100,100,100,100,100,100,100,100,100,100,100,100,100,100,100,100,100,100,100,100,100,100,100,100,100,100,100,100,100,100,100,100,100,100,100,100,100,100,100,100,100,100,100,100,100,100,100,100,100,100,100,100,100,100,100,100,100,100,100,100,100,100,100,100,100,100,100,100,100,100,100,100,100,100,100,100,100,100,100,100,100,100,100,100,100,100,100,100,100,100,100,100,100,100,100,100,100,100,100,100,100,100,100,100,100,
F_Calibration,100,0,0,108.104,100,39.2965,491.07,99.9909,0.000170256,0.00127928,0,0,3000.62, ,100,100,100,100,100,100,100,100,100,100,100,100,100,100,100,100,100,100,100,100,100,100,100,100,100,100,100,100,100,100,100,100,100,100,100,100,100,100,100,100,100,100,100,100,100,100,100,100,100,100,100,100,100,100,100,100,100,100,100,100,100,100,100,100,100,100,100,100,100,100,100,100,100,100,100,100,100,100,100,100,100,100,100,100,100,100,100,100,100,100,100,100,100,100,100,100,100,100,100,100,100,100,100,100,100,100,100,100,100,100,100,100,100,100,100,100,100,100,100,100,100,100,100,100,100,100,100,100,100,100,100,100,100,100,100,100,100,100,100,100,100,100,100,100,100,100,100,100,100,100,100,100,100,100,100,100,100,100,100,100,100,100,100,100,100,100,100,100,100,100,100,100,100,100,100,100,100,100,100,100,100,100,100,100,100,100,100,100,100,100,100,100,100,100,100,100,100,100,100,100,100,100,100,100,100,100,100,100,100,100,100,100,100,100,100,100,100,100,100,100,100,100,100,100,100,100,100,100,100,100,100,100,100,100,100,100,100,100,100,100,100,100,100,100,100,100,100,100,100,100,100,100,100,100,100,100,100,100,100,100,100,100,100,100,100,100,100,100,100,100,100,100,100,100,100,100,100,100,100,100,100,100,100,100,100,100,100,100,100,100,100,100,100,100,100,100,100,100,100,100,100,100,100,100,100,100,100,100,100,100,100,100,100,100,100,100,100,100,100,100,100,100,100,100,100,100,100,100,100,100,100,100,100,100,100,100,100,100,100,100,100,100,100,100,100,100,100,100,100,100,100,100,100,100,100,100,100,100,100,100,100,100,100,100,100,100,100,100,100,100,100,100,100,100,100,100,100,100,100,100,100,100,100,100,100,100,100,100,100,100,100,100,100,100,100,100,100,100,100,100,100,100,100,100,100,100,100,100,100,100,100,100,100,100,100,100,100,100,100,100,100,100,100,100,100,100,100,100,100,100,100,100,100,100,100,100,100,100,100,100,100,100,100,100,100,100,100,100,100,100,100,100,100,100,100,100,100,100,100,100,100,100,100,100,100,100,100,100,100,100,100,100,100,100,100,100,100,100,100,100,100,100,100,100,100,100,100,100,100,100,100,100,100,100,100,100,100,100,100,100,100,100,100,100,100,100,100,100,100,100,100,100,100,100,100,100,100,100,100,100,100,100,100,100,100,100,100,100,100,100,100,100,100,100,100,100,100,100,100,100,100,100,100,100,100,100,100,100,100,100,100,100,100,100,100,100,100,100,100,100,100,100,100,100,100,100,100,100,100,100,100,100,100,100,100,100,100,100,100,100,100,100,100,100,100,100,100,100,100,100,100,100,100,100,100,100,100,100,100,100,100,100,100,100,100,100,100,100,100,100,100,100,100,100,100,100,100,100,100,100,100,100,100,100,100,100,100,100,100,100,100,100,100,100,100,100,100,100,100,100,100,100,100,100,100,100,100,100,100,100,100,100,100,100,100,100,100,100,100,100,100,100,100,100,100,100,100,100,100,100,100,100,100,100,100,100,100,100,100,100,100,100,100,100,100,100,100,100,100,100,100,100,100,100,100,100,100,100,100,100,100,100,100,100,100,100,100,100,100,100,100,100,100,100,100,100,100,100,100,100,100,100,100,100,100,100,100,100,100,100,100,100,100,100,100,100,100,100,100,100,100,100,100,100,100,100,100,100,100,100,100,100,100,100,100,100,100,100,100,100,100,100,100,100,100,100,100,100,100,100,100,100,100,100,100,100,100,100,100,100,100,100,100,100,100,100,100,100,100,100,100,100,100,100,100,100,100,100,100,100,100,100,100,100,100,100,100,100,100,100,100,100,100,100,100,100,100,100,100,100,100,100,100,100,100,100,100,100,100,100,100,100,100,100,100,100,100,100,100,100,100,100,100,100,100,100,100,100,100,100,100,100,100,100,100,100,100,100,100,100,100,100,100,100,100,100,100,100,100,100,100,100,100,100,100,100,100,100,100,100,100,100,100,100,100,100,100,100,100,100,100,100,100,100,100,100,100,100,100,100,100,100,100,100,100,100,100,100,100,100,100,100,100,100,100,100,100,100,100,100,100,100,100,100,100,100,100,100,100,100,100,100,100,100,100,100,100,100,100,100,100,100,100,100,100,100,100,100,100,100,100,100,100,100,100,100,100,100,100,100,100,100,100,100,100,100,100,100,100,100,100,100,100,100,100,100,100,100,100,100,100,100,100,100,100,100,100,100,100,100,100,100,100,100,100,100,100,100,100,100,100,100,100,100,100,100,100,100,100,100,100,100,100,100,100,100,100,100,100,100,100,100,100,100,100,100,100,100,100,100,100,100,100,100,100,100,100,100,100,100,100,100,100,100,
W_3484A2/81_G_Faint_0.501_SI1,632.964,-11.8939,38.9089,16430.5,17510,17143.7,571.324,17479.6,0.0634323,0.0140056,40.6862,106.998,5986.95, ,66.6667,55.336,48.0905,47.1092,11503.5,14539.6,25540.7,17564.5,17199.1,14726.6,33306.9,44507,-1.605e+07,21262.2,16848.8,13044.4,16844.6,11592.6,13096,9059.48,8520.06,7749.88,10561.9,19630.5,31911.4,13086.8,20059.6,15072.4,12847.6,15151,12890.1,11242.9,7416.13,6669.49,7364.99,7540.32,9350.72,12257.1,11449.6,12485.1,18796.7,19749.7,37833,35186.9,35217.7,23056.3,19347.2,19355.6,25911,29430.4,25046.1,14521.6,15488.3,13446.8,12865,11209.8,11784.4,8912.01,7805.39,8920.95,9327.47,10347.1,9817.22,9671.54,9901.88,11283.3,14917.8,13509.9,11781,10079.3,9438.35,9469.94,10828.4,11822.7,9626.15,10041.8,9268.03,10187.4,11262.6,11807.2,13260,12207.6,12260.8,11347.7,11392.8,12169.9,11485,10521.7,10203.5,9611.13,9111.78,8930.49,9228.5,8898.15,9634.23,9545.98,9899.96,9359.46,9167.81,8157.1,9669.57,10387.3,10942.8,11360.2,12547.4,12369,14678.2,16927.5,26504.5,22203.5,25642,27914.5,23294.2,19892.6,22673.9,19443.9,22196.9,23010.8,17797.3,15867,14970.7,16796.9,19165.7,19179.2,23774.8,18251.4,22234.6,26422.6,20390.3,16226.3,13780.7,14086.3,16804,15405,16533.3,13292.4,15554,17134.4,18926.2,25516.8,24792.3,17281,15200.6,14944.5,15954.2,13201.4,15992.5,15076.5,13996.3,14300.1,17279.1,19095.7,22470.9,18707.7,17913.9,18893.2,35287.8,37079.9,31237.2,31413.4,34248.1,23983.3,20316.9,26463.7,17711,13099.6,12972.2,13438.1,10647.6,10713.4,12156,14144.9,13278.7,13728.2,12977.7,13432,13085.6,14733.7,16154.9,12474.4,12540.6,12245.1,12032.7,12621.2,10841,11968.2,12599.5,11762.9,14985.6,14879.4,14183.4,17190.5,19568.1,20656.7,16918.5,21586.7,20093,19183.6,23924.4,40117.4,27793.3,20942.6,20021.3,19240.9,16825.3,17353.6,14291.3,15279.4,13231.2,16594,17324,18092.7,18622.6,20488.1,21109.5,25213.1,19894.7,17614.2,16044.8,15284,17297.4,18790,17226.2,18260.8,17068.2,16604.8,17943.5,17560.7,20418.1,17956.4,16645.7,17131.4,14836.6,14844.2,15156.7,15732.5,14974.1,14250.6,13896.5,15093.1,15314.9,17335.7,19385.9,18607.7,17976.2,18343.4,18557.3,19422.6,18779.8,18465.7,17857.5,17512.9,17567.3,18056.3,18300.7,18491,18520.7,18876.1,18931.3,19087.1,19140,19284,19233.6,19426.3,19617,19833,19981.8,20182.6,20387.8,20546.9,20700.2,20951,20998.1,21056.1,21071.2,20977.6,20784.8,20419.3,20355.1,20336.2,20012.8,19830.2,19750.9,19605.5,19390.9,19308.5,19194.4,18763.2,18322.1,17953,17533.2,16970.3,16414.9,16065,15714.5,15512.3,15277,15014.6,14853.6,14638.2,14427.1,14152,13748.1,13460.3,13236.9,13141.7,13025.8,12865.2,12694.3,12548.9,12435.4,12419.1,12311.1,12145,11927.2,11716.3,11519.5,11362.5,11234.8,11164.5,11052.9,10994.3,10998.8,11026.8,11109.4,11268.8,11448,11677.4,11907.8,12233.7,12564.3,12914.3,13283.4,13675.3,14063.6,14462,14804.2,15169.2,15465.8,15816.5,16108.3,16429.1,16718.9,16967.3,17261.9,17554,17799.7,18095.5,18354,18639.8,18900.9,19209.4,19423.5,19660.7,19829.7,20071.1,20234.4,20375.2,20469.8,20598.8,20626.7,20745.5,20824.5,20942.3,21018.3,21112.4,21171.5,21261.3,21303.9,21296.4,21315.3,21254.8,21245.7,21163,21142.3,21106.4,21084.4,21018.9,20979.2,20957.9,20917.4,20883.5,20841.3,20758.3,20713.1,20664.2,20600.5,20555.3,20445.5,20315.1,20146.9,20042.1,19889.6,19778.4,19613,19479.9,19382.9,19262.1,19105.7,19029.5,18874.1,18801.1,18675.9,18595.3,18528.2,18426.7,18275,18241.5,18177.1,18165,18088.8,18036.3,18011.3,17923.9,17897.9,17912.2,17874.8,17842.5,17833.5,17844.9,17847.3,17830.5,17861.5,17828.7,17863,17880.2,17854.4,17831,17811.5,17787.4,17776.9,17747.3,17739.5,17701.7,17676.5,17658.9,17614.7,17557.3,17416.2,17200.7,16958.2,16733.8,16536.3,16346.4,16126.6,15877.9,15580.7,15505.1,15503.9,15554.6,15649.2,15694.5,15790,15934.8,16143.9,16413,16561.4,16643.1,16705.3,16730.4,16804.7,16780,16807.4,16778.5,16775.5,16738.2,16718.1,16733.4,16721.3,16683.9,16696.9,16636.2,16637.8,16650.4,16668.3,16679.1,16686.8,16699.2,16698.6,16678.9,16674.8,16658.5,16635.9,16620.7,16617.4,16558.1,16477.1,16436.3,16456.9,16402.6,16377.4,16361.3,16307.5,16255.6,16254.9,16218,16195.2,16141.4,16203.5,16193,16202.7,16219.6,16307.9,16397.2,16529,16613.3,16686.6,16727,16816.7,16861.2,16978.6,17018.4,17063.9,17157,17211,17287,17329.1,17410,17502.6,17519.5,17552.8,17589.5,17622.2,17684,17719.9,17796.4,17819.5,17841.4,17882.4,17881.7,17773.9,17475.4,17135.4,16947,16868.3,16879.7,16882,16915,17043.3,17274.2,17647.5,18122.9,18476.8,18722.2,18834.9,19012.8,19176.5,19225.3,19308.6,19372.2,19440.1,19551.8,19653,19701.7,19795.5,19855,19944.8,19946.2,20049.1,20159.8,20241.1,20311,20458.2,20501.5,20584.8,20709.9,20842.1,20966.1,21065.5,21136.2,21154.7,21233.7,21290.7,21281.9,21311.6,21348.1,21363.2,21353.7,21433.8,21582.2,21651.4,21762.6,21869.8,21925.2,21946.5,22020.6,22070.9,22100.8,22079.3,22127.7,22115.7,22208.2,22263.3,22328.9,22251.9,22316.1,22330.2,22327.8,22297.1,22251.6,22125.9,22057.5,22028.1,22005.4,21947.2,21859.6,21825.9,21749.8,21745.1,21741.4,21700.6,21644.6,21566.4,21518.6,21407.3,21295.2,21241.6,21132.6,21055.4,20985.2,20886,20872.9,20766.8,20694.6,20614.7,20436.2,20282.7,20132.3,19943.9,19741.5,19589.3,19412.9,19294.8,19129.9,19034.6,18887.5,18695.9,18538.7,18387,18188.5,17976.5,17724.8,17524.8,17206.9,16913.7,16627.4,16296.8,16015.7,15736.8,15489,15287.3,15014.9,14823.8,14646.9,14388.6,14124.2,13788.9,13418.2,13013.6,12507.2,12075.3,11636.5,11198,10814.1,10475.5,10182.5,9867.48,9621.3,9476.42,9376.96,9312.82,9296.73,9363,9439.09,9557.09,9745.74,9929.64,10012.7,9967.86,9872.03,9721.91,9536.96,9368.12,9162.33,8956.52,8738.57,8550.98,8391.36,8282.09,8173.7,8032.42,7847.72,7617.68,7377.42,7076.35,6807.1,6547.1,6294.49,6058.43,5800.83,5552.96,5351.26,5154.6,5003.49,4831.92,4678.05,4518.55,4355.32,4204.41,4068.86,3940.65,3812.13,3685.33,3582.04,3473.79,3379.98,3284.59,3205.62,3115,3027.23,2958.15,2893.36,2822.82,2768.41,2706.36,2652.11,2598.73,2556.19,2519.78,2531.89,2598.44,2702.59,2799.27,2898.66,3000.51,3105.31,3208.16,3281.42,3201.47,3012.12,2780.87,2561.63,2375.4,2215.83,2076.81,1955.94,1845.48,1762.61,1691.05,1632.35,1593.66,1553.28,1519.46,1486.74,1453.31,1429.28,1404.56,1381.09,1357.14,1332.6,1313.96,1291.96,1269.89,1252.13,1234.62,1218.26,1206.44,1196.45,1186.76,1179.85,1175.44,1170.72,1164.2,1156.92,1146.32,1130.97,1114.47,1090.68,1069.5,1051.96,1034.49,1016.33,1000.25,986.407,973.016,960.471,952.021,941.459,928.046,912.995,901.353,886.173,866.97,849.579,835.424,822.129,808.39,793.444,783.451,766.353,755.855,754.261,762.851,774.466,794.419,820.728,851.246,879.985,924.489,965.709,994.872,995.158,975.304,942.13,917.646,904.213,887.312,859.511,822.784,788.56,759.713,747.693,741.665,724.356,697.712,677.109,661.282,653.704,651.584,648.276,637.227,621.253,596.963,578.225,557.587,540.494,520.966,502.284,483.867,466.403,451.057,436.931,421.625,409.645,399.869,392.206,381.606,374.921,368.38,363.789,360.825,361.692,360.415,357.074,353.609,352.359,350.013,352.219,352.09,352.749,348.76,344.641,340.379,336.906,333.362,329.288,322.75,315.575,311.039,306.919,303.31,299.696,297.402,295.113,297.166,297.081,296.407,295.651,293.652,293.402,293.84,292.061,290.544,287.258,284.21,283.898,281.151,281.115,279.385,278.149,277.945,278.118,276.008,275.822,275.801,276.606,277.308,277.517,277.464,277.968,278.587,278.856,278.758,278.333,278.996,277.965,279.103,281.098,283.326,283.197,285.998,292.579,300.113,309.02,322.257,338.19,356.897,377.797,408.076,440.69,464.686,494.072,521.882,543.957,555.165,557.447,549.339,533.886,514.519,507.824,503.762,504.979,507.191,514.347,525.261,549.946,573.041,590.916,604.983,608.954,618.279,626.899,639.917,646.435,653.254,669.381,686.501,688.637,676.649,654.244,637.394,613.876,602.549,593.969,588.22,590.175,599.639,621.664,642.289,674.013,726.5,791.618,866.736,942.105,1052.86,1223.78,1424.46,1762.91,2099.77,2451.26,2768.87,3139.34,3692.45,4064.07,3974.89,3675.17,3412.82,3381.31,3423.64,3440.96,3332.61,3140.57,3119.96,3147.06,3476.72,3658.14,3632.85,3488,3570.45,3433.58,3516.32,3441.71,3503.41,3491.47,3411.74,3429.35,3446.25,3416.79,3368.38,3352.82,3304.74,3135.09,3082.96,2938.62,2775.46,2616.49,2431.93,2420.78,2283.87,2238.03,2127.82,2008.85,1968.98,1903.8,1801.36,1709.81,1585.4,1510.89,1425.52,1370.8,1331.98,1276.41,1280,1318.21,1347.52,1393.19,1459.98,1480.48,1516.11,1542.68,1574.47,1563.57,1524.14,1486.05,1472.76,1445.83,1447.75,1479.39,1454.73,1458.68,101.877,81.1018,134.048,2923.08,
F_3484A2/81_G_Faint_0.501_SI1,100.95,2.057,-12.0262,112.143,102.477,47.9134,446.182,148.635,0.0356336,-1.14844,12.2009,-80.2939,3056.41, ,50,-124.084,25.0996,-21.7993,90.9047,90.6735,89.5895,88.5052,88.5994,88.5831,88.1768,87.4069,86.9285,87.0424,86.7742,87.4955,88.26,88.2355,88.1617,87.6683,87.2761,87.5341,87.0183,87.3072,86.725,87.2466,87.0142,86.8608,88.1176,88.8672,88.7048,88.6315,88.2219,88.143,87.1616,87.6297,87.4716,87.1108,86.5359,86.6025,86.5518,86.6597,86.8216,87.2027,87.1249,87.1976,86.9439,87.376,86.2284,86.3921,86.316,85.7261,86.5522,86.1301,86.4415,86.8071,86.674,87.5331,87.3927,87.3969,87.7833,86.6836,87.8841,91.8742,91.5722,91.9812,91.807,92.4151,92.6086,92.9325,92.9908,92.5064,88.6648,89.1501,88.3082,88.1761,86.8497,86.5686,86.5868,86.6403,86.031,85.5335,85.5892,86.5123,86.3174,87.3808,87.6939,87.1472,87.4558,87.5507,87.924,87.6081,87.0477,87.7606,87.4526,87.1313,87.7102,87.5371,88.1362,87.7922,87.6935,87.7539,87.4322,87.4086,87.3855,87.2018,87.24,86.9526,87.2763,86.458,87.1717,87.0171,87.217,87.6119,87.5064,87.4834,86.9402,87.5718,88.5642,87.8048,87.7577,87.4182,87.0805,86.9123,87.1289,87.5478,86.9264,86.2646,86.5058,86.6274,86.4312,86.8515,87.0928,86.6766,86.4514,86.56,86.8788,87.1649,87.2103,87.1745,86.9739,86.9442,87.0398,87.4126,87.0358,86.8318,86.372,86.7566,87.2132,87.0336,86.7397,86.327,86.0484,86.3501,86.5978,86.6379,86.3068,85.9978,86.227,86.3307,86.6687,86.6916,86.7442,86.8512,86.8196,86.9708,86.9372,87.085,87.3677,87.4959,87.9137,87.7204,87.9599,88.2449,88.2469,88.2027,88.0754,87.9619,87.9886,87.7721,87.9539,88.0248,88.1856,88.0094,88.1123,88.0502,88.1799,88.0789,88.0178,87.9275,87.6984,87.572,87.5596,87.5654,87.4978,87.4464,87.5788,87.7415,87.82,87.9215,88.1808,88.4927,88.64,88.9975,89.3013,89.4805,89.4377,89.4643,89.4718,89.4038,89.2584,89.1571,88.9756,88.824,88.7172,88.6053,88.4798,88.351,88.227,88.1048,87.9338,87.7707,87.6067,87.3959,87.1849,86.9609,86.7363,86.5129,86.2936,86.1341,85.9769,85.8073,85.6722,85.5495,85.4258,85.3147,85.1609,85.0377,84.9111,84.8185,84.735,84.6717,84.6917,84.7892,84.8937,85.0297,85.1284,85.1493,85.1999,85.154,85.0674,85.0053,84.9961,84.9821,85.171,85.3687,85.6586,85.9207,86.256,86.7392,86.9874,87.1608,87.286,87.2163,87.2528,87.4251,87.7865,88.2325,88.7567,89.2536,89.9723,90.8059,91.645,92.3219,92.9883,93.6311,94.6081,95.3562,96.6143,97.8449,98.6149,99.9241,101.243,102.383,103.468,104.326,105.386,106.408,107.5,109.245,110.45,112.269,114.488,116.262,117.896,119.452,120.402,121.585,121.839,122.186,121.929,121.783,122.268,122.484,122.873,123.805,124.798,126,126.734,127.756,128.255,128.096,128.339,128.386,128.068,127.672,127.016,126.906,126.752,126.315,126.414,126.553,126.845,127.198,127.453,127.496,127.682,127.543,127.723,127.224,127.056,126.649,126.367,125.725,125.69,125.095,124.886,124.684,124.847,124.446,124.164,123.808,123.436,123.196,123.33,123.229,122.497,122.228,121.859,121.471,121.139,120.968,120.356,119.822,119.207,119.114,118.66,118.227,117.89,117.354,116.966,116.707,116.594,116.519,116.318,115.87,115.777,115.326,114.967,114.637,114.441,113.859,113.282,113.015,113.009,112.722,112.666,112.536,112.277,111.765,111.601,111.44,111.213,110.83,110.373,109.933,109.595,109.301,109.103,108.761,108.548,108.292,107.965,107.634,107.333,107.209,106.734,106.657,106.233,105.944,105.633,105.685,105.669,105.429,105.128,105.196,105.003,104.939,104.815,104.545,104.36,104.322,104.48,104.422,104.231,104.178,104.11,103.931,104.037,103.683,103.638,103.71,103.535,103.366,103.208,102.983,103.076,103.138,103.155,102.856,102.554,102.401,102.337,102.233,102.376,102.167,101.99,102.025,102.098,101.825,101.71,101.878,101.904,101.726,101.75,101.521,101.276,101.33,101.488,101.741,101.841,101.74,101.894,101.845,102.068,102.039,102.004,101.92,101.911,101.759,101.635,101.555,101.647,101.541,101.767,101.843,101.799,101.913,101.883,101.775,101.614,101.392,101.29,101.119,101,101.143,100.758,100.836,101.272,101.596,101.545,101.745,101.789,101.908,102.207,102.508,102.577,102.152,102.018,102.274,102.178,102.185,101.895,101.546,101.494,101.177,101.5,101.379,101.431,101.243,101.232,101.404,101.157,101.208,101.406,101.4,101.432,101.149,101.498,101.499,101.358,101.846,101.957,102.193,102.212,102.26,102.516,102.349,102.51,102.682,102.605,102.89,102.506,102.58,102.856,102.832,103.13,103.09,103.248,103.43,102.772,102.829,102.932,102.331,102.545,102.355,102.639,102.477,102.272,102.713,102.832,102.552,103.318,103.073,103.2,103.256,103.54,103.205,103.334,103.497,103.392,103.121,103.091,103.389,103.203,102.793,103.125,102.831,102.525,102.954,102.921,103.216,102.872,102.867,102.911,103.095,103.207,103.619,103.72,104.241,104.103,104.343,104.444,104.866,104.516,104.446,104.035,104.231,104.032,103.954,103.427,103.736,103.521,103.782,104.285,104.868,105.015,105.255,105.599,105.536,105.341,105.501,106.192,105.767,105.628,105.306,104.712,105.046,105.417,105.478,106.055,105.648,105.433,104.913,105.206,105.396,105.259,105.594,104.542,104.046,103.78,104.089,104.787,104.475,105.018,104.881,104.607,105.763,105.818,105.6,105.731,105.492,106.019,105.14,105.509,106.052,105.642,105.996,106.368,106.756,107.283,106.812,107.482,106.775,105.613,106.322,106.221,105.802,106.186,106.401,106.547,107.35,107.362,109.127,109.038,109.139,109.686,108.871,109.062,108.663,107.492,108.268,108.334,108.149,107.215,108.072,108.085,107.765,108.388,107.593,107.264,106.101,106.118,107.022,107.276,107.677,107.81,108.238,110.346,111.536,112.066,111.99,112.28,112,111.958,111.536,110.814,110.58,110.231,110.275,110.935,110.268,110.364,109.612,109.183,108.58,108.227,107.443,107.278,105.86,106.739,106.461,108.423,109.097,108.961,108.67,109.066,109.373,111.634,112.025,110.927,111.64,111.219,111.347,110.607,110.74,111.694,111.239,111.15,113.773,111.4,112.503,113.017,114.612,113.936,113.713,113.336,114.234,113.532,114.16,114.927,114.191,115.151,113.914,115.548,116.881,115.072,112.486,113.632,114.096,114.939,114.507,117.845,115.613,116.2,117.109,116.607,117.002,117.924,122.029,121.291,122.029,119.562,120.164,117.295,120.7,120.953,121.104,118.831,120.14,117.842,119.129,115.145,118.044,115.616,114.768,112.694,109.651,110.058,109.364,109.344,108.867,108.147,111.584,113.322,108.897,111.123,113.132,117.447,119.515,125.721,126.751,126.419,123.465,129.615,129.861,129.309,125.936,128.006,122.844,123.594,125.102,126.58,125.262,129.292,123.166,123.922,120.62,121.353,116.34,114.061,117.75,118.649,116.99,123.43,119.908,122.533,130.916,138.608,135.661,129.25,126.047,130.259,130.372,136.429,139.609,135.348,131.925,133.637,135.514,144.756,136.827,137.421,139.251,139.329,140.305,144.832,143.151,141.732,132.483,136.477,129.192,127.602,125.725,127.279,123.632,132.435,129.43,132.238,131.322,135.785,134.353,137.652,136.175,131.322,124.292,127.237,127.237,127.618,124.826,124.387,117.213,115.259,118.574,122.18,122.407,123.409,121.363,119.268,124.143,126.274,125.551,130.809,124.316,124.201,122.181,116.391,120.544,113.731,109.404,108.27,103.317,98.6397,100.072,101.488,108.694,107.283,112.326,114.885,113.54,112.937,116.593,116.784,112.792,111.424,109.086,101.503,101.118,103.247,106.824,108.601,106.02,110.783,109.646,110.829,113.657,117.855,118.539,119.515,117.672,119.186,116.34,110.925,110.078,108.335,103.887,103.753,101.903,100.826,100.807,100.292,101.004,101.246,100.985,100.521,96.8732,96.2446,97.1703,92.721,92.5003,95.2136,95.8262,96.8673,97.6969,98.4806,98.9186,99.3182,104.319,104.786,101.716,100.859,99.8708,98.7762,99.1027,96.4013,95.7916,94.452,92.3072,94.0823,91.0152,92.7036,92.5236,93.223,94.1388,94.0215,94.7309,93.787,93.4984,96.0225,94.2516,94.2632,92.9296,92.9559,93.1731,91.8348,93.8968,92.5623,92.7324,91.8964,91.2909,91.3255,90.6335,89.7189,88.951,87.9532,87.8306,87.4465,88.3289,88.2787,87.9544,88.3393,88.254,87.8819,87.2958,87.6904,87.8048,86.6311,86.4298,88.0284,87.8819,88.5056,88.6307,88.6882,89.3023,88.8686,88.3162,89.4189,88.6126,88.9239,88.2241,89.4237,89.7,89.4392,90.0443,92.7394,92.3073,92.3545,92.6536,93.2069,92.2452,93.3222,92.9244,91.3939,89.205,90.0237,89.9836,89.8654,89.1516,88.1735,88.4479,88.9114,90.3687,90.0125,88.9519,88.0258,88.2946,90.6464,91.0812,91.2935,91.2088,90.1905,91.1015,91.2482,91.4449,91.1078,89.9298,91.7422,90.2905,88.0586,87.7605,88.2305,87.8199,87.7222,86.4917,85.3665,83.4297,83.9276,85.4333,85.2826,83.4741,82.6829,83.5219,83.0864,83.612,84.9081,84.1954,83.8907,83.3049,84.8625,86.7957,129.694,-740.816,48.0916,-29.8429,
W_3499A2/512_D_None_0.502_VS2,629.036,-9.04822,31.0594,16182.6,17194.1,17195.1,571.593,17169.6,0.0510594,-0.145906,32.3505,106.242,6073.66, ,166.667,105.138,132.107,-108.351,11627.6,14592.2,25569.5,17561.7,17205.4,14709.7,33110.2,44400.6,-1.60478e+07,21375.2,17084.3,13307.3,17188.5,11848.3,13423.6,9316.18,8746.12,7960.26,10811.9,20033.1,32408.1,13310.2,20352.6,15327.8,13015.8,15510.1,13149.2,11460,7579.04,6810.23,7501.4,7673.91,9453.86,12419.6,11479,12522.4,18882,19777.8,38078.9,35429.3,35629.7,23374,19561.8,19678.6,26347.4,29758.7,25238.2,14604.9,15686.7,13556.5,12945.2,11297.2,11914.1,8975.35,7921.77,9098.62,9506.16,10499.1,9939.3,9827.18,10020.1,11395.2,15122.1,13665,11931,10200.9,9556.74,9625.19,10983.4,12039,9755.07,10160.9,9347.14,10240.9,11305.6,11808.1,13233.2,12242.6,12302.2,11442.8,11495.7,12318.8,11701.7,10724.3,10476.8,9870.03,9308,9069.44,9389.84,9058.28,9820.95,9692.88,10061.1,9503.47,9290.25,8282.08,9824.86,10484.8,11036.8,11462.8,12646.4,12479.4,14732.5,17046.7,26674.5,22455.2,26074.9,28400.2,23692.7,20261.8,23109.1,19899.8,22624.5,23416,18037.1,16049.9,15090.9,16921.9,19299.4,19283.2,23876.4,18439.9,22570.6,26835.8,20731.8,16504.7,13964.3,14295.1,17021.4,15582.7,16593.4,13313.2,15627.4,17130.8,18999.2,25587.4,24713.8,17354.2,15260.7,15019.4,16019.1,13265.4,16131.9,15161.5,14086.1,14399.2,17334.7,19176.9,22696,18909,18098.8,19087.1,35681.2,37630.3,31731.5,31835.6,34615.7,24206.1,20551.5,26708.8,17843.1,13264.4,13110,13600.6,10808.8,10885.1,12388.1,14337.1,13505.4,14009.1,13137.9,13566.7,13219.1,14841.5,16298.1,12533.9,12595.7,12298.6,12041.6,12662.5,10909.5,12022.9,12662.1,11786.9,15001.1,14954.3,14226.5,17285.9,19667.1,20698.1,17019.3,21790,20378.1,19531.8,24451.3,41016.2,28497.6,21594.8,20765.1,19963.1,17468.7,17977.6,14840.8,15806.4,13706,17196.2,17937.8,18748,19295.2,21205.2,21895.8,26102.8,20671.8,18328,16694.3,15898.8,17970.4,19531.8,17946.5,19071.1,17855.9,17337.4,18835.5,18458.3,21514.3,18996.7,17664.9,18225.9,15848.1,15937,16330,16976.6,16220,15498.3,15164.5,16524.3,16862,19184,21547.1,20786.7,20211.3,20734.5,21068,22149.4,21547.9,21269.4,20650.5,20308,20388.1,20977.3,21249.6,21474.7,21516.8,21904.8,21993.6,22199.9,22298.6,22501,22440.5,22626.9,22780,22916.1,22964,23066.6,23173,23213.6,23237.3,23369.2,23282,23222.9,23179.8,23103.7,22960.2,22573,22447.5,22346,21900.6,21598.7,21403.3,21096.6,20646.3,20296.6,19987.4,19429.2,18901.8,18454.9,17986.6,17365.8,16760.6,16371.6,15988.1,15750.2,15493.7,15207.6,15033.5,14795.1,14563.1,14269.6,13848.6,13551.4,13323.8,13217.7,13094,12925.6,12751.9,12599.2,12482.8,12460,12343.6,12168.8,11948.4,11732.5,11530.4,11365.3,11236.9,11163.4,11050.2,10991.4,10996.1,11024.8,11106.7,11265.2,11445.7,11672.5,11901.5,12225.1,12550.9,12896.9,13258.4,13644.3,14023.9,14419.1,14756.9,15115,15405.7,15754.5,16041.5,16358,16647.8,16893.5,17177.1,17464.9,17703.4,17994.1,18242.2,18522.1,18780.9,19078.9,19289.7,19526.3,19691.8,19931.3,20095.5,20240.2,20333.1,20460.4,20488.4,20603.1,20670.8,20778.3,20844,20925.6,20971.5,21047.8,21070.5,21050.6,21060.7,20990.8,20976.6,20886.3,20855.2,20809.6,20784.8,20719.1,20677.5,20653,20616.2,20574.9,20530.9,20449.8,20403.4,20350.6,20288.4,20236.2,20119.4,19986.3,19818.4,19713.2,19562.1,19453.9,19287.9,19149.2,19051.2,18935.5,18776,18706.4,18550.8,18474.3,18350.1,18272.9,18207.7,18108.7,17961.5,17930.7,17864.2,17852.6,17779.5,17725.3,17699.2,17615.3,17588.4,17601.6,17566.9,17532.8,17526.8,17535.5,17537.6,17521.7,17550.1,17516.1,17548.5,17565.3,17541.2,17513.7,17496,17471.5,17459.8,17429.3,17425.2,17388.1,17360.3,17344.3,17303.5,17246.1,17107.9,16894.1,16655.4,16431.2,16234.5,16047.1,15830,15587.9,15294.9,15220,15219.1,15266.9,15358.9,15404.3,15499,15639.1,15839.3,16109,16256.5,16333.4,16394.4,16420.3,16490.8,16467.5,16495,16465.1,16456.3,16416.6,16401.5,16418.3,16406,16370.3,16382.8,16320.8,16324,16335.2,16354.2,16360.4,16367.9,16380.3,16378.8,16354.7,16350.4,16332.1,16310,16294.9,16295.5,16236.2,16154,16114.2,16134.8,16079.9,16058.1,16039.8,15984.3,15931,15930.6,15897.1,15874.6,15821.1,15881,15868.5,15878.2,15896,15986.2,16073,16199.3,16279.3,16353.9,16394.7,16485.3,16527.6,16642.3,16679.4,16723.5,16813.8,16867.4,16939.7,16980.6,17058.2,17151.4,17165.8,17194.6,17230.9,17265.4,17326,17365.1,17440.5,17460.4,17481.3,17523.5,17526.3,17418.8,17125,16792.1,16606.5,16528.7,16546.3,16551.9,16585.7,16709.4,16934.8,17303.6,17769.2,18110.4,18351.8,18454.2,18626.4,18786.3,18831.1,18913,18974.3,19044.5,19160,19258.8,19310.9,19401.5,19457.9,19551,19553.8,19653.7,19757.7,19833.5,19905.6,20051.1,20094.6,20178.4,20301.2,20433.8,20555.8,20656.5,20728.4,20746.3,20826.2,20881.6,20874.7,20900.7,20938.5,20957.6,20947.2,21028.4,21173.4,21240.5,21349.2,21453,21513.5,21532.5,21604.5,21653.6,21683.2,21661.4,21708.7,21696.7,21785.6,21841,21909.8,21830.9,21894.5,21910.1,21910.8,21877.6,21838.3,21716.4,21649.2,21620.2,21601.8,21543.5,21455.8,21418.2,21349.6,21341,21334.8,21296,21240.3,21160.5,21115.5,21004.3,20898.8,20848.7,20744.3,20675.4,20602.1,20505.3,20496.4,20396.2,20327.6,20253.8,20074.1,19925.2,19773.1,19585.8,19379.8,19231.5,19059.8,18941.7,18775.8,18677.6,18531.9,18349.1,18197.1,18056.2,17865.2,17653.5,17407.9,17213.6,16903.2,16613.7,16330.2,16010.2,15730.2,15455.3,15216.6,15016.7,14752.1,14565.9,14396.6,14146.7,13889.6,13562.3,13196,12796,12303.9,11878,11453.3,11020.2,10641.2,10309.1,10023,9713.53,9477.64,9333.64,9235.64,9167.8,9154.04,9221.06,9290.79,9406.22,9592.91,9770.1,9855.36,9812.39,9720.47,9572.47,9392.2,9228.53,9027.69,8826.99,8611.62,8425.5,8269.92,8162.59,8057.78,7914.75,7734.97,7508.84,7270.51,6974.3,6709.16,6450.91,6203.22,5971.46,5717.37,5471.82,5273.38,5079.45,4930.91,4763.04,4610.65,4451.66,4292.08,4146.11,4011.04,3883.59,3756.9,3632.2,3527.26,3422.02,3330.2,3234,3155.05,3067.39,2981.59,2914.95,2849.23,2782.33,2726.6,2665.38,2613.35,2560.09,2517.65,2480.33,2491.21,2557.18,2659.16,2756.06,2854.15,2952.96,3056.74,3156.92,3231.02,3151.03,2963.62,2736.69,2519.8,2337.76,2180.62,2042.99,1924.34,1814.81,1732.61,1663.97,1606.77,1568.89,1529.31,1496.52,1464.48,1433.19,1409,1384.58,1361.83,1336.73,1313.67,1294.31,1271.81,1249.44,1231.67,1214.45,1198.73,1186.05,1176.84,1166.69,1159.71,1154.94,1152.14,1143.96,1137.81,1128.19,1113.78,1098.03,1076.57,1057.01,1039.95,1021.79,1005.3,989.029,973.888,959.589,946.67,936.574,924.999,912.516,898.751,886.599,873.463,855.461,839.258,824.723,811.218,798.427,783.497,772.168,756.269,745.125,744.472,752.004,763.966,783.111,806.68,835.82,864.863,907.966,946.411,974.213,974.911,954.44,922.846,902.58,890.71,873.199,845.225,811.063,779.167,750.763,740.358,733.968,716.078,689.445,669.338,654.597,646.365,642.586,639.559,626.945,611.815,587.89,569.015,548.121,530.679,511.69,493.032,474.389,458.262,442.437,428.113,413.654,402.178,392.985,384.673,374.633,368.325,361.114,356.965,354.147,354.522,353.007,349.073,346.701,344.848,342.294,344.972,344.083,345.199,341.523,337.609,332.984,329.171,326.234,322.233,315.759,309.139,304.452,300.678,298.081,296.311,293.279,291.477,292.639,292.844,292.859,290.203,287.97,287.356,286.677,286.108,283.576,281.187,277.639,276.757,275.929,275.145,272.998,270.905,269.413,269.597,267.172,267.098,266.693,267.322,268.465,269.336,270.829,271.573,272.688,273.675,274.263,274.839,275.383,275.015,275.87,276.228,278.599,278.946,281.559,287.192,293.628,302.399,314.277,328.764,347.454,368.599,397.039,428.786,452.387,481.413,507.917,530.023,542.608,545.191,536.219,523.639,505.234,498.583,495.374,497.334,499.833,507.16,517.197,540.242,562.205,580.946,593.971,597.175,604.776,613.255,625.737,632.088,640.247,653.89,666.286,669.204,658.9,637.647,621.709,598.831,587.143,580.38,573.256,576.496,587.667,608.096,627.307,658.499,709.856,774.324,843.553,916.914,1028.24,1192.51,1386.69,1723.35,2047.18,2385.98,2698.66,3076.29,3619.45,3983.46,3895.16,3618.09,3361.12,3327.96,3360,3366.21,3247.57,3072.35,3049.06,3073.22,3387.66,3551.3,3527.63,3396.99,3485.65,3356.76,3435.96,3373.4,3432.66,3421.59,3350.28,3362.95,3383.03,3365.9,3326.55,3317.16,3251.91,3088.04,3036.91,2894.69,2740.34,2589.61,2396.8,2377.72,2238.61,2197.95,2088.64,1966.05,1929.97,1863.84,1760.82,1668.66,1550.65,1478.23,1395.9,1341.3,1310.53,1254.58,1256.13,1295.97,1326.64,1373.67,1442.37,1458.27,1494.95,1512.65,1542.03,1534.44,1491.2,1458.51,1441.96,1413.74,1417.26,1448.5,1429.62,1433.96,-218.231,62.28,135.657,200,
F_3499A2/512_D_None_0.502_VS2,100.013,0.0869109,-1.13644,108.198,100.035,39.984,471.338,103.364,0.00355386,0.21596,1.13976,-85.6267,3008.8, ,-300,61.5183,-48.8048,104.671,107.174,106.281,104.91,103.661,103.792,103.869,103.707,102.443,101.794,101.395,101.314,102.6,103.546,104.076,104.077,103.526,103.407,103.78,103.035,102.842,102.351,101.925,100.905,100.831,101.737,102.369,102.394,102.787,103.104,103.213,102.609,103.282,102.482,102.727,102.433,102.065,102.222,102.347,102.209,103.867,103.505,103.988,103.173,103.406,103.145,103.404,103.218,102.592,102.158,101.758,101.76,102.235,102.015,102.223,101.744,101,101.356,100.733,101.582,101.917,101.531,102.194,102.495,102.826,103.628,103.324,103.367,102.866,102.696,103.732,103.403,103.224,102.42,101.904,102.518,102.375,102.17,101.943,101.684,101.738,101.627,102.64,102.534,102.334,102.521,102.416,102.906,102.599,102.376,102.385,102.16,102.841,102.742,103.253,104.03,103.591,103.561,103.362,103.299,102.758,102.53,102.331,101.253,101.362,101.602,100.715,101.008,101.456,101.606,101.846,102.027,102.821,102.514,103.142,104.245,104.225,103.709,103.631,103.121,102.583,102.607,102.456,102.054,101.071,101.007,101.237,101.406,101.402,101.812,101.42,101.089,100.634,100.998,101.2,101.301,101.549,101.635,101.559,101.286,101.783,101.719,101.42,101.344,101.192,101.177,101.023,100.73,100.616,100.45,100.566,100.814,100.866,100.978,100.993,101.244,101.465,101.815,101.637,101.682,101.888,101.881,102.005,101.88,102.008,102.29,102.383,102.867,102.832,102.849,102.835,103.058,103.042,103.069,103.051,103.049,102.842,102.933,103.205,103.422,103.032,103.123,103.066,102.994,102.86,102.933,103,102.75,102.766,102.938,102.78,102.739,102.783,102.932,102.983,102.917,102.864,102.815,102.792,102.858,102.926,103.001,103.044,102.942,102.974,103.089,103.106,103.054,103.076,103.062,103.069,103.096,103.139,103.181,103.192,103.209,103.261,103.277,103.318,103.343,103.347,103.352,103.322,103.315,103.32,103.299,103.294,103.283,103.278,103.283,103.283,103.314,103.299,103.289,103.282,103.277,103.224,103.188,103.169,103.185,103.176,103.195,103.128,103.148,103.111,103.145,103.059,102.944,102.778,102.653,102.651,102.75,102.596,102.508,102.299,102.377,102.448,102.408,102.475,102.474,102.227,102.032,102.03,102.031,102.038,102.125,102.218,102.15,101.999,101.837,101.976,102.187,102.027,102.08,101.855,101.799,101.921,101.542,101.862,101.918,101.81,101.794,101.736,101.81,101.894,101.88,101.905,101.526,101.479,101.724,101.563,101.323,101.319,101.25,101.378,101.739,101.822,101.443,101.52,102.117,102.354,102.219,102.188,102.236,102.247,102.311,102.72,102.694,102.218,102.078,102.092,102.209,102.155,102.022,101.966,101.736,101.248,101.547,101.565,101.745,101.654,101.412,101.425,101.282,101.265,101.452,101.228,101.069,100.916,100.933,100.949,100.812,100.908,101.231,101.006,101.085,101.126,101.167,100.809,100.863,101.025,101.314,101.031,100.911,101.039,101.02,100.763,101.046,101.016,100.887,100.559,100.672,101.069,100.875,100.765,100.933,100.8,100.847,100.745,100.894,101.008,100.985,100.883,101.166,101.219,101.316,101.196,101.318,101.221,100.969,100.843,100.945,100.825,100.927,100.866,100.906,100.558,100.581,100.727,100.877,100.796,100.793,100.55,100.547,100.585,101.058,101.05,101.034,100.951,101.193,101.227,101.366,101.531,101.33,101.219,101.037,100.87,100.849,100.6,100.405,100.302,100.205,100.399,100.24,100.271,100.062,100.134,100.211,100.462,100.457,100.333,100.399,100.551,100.668,101.086,100.942,100.878,100.744,100.829,101.044,101.043,100.764,100.602,100.39,100.726,100.89,101.045,100.999,100.719,100.677,100.947,100.983,100.953,100.534,100.43,100.38,100.199,100.18,100.065,100.125,100.04,100.025,99.9801,99.8345,99.8289,99.8889,99.9798,100.245,99.9335,99.9021,99.9691,100.136,100.147,100.132,100.308,100.287,100.032,100.263,100.491,100.325,100.18,100.356,100.324,100.27,100.52,100.494,100.067,99.8439,99.8992,100.113,100.119,99.9945,99.8974,99.7079,99.6892,100.052,100.333,100.182,100.142,100.018,100.168,100.345,100.347,100.638,100.234,100.124,100.482,100.391,100.4,100.192,100.007,99.9223,99.6671,100.119,100.153,100.128,99.9192,100.061,100.048,99.8625,99.9932,100.028,99.8244,99.9648,99.6582,99.7628,99.3345,99.1179,99.3953,99.3831,99.4073,99.3493,98.8483,99.0543,99.0627,99.4594,99.9923,99.9762,100.171,100.049,100.489,100.865,101.011,101.25,101.14,100.704,100.471,99.6964,99.5576,99.6168,99.4386,99.0127,99.0214,99.1404,99.6039,99.9513,100.636,100.786,100.346,100.651,100.784,100.636,100.653,100.63,100.428,100.433,100.371,100.342,100.265,100.548,100.933,100.836,99.9041,99.854,100,99.9753,100.178,99.9235,99.5727,99.1748,99.1383,99.5964,99.3601,99.3098,99.4257,99.5162,99.8702,100.235,100.521,100.693,100.857,101.272,100.88,101.048,101.029,100.926,100.642,100.183,100.068,100.239,100.121,100.28,100.496,100.484,100.618,100.663,100.708,100.715,100.894,100.948,100.643,99.8821,99.4624,99.2561,99.5701,99.8548,99.7892,99.507,99.6083,100.357,100.316,100.986,101,100.845,100.904,100.409,100.147,99.7539,98.9734,99.7193,99.3547,99.2396,99.0149,99.0533,99.4222,99.7771,100.029,100.316,99.5387,99.706,99.6724,100.394,100.4,100.188,100.316,100.352,100.55,100.989,100.399,100.677,99.7616,99.2098,99.5822,99.7168,99.0291,98.9773,99.3319,99.7363,100.039,100.783,101.407,100.859,100.416,101.015,101.249,101.007,101.554,101.714,101.57,101.443,102.166,101.945,103.574,102.987,103.607,103.011,101.608,101.117,101.24,101.528,101.446,100.218,100.658,100.787,100.573,102.186,102.415,102.816,102.422,103.561,104.148,103.895,102.333,103.039,102.779,103.636,101.666,100.918,100.571,99.4268,99.1293,99.8551,99.7065,99.1732,97.8796,99.1521,99.3007,99.5274,100.083,102.557,102.501,102.343,101.682,101.539,101.995,102.818,102.404,102.506,101.455,100.928,99.7192,98.9531,100.968,100.395,101.805,102.147,103.493,101.279,100.541,102.668,103.308,101.523,102.009,100.003,101.596,100.74,102.527,105.542,104.547,106.465,106.465,107.55,107.558,104.922,104.254,103.7,103.854,104.111,104.316,104.891,103.152,103.27,104.859,102.18,101.531,101.38,102.644,99.49,100.004,98.7619,99.6513,97.07,98.9356,98.2167,97.3035,96.5709,99.239,99.6219,101.368,100.005,102.837,102.635,105.265,104.723,103.422,104.795,102.823,100.438,101.77,99.5555,98.1597,97.2109,95.8134,96.2354,94.7722,97.7694,101.823,102.491,103.309,107.5,106.54,109.039,111.598,112.426,110.86,108.863,106.897,106.028,105.072,107.374,105.169,105.147,100.008,99.6898,97.4386,96.7333,100.646,97.1449,97.3882,101.336,102.663,105.764,102.061,104.847,110.657,109.052,110.341,107.116,103.667,100.382,102.628,107.999,111.66,104.765,103.548,104.862,104.842,109.207,109.952,110.864,107.758,103.499,106.02,108.959,104.27,100.485,100.011,99.5673,94.1907,94.686,98.662,99.5654,100.447,114.073,116.572,117.543,113.26,114.963,117.14,113.323,115.827,109.948,97.4173,105.072,99.0913,99.0786,98.662,100.895,96.2503,92.4206,95.49,100.011,94.3272,100.419,101.238,100.01,98.0048,103.284,107.287,106.838,106.695,108.05,107.377,105.58,107.377,105.861,102.73,101.57,103.615,100.009,103.602,101.071,102.883,103.975,106.321,110.642,112.353,109.845,114.221,114.059,112.353,113.628,110.146,105.737,102.453,98.5971,101.075,106.762,103.646,108.303,109.586,109.425,111.559,115.059,119.164,117.15,112.174,113.194,112.135,107.854,108.553,107.714,103.018,104.764,106.879,103.363,103.034,98.7876,97.8547,99.2872,99.0677,101.9,97.0602,95.3113,97.7948,95.4829,96.0249,98.1159,97.5971,98.2205,98.0531,97.8621,95.9029,95.3396,98.5768,101.588,101.35,100.5,100.65,101.102,102.943,103.633,102.926,102.005,99.1612,98.871,98.3649,99.5965,100.137,100.657,100.919,102.405,101.592,102.213,104.227,105.556,104.879,103.886,102.617,102.731,103.796,104.218,105.65,104.74,103.531,103.486,101.382,101.019,100.555,99.4547,99.8942,98.9347,98.2006,99.7913,99.2653,100.418,101.147,101.553,101.026,100.309,99.9007,101.735,101.428,100.707,99.1972,98.9948,99.3905,99.0854,99.2907,99.8002,98.3999,98.5222,99.1247,100.696,101.303,101.102,102.502,103.301,103.544,103.731,104.685,104.892,104.013,105.318,106.346,105.596,104.445,104.062,104.219,101.423,102.732,104.344,102.586,101.284,100.198,99.6172,99.7178,100.473,102.064,100.651,99.9101,99.1784,99.5479,101.656,102.121,102.508,101.579,102.623,102.912,103.303,103.771,104.086,102.479,103.908,104.079,103.015,102.545,102.882,100.798,100.982,99.9127,99.6449,97.9728,97.98,98.2344,96.4728,96.1096,98.655,99.3713,99.1016,98.9205,100.555,100.094,100.516,101.18,101.244,99.8387,105.895,-484.694,89.6947,155.759,
W_Calibration,100,0,0,95.0422,100,108.876,565.016,99.9909,1.74827e-05,0.00127928,0,0,6504.1, ,100,100,100,100,100,100,100,100,100,100,100,100,100,100,100,100,100,100,100,100,100,100,100,100,100,100,100,100,100,100,100,100,100,100,100,100,100,100,100,100,100,100,100,100,100,100,100,100,100,100,100,100,100,100,100,100,100,100,100,100,100,100,100,100,100,100,100,100,100,100,100,100,100,100,100,100,100,100,100,100,100,100,100,100,100,100,100,100,100,100,100,100,100,100,100,100,100,100,100,100,100,100,100,100,100,100,100,100,100,100,100,100,100,100,100,100,100,100,100,100,100,100,100,100,100,100,100,100,100,100,100,100,100,100,100,100,100,100,100,100,100,100,100,100,100,100,100,100,100,100,100,100,100,100,100,100,100,100,100,100,100,100,100,100,100,100,100,100,100,100,100,100,100,100,100,100,100,100,100,100,100,100,100,100,100,100,100,100,100,100,100,100,100,100,100,100,100,100,100,100,100,100,100,100,100,100,100,100,100,100,100,100,100,100,100,100,100,100,100,100,100,100,100,100,100,100,100,100,100,100,100,100,100,100,100,100,100,100,100,100,100,100,100,100,100,100,100,100,100,100,100,100,100,100,100,100,100,100,100,100,100,100,100,100,100,100,100,100,100,100,100,100,100,100,100,100,100,100,100,100,100,100,100,100,100,100,100,100,100,100,100,100,100,100,100,100,100,100,100,100,100,100,100,100,100,100,100,100,100,100,100,100,100,100,100,100,100,100,100,100,100,100,100,100,100,100,100,100,100,100,100,100,100,100,100,100,100,100,100,100,100,100,100,100,100,100,100,100,100,100,100,100,100,100,100,100,100,100,100,100,100,100,100,100,100,100,100,100,100,100,100,100,100,100,100,100,100,100,100,100,100,100,100,100,100,100,100,100,100,100,100,100,100,100,100,100,100,100,100,100,100,100,100,100,100,100,100,100,100,100,100,100,100,100,100,100,100,100,100,100,100,100,100,100,100,100,100,100,100,100,100,100,100,100,100,100,100,100,100,100,100,100,100,100,100,100,100,100,100,100,100,100,100,100,100,100,100,100,100,100,100,100,100,100,100,100,100,100,100,100,100,100,100,100,100,100,100,100,100,100,100,100,100,100,100,100,100,100,100,100,100,100,100,100,100,100,100,100,100,100,100,100,100,100,100,100,100,100,100,100,100,100,100,100,100,100,100,100,100,100,100,100,100,100,100,100,100,100,100,100,100,100,100,100,100,100,100,100,100,100,100,100,100,100,100,100,100,100,100,100,100,100,100,100,100,100,100,100,100,100,100,100,100,100,100,100,100,100,100,100,100,100,100,100,100,100,100,100,100,100,100,100,100,100,100,100,100,100,100,100,100,100,100,100,100,100,100,100,100,100,100,100,100,100,100,100,100,100,100,100,100,100,100,100,100,100,100,100,100,100,100,100,100,100,100,100,100,100,100,100,100,100,100,100,100,100,100,100,100,100,100,100,100,100,100,100,100,100,100,100,100,100,100,100,100,100,100,100,100,100,100,100,100,100,100,100,100,100,100,100,100,100,100,100,100,100,100,100,100,100,100,100,100,100,100,100,100,100,100,100,100,100,100,100,100,100,100,100,100,100,100,100,100,100,100,100,100,100,100,100,100,100,100,100,100,100,100,100,100,100,100,100,100,100,100,100,100,100,100,100,100,100,100,100,100,100,100,100,100,100,100,100,100,100,100,100,100,100,100,100,100,100,100,100,100,100,100,100,100,100,100,100,100,100,100,100,100,100,100,100,100,100,100,100,100,100,100,100,100,100,100,100,100,100,100,100,100,100,100,100,100,100,100,100,100,100,100,100,100,100,100,100,100,100,100,100,100,100,100,100,100,100,100,100,100,100,100,100,100,100,100,100,100,100,100,100,100,100,100,100,100,100,100,100,100,100,100,100,100,100,100,100,100,100,100,100,100,100,100,100,100,100,100,100,100,100,100,100,100,100,100,100,100,100,100,100,100,100,100,100,100,100,100,100,100,100,100,100,100,100,100,100,100,100,100,100,100,100,100,100,100,100,100,100,100,100,100,100,100,100,100,100,100,100,100,100,100,100,100,100,100,100,100,100,100,100,100,100,100,100,100,100,100,100,100,100,100,100,100,100,100,100,100,100,100,100,100,100,100,100,100,100,100,100,100,100,100,100,100,100,100,100,100,100,100,100,100,100,100,100,100,100,100,100,100,100,100,100,100,100,100,100,100,100,100,100,100,100,100,100,100,100,100,100,100,100,100,100,100,100,100,100,100,100,100,100,100,100,100,100,100,100,100,100,100,100,100,100,100,100,100,100,100,100,100,100,100,100,100,100,100,100,100,100,100,100,100,100,100,100,100,100,100,100,100,100,100,100,100,100,100,100,100,100,
F_Calibration,100,0,0,108.104,100,39.2965,491.07,99.9909,0.000170256,0.00127928,0,0,3000.62, ,0,100,100,100,100,100,100,100,100,100,100,100,100,100,100,100,100,100,100,100,100,100,100,100,100,100,100,100,100,100,100,100,100,100,100,100,100,100,100,100,100,100,100,100,100,100,100,100,100,100,100,100,100,100,100,100,100,100,100,100,100,100,100,100,100,100,100,100,100,100,100,100,100,100,100,100,100,100,100,100,100,100,100,100,100,100,100,100,100,100,100,100,100,100,100,100,100,100,100,100,100,100,100,100,100,100,100,100,100,100,100,100,100,100,100,100,100,100,100,100,100,100,100,100,100,100,100,100,100,100,100,100,100,100,100,100,100,100,100,100,100,100,100,100,100,100,100,100,100,100,100,100,100,100,100,100,100,100,100,100,100,100,100,100,100,100,100,100,100,100,100,100,100,100,100,100,100,100,100,100,100,100,100,100,100,100,100,100,100,100,100,100,100,100,100,100,100,100,100,100,100,100,100,100,100,100,100,100,100,100,100,100,100,100,100,100,100,100,100,100,100,100,100,100,100,100,100,100,100,100,100,100,100,100,100,100,100,100,100,100,100,100,100,100,100,100,100,100,100,100,100,100,100,100,100,100,100,100,100,100,100,100,100,100,100,100,100,100,100,100,100,100,100,100,100,100,100,100,100,100,100,100,100,100,100,100,100,100,100,100,100,100,100,100,100,100,100,100,100,100,100,100,100,100,100,100,100,100,100,100,100,100,100,100,100,100,100,100,100,100,100,100,100,100,100,100,100,100,100,100,100,100,100,100,100,100,100,100,100,100,100,100,100,100,100,100,100,100,100,100,100,100,100,100,100,100,100,100,100,100,100,100,100,100,100,100,100,100,100,100,100,100,100,100,100,100,100,100,100,100,100,100,100,100,100,100,100,100,100,100,100,100,100,100,100,100,100,100,100,100,100,100,100,100,100,100,100,100,100,100,100,100,100,100,100,100,100,100,100,100,100,100,100,100,100,100,100,100,100,100,100,100,100,100,100,100,100,100,100,100,100,100,100,100,100,100,100,100,100,100,100,100,100,100,100,100,100,100,100,100,100,100,100,100,100,100,100,100,100,100,100,100,100,100,100,100,100,100,100,100,100,100,100,100,100,100,100,100,100,100,100,100,100,100,100,100,100,100,100,100,100,100,100,100,100,100,100,100,100,100,100,100,100,100,100,100,100,100,100,100,100,100,100,100,100,100,100,100,100,100,100,100,100,100,100,100,100,100,100,100,100,100,100,100,100,100,100,100,100,100,100,100,100,100,100,100,100,100,100,100,100,100,100,100,100,100,100,100,100,100,100,100,100,100,100,100,100,100,100,100,100,100,100,100,100,100,100,100,100,100,100,100,100,100,100,100,100,100,100,100,100,100,100,100,100,100,100,100,100,100,100,100,100,100,100,100,100,100,100,100,100,100,100,100,100,100,100,100,100,100,100,100,100,100,100,100,100,100,100,100,100,100,100,100,100,100,100,100,100,100,100,100,100,100,100,100,100,100,100,100,100,100,100,100,100,100,100,100,100,100,100,100,100,100,100,100,100,100,100,100,100,100,100,100,100,100,100,100,100,100,100,100,100,100,100,100,100,100,100,100,100,100,100,100,100,100,100,100,100,100,100,100,100,100,100,100,100,100,100,100,100,100,100,100,100,100,100,100,100,100,100,100,100,100,100,100,100,100,100,100,100,100,100,100,100,100,100,100,100,100,100,100,100,100,100,100,100,100,100,100,100,100,100,100,100,100,100,100,100,100,100,100,100,100,100,100,100,100,100,100,100,100,100,100,100,100,100,100,100,100,100,100,100,100,100,100,100,100,100,100,100,100,100,100,100,100,100,100,100,100,100,100,100,100,100,100,100,100,100,100,100,100,100,100,100,100,100,100,100,100,100,100,100,100,100,100,100,100,100,100,100,100,100,100,100,100,100,100,100,100,100,100,100,100,100,100,100,100,100,100,100,100,100,100,100,100,100,100,100,100,100,100,100,100,100,100,100,100,100,100,100,100,100,100,100,100,100,100,100,100,100,100,100,100,100,100,100,100,100,100,100,100,100,100,100,100,100,100,100,100,100,100,100,100,100,100,100,100,100,100,100,100,100,100,100,100,100,100,100,100,100,100,100,100,100,100,100,100,100,100,100,100,100,100,100,100,100,100,100,100,100,100,100,100,100,100,100,100,100,100,100,100,100,100,100,100,100,100,100,100,100,100,100,100,100,100,100,100,100,100,100,100,100,100,100,100,100,100,100,100,100,100,100,100,100,100,100,100,100,100,100,100,100,100,100,100,100,100,100,100,100,100,100,100,100,100,100,100,100,100,100,100,100,100,100,100,100,100,100,100,100,100,100,100,100,100,100,100,100,100,100,100,100,100,
W_3499A2/212_E_Faint_0.501_VS2,100.344,-0.249172,0.316076,95.7467,100.892,109.328,562.895,99.5063,0.0026002,0.254555,0.40248,128.25,6487.49, ,0,-1700,236.599,5684.62,97.335,98.0042,97.7779,98.5919,98.5515,98.5738,98.6235,98.6545,98.7838,99.1367,99.1148,99.8617,99.4428,99.1505,99.8889,99.3584,99.0991,99.1287,99.2986,99.443,98.5555,98.5806,99.2132,99.7296,100.221,100.665,101.058,100.682,100.517,101.436,101.381,100.985,100.619,100.865,100.971,100.7,100.606,100.558,99.988,100.249,100.421,99.6016,99.2848,98.9902,99.0989,99.4193,99.1938,99.426,99.5106,99.2472,99.66,99.519,99.6642,99.0651,99.0857,99.6085,99.5909,99.5346,99.4569,99.5977,99.9504,100.358,101.114,101.163,100.811,100.444,100.346,100.642,100.156,100.137,99.6991,99,98.9545,99.0121,99.3177,99.2853,99.2888,99.4676,98.7474,98.6677,99.3408,99.0572,99.2153,98.7034,98.8117,98.7376,98.7562,99.1221,99.2417,99.1973,99.49,99.2846,100.265,99.8954,99.4682,99.566,99.7719,99.1836,99.1735,99.27,99.2422,98.7627,99.1173,99.8111,99.9768,99.8878,100.438,100.481,100.08,100.168,99.8467,99.992,99.6888,99.7183,99.5904,99.7213,99.5384,99.7518,99.6966,100.217,100.048,100.09,99.9784,100.354,100.034,99.9647,99.9787,100.24,100.241,100.309,100.667,100.706,100.595,100.828,101.114,101.085,100.918,101.047,100.731,100.527,100.392,100.179,100.112,99.9401,99.8879,100.032,99.6544,99.798,99.8109,100.097,100.251,100.523,100.637,100.648,100.273,100.757,100.667,100.486,100.345,100.093,99.8934,99.7195,99.8692,99.956,99.5745,99.895,100.054,100.299,100.728,100.957,101.077,101.186,100.842,100.886,100.556,100.494,100.112,99.7942,99.4363,99.3381,98.9801,99.1806,99.2007,99.3634,99.0768,98.9503,98.5205,98.9544,98.5758,98.6388,98.8679,98.7824,98.7104,98.9015,99.3153,100.061,99.8646,100.179,100.167,100.066,99.8637,99.8485,99.7236,99.4106,98.9182,98.6593,98.7192,98.8861,98.8352,98.8157,98.9608,98.9188,98.9447,99.1413,99.1844,99.0093,98.9753,98.7713,98.6455,98.5082,98.4844,98.2836,98.136,98.2408,98.291,98.3216,98.3746,98.2977,98.1215,97.9855,98.0572,98.0681,97.9687,97.739,97.58,97.5076,97.4517,97.3364,97.2616,97.0826,97.2104,97.1402,97.1829,97.1888,97.2715,97.2546,97.1853,97.1774,97.1026,96.9406,96.986,96.9557,96.9482,96.9643,96.9683,96.9892,96.9473,97.0001,97.0882,97.1443,97.2528,97.3338,97.4451,97.5574,97.7157,97.8531,97.9609,98.0689,98.1748,98.2463,98.343,98.3268,98.2958,98.2389,98.2901,98.3637,98.4466,98.5274,98.6569,98.7708,98.9786,99.2297,99.3768,99.4657,99.5572,99.5626,99.5809,99.6155,99.6313,99.6645,99.6671,99.7132,99.7028,99.7655,99.8201,99.905,99.9146,99.9778,100.007,100.057,100.114,100.16,100.138,100.17,100.189,100.211,100.178,100.225,100.236,100.22,100.248,100.297,100.313,100.322,100.342,100.392,100.384,100.397,100.427,100.476,100.483,100.504,100.51,100.527,100.527,100.535,100.534,100.557,100.525,100.554,100.551,100.587,100.628,100.642,100.67,100.702,100.711,100.756,100.746,100.767,100.759,100.729,100.742,100.744,100.745,100.754,100.728,100.718,100.743,100.739,100.742,100.773,100.783,100.795,100.793,100.822,100.849,100.834,100.838,100.85,100.83,100.858,100.882,100.893,100.884,100.909,100.953,100.995,101.041,101.062,101.042,101.016,101.021,101.06,101.066,101.05,101.039,101.02,101.012,101.014,101.044,101.029,101.015,101,100.998,101.007,101.033,101.057,101.055,101.026,101.042,101.033,101.049,101.056,101.075,101.047,101.015,101.016,101.03,101.015,101.005,101.003,101.001,100.968,100.95,100.967,100.973,100.975,100.998,101.02,101.01,100.994,100.999,101.027,101.012,101.009,101.007,101,100.986,100.981,100.996,100.988,100.959,100.965,100.965,100.937,100.928,100.937,100.934,100.928,100.934,100.953,100.953,100.96,100.991,100.995,100.975,100.96,100.945,100.946,100.942,100.953,100.949,100.939,100.926,100.916,100.934,100.926,100.915,100.906,100.887,100.875,100.871,100.865,100.88,100.877,100.89,100.886,100.896,100.898,100.883,100.889,100.903,100.907,100.915,100.905,100.914,100.906,100.889,100.901,100.881,100.879,100.87,100.85,100.875,100.885,100.878,100.894,100.888,100.899,100.893,100.894,100.862,100.84,100.826,100.816,100.816,100.836,100.84,100.845,100.829,100.856,100.864,100.863,100.873,100.871,100.836,100.818,100.812,100.83,100.846,100.822,100.8,100.79,100.773,100.77,100.784,100.776,100.754,100.741,100.759,100.769,100.77,100.768,100.79,100.789,100.791,100.825,100.844,100.857,100.872,100.873,100.874,100.861,100.847,100.85,100.838,100.825,100.792,100.789,100.805,100.813,100.8,100.81,100.808,100.819,100.806,100.83,100.809,100.803,100.805,100.825,100.826,100.835,100.833,100.827,100.828,100.829,100.83,100.826,100.837,100.825,100.823,100.801,100.804,100.779,100.784,100.768,100.765,100.756,100.774,100.762,100.781,100.804,100.838,100.861,100.875,100.882,100.883,100.861,100.857,100.866,100.854,100.834,100.804,100.798,100.775,100.772,100.774,100.783,100.76,100.75,100.761,100.77,100.777,100.819,100.815,100.821,100.811,100.803,100.83,100.823,100.831,100.818,100.782,100.786,100.779,100.789,100.828,100.811,100.797,100.802,100.805,100.843,100.85,100.868,100.865,100.844,100.859,100.882,100.873,100.887,100.885,100.894,100.87,100.885,100.885,100.871,100.876,100.889,100.874,100.852,100.833,100.874,100.868,100.881,100.866,100.882,100.907,100.925,100.93,100.911,100.894,100.881,100.891,100.907,100.9,100.878,100.878,100.875,100.928,100.93,100.966,100.951,100.946,100.927,100.928,100.91,100.904,100.891,100.904,100.893,100.885,100.91,100.903,100.874,100.915,100.916,100.903,100.921,100.917,100.895,100.888,100.898,100.904,100.885,100.907,100.944,100.918,100.931,100.948,100.956,100.971,101.004,101.025,101.064,101.059,101.11,101.085,101.119,101.147,101.137,101.14,101.138,101.123,101.09,101.053,101.079,101.05,101.045,101.068,101.05,101.095,101.091,101.135,101.108,101.109,101.153,101.161,101.133,101.227,101.203,101.217,101.177,101.222,101.255,101.295,101.256,101.277,101.226,101.254,101.22,101.266,101.316,101.317,101.268,101.281,101.306,101.276,101.212,101.279,101.263,101.195,101.166,101.153,101.182,101.195,101.154,101.195,101.194,101.182,101.203,101.241,101.244,101.299,101.238,101.263,101.276,101.207,101.288,101.245,101.261,101.319,101.282,101.41,101.433,101.404,101.454,101.414,101.463,101.432,101.423,101.362,101.285,101.257,101.243,101.229,101.223,101.365,101.371,101.348,101.451,101.471,101.596,101.739,101.817,101.888,101.815,101.833,101.862,101.817,101.835,101.814,101.686,101.602,101.591,101.429,101.456,101.565,101.656,101.719,101.704,101.781,102.02,101.978,102.101,102.102,101.959,101.795,101.664,101.653,101.741,101.54,101.522,101.688,101.834,101.944,102.193,102.346,102.385,102.226,102.142,102.176,101.843,101.671,101.67,101.545,101.507,101.64,101.817,101.874,101.962,102.058,101.994,101.93,101.955,101.87,101.661,101.636,101.693,101.789,102.089,102.063,101.912,101.738,101.985,102.072,102.018,102.073,102.125,101.791,101.773,101.903,101.986,101.768,101.733,101.961,102.308,101.702,101.877,102.223,102.239,102.048,101.939,102.214,101.599,101.176,101.468,101.372,101.18,101.074,101.384,101.134,101.069,101.417,101.493,101.541,101.481,101.467,101.66,101.419,102.048,101.888,101.891,101.742,101.889,101.943,101.885,101.793,102.07,101.492,101.764,101.816,101.881,101.714,101.865,101.683,101.526,101.129,101.211,100.972,100.639,100.58,100.786,100.573,100.692,100.933,101.196,101.544,101.631,102.153,102.626,102.658,102.837,102.783,102.894,102.714,102.167,101.882,101.28,100.619,100.465,100.267,100.026,99.7195,100.069,100.144,100.306,100.493,100.834,100.398,100.533,100.812,100.916,100.885,100.957,101.005,100.895,101.044,101.277,101.506,101.359,100.907,100.986,101.08,100.842,101.272,101.076,101.218,101.009,101.62,102.34,101.82,102.007,101.674,101.753,101.971,102.052,102.14,101.478,100.913,100.879,100.61,100.974,100.635,100.447,100.11,100.017,100.47,100.936,101.039,100.968,100.861,100.964,100.914,101.34,101.142,100.703,100.485,100.748,100.838,100.931,100.851,101.023,100.848,101.348,101.757,101.812,101.681,101.713,102.059,101.7,101.778,101.779,101.745,101.75,101.689,101.594,102.032,101.895,102.045,102.117,102.118,102.156,102.029,102.072,102.243,102.268,102.269,102.173,102.074,102.024,101.695,101.584,101.631,101.753,101.572,101.453,101.603,101.456,101.409,101.386,101.542,101.802,101.673,101.811,101.495,101.789,101.922,102.191,102.229,102.231,101.675,101.914,101.691,102.144,101.847,101.755,101.909,102.103,101.734,102.019,101.841,101.83,101.705,101.969,101.878,101.751,101.784,102.289,102.231,102.397,102.545,102.632,102.623,103.104,-29.7645,-59.2493,284.962,-3.2368,
F_3499A2/212_E_Faint_0.501_VS2,102.585,0.147036,4.20213,115.594,106.836,39.4472,581.489,89.8083,0.051462,-2.0846,4.20471,87.996,2957.5, ,0,36.7521,-565.116,159.74,94.7578,94.9104,96.2942,95.6928,95.7069,96.1259,95.9326,95.3323,95.6512,96.1275,96.2843,95.1577,95.7165,95.9097,96.0556,95.9048,96.072,95.6184,95.1986,95.669,95.7627,95.3705,95.1752,95.0591,95.8065,96.3932,97.1501,97.4316,96.5319,96.4544,97.0247,96.6557,96.3828,96.4769,96.4425,96.4916,96.7197,96.797,97.654,96.9121,97.6228,97.634,97.1611,96.5163,95.7532,95.2103,94.9839,94.82,94.6479,94.1146,94.4438,94.5919,95.2673,95.7587,96.1874,96.762,96.4541,97.5338,97.7838,97.7607,97.2991,97.0382,97.6998,97.362,97.2897,96.9739,95.9639,95.8659,95.7137,96.235,95.5971,95.0585,95.6671,95.9347,96.3889,97.2424,96.978,97.1743,96.9897,97.2774,97.337,97.1189,97.159,96.6629,95.9459,96.7567,96.77,96.8079,96.8488,96.7344,96.5996,95.6371,95.5869,95.606,95.0195,94.8113,94.7695,94.8361,94.611,94.2422,94.9539,94.9512,95.7997,95.5186,95.2326,95.2882,95.5352,95.8319,96.0413,96.2579,96.2171,95.6651,96.1735,96.1472,96.3827,96.1725,95.9183,96.3922,96.2087,96.0951,95.6368,95.1923,95.3782,94.5788,94.605,94.3782,93.519,93.7572,94.384,94.7685,95.1927,95.2456,95.511,95.5495,95.7211,96.3456,95.7527,95.5543,95.3161,94.7637,94.3749,94.5597,94.4257,94.5626,94.6882,94.8695,94.8794,95.0219,95.3561,95.6163,95.5248,95.619,95.7689,95.6692,95.65,95.8371,96.0315,96.0123,96.2035,96.3158,96.1076,95.9009,95.7355,95.9457,96.0934,96.181,96.0624,96.0251,96.0855,96.2643,96.7355,96.8821,96.8935,96.7807,96.7675,96.8752,96.9646,96.8068,97.1018,96.8334,96.8554,96.9372,96.8461,96.6818,96.52,96.4715,96.4743,96.2736,96.0901,96.1327,96.0556,96.1367,96.2621,96.3495,96.3789,96.304,96.3866,96.4824,96.4603,96.4836,96.4566,96.4465,96.4926,96.4726,96.4883,96.4259,96.3879,96.3787,96.387,96.4254,96.4592,96.492,96.5544,96.5907,96.6157,96.661,96.6828,96.6987,96.6854,96.6951,96.6769,96.6254,96.6016,96.5865,96.5378,96.5059,96.4783,96.4995,96.4932,96.4889,96.4981,96.4675,96.4564,96.4516,96.4876,96.5286,96.5448,96.4782,96.529,96.5321,96.5907,96.679,96.754,96.7876,96.8059,96.8035,96.8443,96.7915,96.9306,96.8878,96.9375,97.0944,97.2221,97.2672,97.2547,97.3726,97.4891,97.5006,97.564,97.4489,97.3233,97.1148,97.1944,97.1132,97.029,97.1792,97.0955,97.2284,97.119,97.1234,97.1032,97.1422,97.3438,97.3551,97.301,97.4386,97.6708,97.6897,97.6827,98.0064,97.7484,97.5289,97.8176,97.718,97.721,98.0122,98.0934,98.2789,98.1211,98.533,98.7308,98.9791,99.4586,99.9327,100.051,100.002,100.191,100.491,100.26,100.46,100.279,100.12,100.113,99.9612,100.016,99.8384,99.7913,100.063,100.124,100.434,100.492,100.416,100.613,100.797,100.863,100.872,100.705,100.85,100.646,100.277,100.283,100.066,100.217,100.305,100.317,100.109,100.222,100.227,100.402,100.251,100.225,100.151,100.38,100.231,100.305,99.9346,100.229,100.444,100.505,100.657,100.491,100.294,100.458,100.56,100.595,100.201,100.267,100.452,100.524,100.842,100.72,100.54,100.822,100.786,100.983,100.838,100.677,100.688,100.413,100.7,100.807,100.7,100.825,100.873,100.538,100.555,100.675,100.83,100.663,100.663,100.609,100.656,100.543,100.881,100.856,100.853,100.969,101.167,101.511,101.57,101.745,101.934,102.117,102.278,102.548,102.585,102.43,102.233,102.185,102.29,102.346,102.853,103.052,102.859,102.868,103.202,103.356,103.614,103.735,103.863,103.593,103.855,103.875,104.069,103.963,104.037,104.117,104.06,104.13,104.15,104.174,104.364,104.317,104.264,104.282,104.382,104.294,104.388,104.586,104.56,104.724,104.745,105.136,105.533,105.598,105.81,105.78,105.69,105.648,105.674,105.918,105.799,105.619,105.776,105.891,105.918,106.181,106.483,106.367,106.285,106.189,106.264,106.303,106.642,106.731,106.488,106.462,106.463,106.586,106.979,106.939,106.799,106.366,106.385,106.567,106.567,106.882,106.752,106.714,106.995,107.241,107.36,107.18,107.248,107.17,107.063,107.256,107.562,107.566,107.581,107.475,107.833,107.598,107.572,107.467,107.395,106.97,106.931,106.933,107.198,107.221,107.492,107.606,107.682,107.651,107.781,107.616,107.821,107.922,107.914,107.938,108.009,108.122,108.301,107.988,107.816,107.661,107.593,107.512,107.539,107.719,107.764,108.037,108.363,108.703,108.554,108.625,108.661,108.478,107.932,107.669,107.67,107.795,107.646,107.803,107.742,107.809,108.324,108.7,108.637,108.335,108.303,108.439,108.318,108.124,107.946,107.329,107.22,107.549,107.922,107.806,107.6,107.554,107.313,106.799,106.806,106.482,106.355,106.066,106.047,106.128,106.124,106.435,107.143,107.425,108.029,108.139,107.86,107.593,107.721,108.088,108.288,108.3,108.483,108.231,108.083,108.799,108.864,109.372,109.418,109.566,109.525,109.339,109.758,109.65,109.434,109.526,108.519,108.461,108.151,108.343,108.46,108.079,108.412,108.27,108.329,108.533,108.12,108.172,108.544,108.724,108.376,108.704,108.38,108.728,109.556,110.157,110.414,110.432,110.024,110.637,110.433,110.512,110.619,110.603,109.956,110.015,109.546,109.745,109.122,108.805,108.875,108.778,109.133,109.641,109.52,110.018,110.314,111.332,111.556,112.195,111.685,111.06,111.193,111.008,110.02,109.64,109.247,109.308,109.362,109.829,109.835,110.659,110.98,111.25,111.529,111.372,110.826,109.893,109.629,110.864,109.408,109.581,109.266,109.475,109.378,109.487,109.646,111.32,110.472,111.386,111.559,113.071,112.46,112.724,113.744,114.77,113.625,112.277,111.582,111.51,111.542,112.369,112.348,112.109,111.413,110.345,111.507,110.976,111.396,110.369,111.24,111.179,112.141,113.363,115.257,114.728,116.528,116.271,116.199,114.611,115.425,113.804,113.456,113.088,113.748,113.207,114.277,114.842,115.684,114.722,116.05,114.927,115.094,115.973,115.891,115.34,116.232,116.621,117.718,115.556,115.37,115.783,115.582,115.793,115.754,114.926,113.899,113.036,113.566,114.343,113.595,112.366,111.833,111.974,112.295,114.35,114.447,116.701,116.643,116.483,116.403,115.514,118.117,119.502,117.804,118.707,119.372,121.883,122.063,122.014,124.182,119.984,119.151,120.426,119.983,119.45,118.501,118.997,120.013,119.411,120.977,120.415,120.282,121.343,122.097,123.058,125.093,126.182,127.254,126.221,123.824,125.838,126.538,125.92,124.177,123.162,122.167,122.053,122.625,124.691,122.795,124.789,125.502,131.407,129.898,132.348,132.426,133.723,134.238,138.559,137.813,135.147,132.089,134.798,135.719,137.208,136.519,138.563,135.01,131.13,134.607,133.401,131.321,127.895,128.127,128.602,133.026,135.328,139.946,144.645,146.709,149.731,155.112,157.413,155.172,154.169,152.323,153.098,146.568,147.265,152.897,145.429,148.6,154.006,146.343,146.343,147.48,148.013,148.165,148.894,163.197,158.698,153.913,163.473,170.175,168.14,170.564,177.821,175.268,167.163,170.325,177.405,179.191,174.244,181.261,180.323,171.418,169.121,175.485,174.938,169.967,166.437,167.469,167.023,170.375,169.502,166.881,160.337,160.607,166.418,161.201,157.85,157.153,157.218,155.078,159.037,158.407,153.473,151.594,155.532,156.075,155.533,149.08,152.089,150.471,153.134,159.401,157.093,159.413,154.969,148.108,150.903,149.872,150.895,143.831,135.535,140.696,136.715,145.116,141.085,138.159,137.065,135.433,139.938,143.52,137.534,140.689,136.797,141.072,146.144,147.573,146.295,144.76,141.021,144.403,140.069,133.915,131.212,126.426,126.461,126.251,126.364,126.666,125.23,123.593,130.224,130.445,135.898,134.906,133.696,131.906,128.938,128.321,131.037,128.405,128.027,122.717,120.372,119.474,119.106,121.272,119.3,119.876,117.592,118.081,118.83,117.818,117.711,115.189,110.346,110.91,104.061,103.491,101.994,100.738,100.057,98.4593,99.2727,102.241,102.779,105.656,106.419,108.088,107.561,106.88,106.193,105.33,105.57,103.904,103.86,103.183,102.645,104.458,105.822,106.335,107.886,107.593,106.833,105.358,104.346,103.024,101.165,100.6,100.15,98.9329,98.6403,100.251,101.757,102.62,102.684,102.673,102.764,104.158,104.246,103.517,101.701,100.545,98.833,98.8188,97.7013,97.03,96.2587,96.8611,97.8422,98.0512,97.6707,98.2616,99.2502,101.22,102.038,101.324,100.432,100.232,101.141,101.348,102.691,101.673,101.449,100.134,101.327,101.528,100.232,99.643,99.7398,99.1506,99.2517,98.8593,98.5642,98.4571,99.6369,101.129,101.408,101.791,103.448,102.538,101.473,101.851,102.035,101.074,101.558,101.094,101.286,99.2744,99.7503,99.2859,99.5631,99.9393,98.8387,96.3123,98.0342,98.3974,98.2958,99.2906,99.0169,99.848,98.8377,99.0169,100.126,99.0087,98.6489,99.3816,98.2753,100.126,99.8447,98.6248,98.4487,99.0933,98.3401,99.2632,98.8758,98.585,98.5055,98.4095,100.201,102.646,-2.43902,-1.47783,-100,656.757,
W_3482A2/154_E_None_0.55_VS2,100.34,-0.264895,0.405772,95.7279,100.881,109.17,565.454,99.1063,0.00343317,0.233782,0.484582,123.137,6479.25, ,-400,8307.69,103.746,3692.31,99.5058,100.153,99.5146,99.6881,99.3714,99.6475,99.6474,99.6489,99.4245,99.5009,99.3781,99.6518,99.0122,98.8696,99.048,98.7681,98.2731,98.2127,98.6239,98.6761,98.6159,99.2505,99.5315,99.626,99.4863,100.258,100.652,99.7227,99.7241,99.7936,99.4295,99.6153,99.6847,100.316,100.179,99.7334,100.199,99.825,99.4338,99.8269,99.8057,99.1844,98.6788,98.6839,99.1958,99.1574,99.185,99.1672,99.4394,99.1148,99.5074,99.5307,99.3917,99.2373,100.081,100.141,100.478,100.376,100.454,100.294,100.351,100.563,100.95,100.443,100.421,100.114,99.7193,99.9446,100.148,99.8903,99.5641,99.0464,98.8754,99.2179,99.0624,99.1016,99.1586,98.9025,98.8782,99.0556,98.9915,98.7105,98.4832,98.5291,98.5056,98.2854,98.5351,98.5906,98.29,98.429,98.8041,98.6193,99.5823,99.4736,99.2713,98.9134,99.0128,99.0683,99.028,99.2021,99.2969,98.65,98.4475,98.5851,98.8345,98.8414,99.0644,99.3192,99.0582,98.9605,98.4894,99.1132,99.1627,99.1502,99.1826,98.7887,98.6105,98.558,98.5364,98.8606,98.8389,98.8137,98.8314,98.708,98.9334,98.8253,98.7479,99.2435,99.3522,99.0637,99.4086,99.1222,99.0417,99.2198,99.6038,99.7137,99.4151,99.7704,99.866,99.5727,99.7872,99.9074,99.7358,99.1844,98.807,98.9935,98.7767,98.2596,98.7399,98.7028,98.7078,99.0698,99.4724,99.9489,99.2749,99.6693,100.064,99.6717,99.5979,99.387,99.1155,99.0424,98.922,99.3685,98.9042,99.1281,98.8982,99.107,99.5473,99.415,99.5253,99.8299,99.9033,99.6143,99.294,99.2134,99.1364,99.0035,98.932,98.5972,98.4627,98.2835,98.5146,98.706,98.952,98.6552,98.3781,98.4353,98.4368,98.2777,98.23,98.1821,98.4416,98.2009,98.4787,98.8166,98.5298,98.4852,98.2998,98.1388,98.0099,97.4286,97.4446,97.0091,96.538,96.4288,96.7373,96.884,96.8899,96.6044,96.6551,96.5254,96.8897,97.0012,97.138,96.8542,96.7156,96.6741,96.7644,96.6342,96.4554,96.1812,96.2785,96.3251,96.3491,96.4705,96.3859,96.295,96.239,96.3793,96.2416,95.9689,95.5275,95.4289,95.2896,94.9045,94.5786,94.5208,94.2976,94.0086,93.9215,93.9602,93.6767,93.4897,93.2584,93.1058,92.8438,92.6757,92.6291,92.6363,92.6917,92.6939,92.6859,92.6761,92.6105,92.6102,92.548,92.4842,92.5484,92.6126,92.8353,93.1305,93.4878,93.8511,94.2134,94.5942,94.9846,95.3557,95.7386,96.0426,96.1831,96.0998,95.873,95.7643,95.8298,96.0062,96.184,96.3951,96.6246,97.0273,97.6502,98.4023,98.9012,99.2045,99.3799,99.4792,99.5786,99.7397,99.7862,99.8459,99.9414,100.003,100.022,100.111,100.123,100.156,100.147,100.189,100.219,100.219,100.277,100.289,100.251,100.318,100.339,100.324,100.327,100.355,100.351,100.324,100.337,100.383,100.373,100.369,100.397,100.393,100.373,100.383,100.401,100.408,100.377,100.388,100.403,100.41,100.41,100.418,100.38,100.384,100.389,100.425,100.433,100.458,100.469,100.499,100.514,100.575,100.581,100.583,100.582,100.572,100.577,100.585,100.572,100.585,100.588,100.591,100.594,100.58,100.585,100.563,100.552,100.562,100.531,100.489,100.465,100.473,100.5,100.513,100.551,100.569,100.591,100.658,100.718,100.782,100.842,100.872,100.927,100.936,100.969,100.98,100.962,100.958,100.949,100.942,100.967,100.943,100.933,100.939,100.963,100.962,100.986,100.973,100.969,100.962,100.992,101.006,101.014,101.016,101.025,101.008,101.032,101.038,101.014,101.006,101.03,101.016,100.984,100.987,101.011,100.993,100.987,101.001,100.992,100.964,100.968,100.994,101.004,100.999,101.03,101.032,101.026,101.027,101.029,101.034,101.023,101.007,101.002,100.993,100.976,100.975,100.967,100.984,100.982,100.972,100.97,100.95,100.949,100.954,100.953,100.958,100.946,100.943,100.941,100.932,100.953,100.965,100.96,100.953,100.931,100.925,100.925,100.936,100.958,100.946,100.911,100.911,100.91,100.918,100.908,100.894,100.897,100.887,100.888,100.909,100.916,100.922,100.919,100.92,100.917,100.894,100.893,100.895,100.88,100.861,100.848,100.853,100.863,100.859,100.856,100.828,100.82,100.817,100.836,100.852,100.849,100.858,100.86,100.878,100.886,100.902,100.885,100.85,100.831,100.839,100.822,100.817,100.819,100.836,100.825,100.849,100.856,100.855,100.843,100.829,100.82,100.816,100.798,100.795,100.789,100.793,100.79,100.774,100.765,100.782,100.778,100.772,100.758,100.751,100.76,100.76,100.775,100.777,100.77,100.747,100.765,100.77,100.763,100.751,100.749,100.746,100.774,100.781,100.804,100.788,100.786,100.799,100.814,100.824,100.835,100.82,100.818,100.816,100.813,100.834,100.829,100.83,100.844,100.833,100.826,100.841,100.847,100.871,100.864,100.902,100.897,100.879,100.897,100.896,100.882,100.873,100.866,100.866,100.836,100.831,100.831,100.829,100.85,100.861,100.864,100.868,100.893,100.913,100.936,100.951,100.952,100.959,100.965,100.995,100.999,100.979,100.964,100.979,100.983,100.996,100.979,100.968,100.936,100.926,100.932,100.941,100.902,100.902,100.896,100.895,100.894,100.917,100.921,100.926,100.922,100.94,100.938,100.934,100.935,100.953,100.943,100.954,100.949,100.95,100.965,100.964,100.964,100.985,100.975,100.999,101.001,101.009,101.018,101.018,101.018,101.033,101.022,101.036,101.019,101.007,100.993,100.988,100.994,101.009,101.014,101.055,101.053,101.059,101.093,101.143,101.148,101.171,101.146,101.144,101.139,101.146,101.158,101.144,101.096,101.089,101.05,101.062,101.089,101.089,101.092,101.093,101.116,101.131,101.159,101.174,101.208,101.2,101.208,101.22,101.206,101.181,101.209,101.231,101.243,101.239,101.23,101.183,101.185,101.218,101.264,101.284,101.249,101.251,101.267,101.252,101.312,101.298,101.278,101.247,101.225,101.286,101.284,101.271,101.302,101.339,101.367,101.45,101.497,101.535,101.507,101.57,101.598,101.593,101.528,101.515,101.476,101.449,101.453,101.466,101.412,101.397,101.428,101.468,101.535,101.499,101.53,101.484,101.488,101.532,101.548,101.537,101.555,101.519,101.573,101.565,101.634,101.698,101.715,101.759,101.762,101.753,101.791,101.803,101.849,101.831,101.81,101.791,101.749,101.777,101.764,101.729,101.71,101.668,101.658,101.606,101.606,101.686,101.681,101.692,101.687,101.684,101.639,101.673,101.744,101.762,101.701,101.723,101.719,101.743,101.728,101.813,101.812,101.741,101.662,101.723,101.725,101.708,101.751,101.852,101.87,101.877,101.875,101.966,101.854,101.891,101.898,101.903,101.851,101.759,101.811,101.793,101.785,101.781,101.725,101.904,101.998,102.021,102.105,102.063,102.172,102.218,102.28,102.312,102.186,102.06,102.072,102.114,101.998,101.887,101.91,101.957,102.072,102.107,102.05,102.126,102.045,102.153,102.129,102.19,102.168,102.049,101.971,102.029,101.853,101.896,102.031,102.226,102.19,102.387,102.403,102.44,102.506,102.38,102.353,102.003,102.073,102.17,102,102.073,102.182,102.198,102.525,102.515,102.826,102.572,102.293,102.377,102.091,102.028,102.136,102.142,102.226,102.312,102.317,102.282,102.091,102.475,102.497,102.171,102.11,102.115,101.948,101.919,102.052,102.11,102.027,101.861,102.195,102.507,102.269,102.325,102.528,102.554,102.736,102.465,102.824,102.688,102.335,102.34,102.349,102.281,102.204,101.946,101.779,101.586,101.649,101.629,101.626,101.581,101.416,101.196,101.246,102.002,102.009,101.932,101.791,102.099,102.386,102.341,102.869,102.865,102.116,102.445,102.265,102.495,102.409,102.201,102.236,101.929,101.797,101.656,101.244,100.805,100.45,100.5,100.312,100.493,100.469,100.445,101.014,100.857,101.362,101.993,102.317,102.563,102.467,102.312,102.434,101.917,102.105,101.939,101.303,101.12,100.841,100.601,100.793,100.841,100.985,100.969,101.052,101.463,100.863,101.451,101.759,101.633,101.482,101.624,101.483,101.667,101.536,101.874,101.694,101.411,101.427,101.164,101.27,101.113,101.037,101.06,101.028,100.635,101.185,101.483,101.639,101.557,101.436,101.177,101.241,101.287,101.619,101.169,100.943,100.757,100.384,100.665,100.945,100.966,100.964,100.753,100.941,101.059,101.104,101.37,101.227,100.936,100.679,100.875,100.655,100.595,100.503,100.972,101.199,101.59,101.794,102.013,101.846,102.049,102.071,102.091,102.141,101.98,101.817,101.291,101.605,101.527,101.617,101.7,101.774,101.623,101.773,101.802,102.162,101.98,101.927,102.173,102.046,101.786,102.076,101.973,101.803,101.742,101.359,101.502,101.155,101.308,101.731,101.635,101.785,102.107,102.172,102.463,102.382,102.377,102.104,101.919,101.548,101.178,100.895,101.249,101.285,101.408,101.49,101.465,101.525,101.552,101.832,102.266,101.929,101.962,101.992,102.157,102.268,102.12,102.375,102.373,102.268,102.504,102.268,102.572,102.612,102.62,102.915,103.003,103.173,102.969,103.029,103.61,-25.6959,-160.858,360.902,-20.4429,
F_3482A2/154_E_None_0.55_VS2,100.275,1.42242,-11.5584,109.805,100.713,46.8246,462.433,145.373,0.0347932,-0.535718,11.6456,-82.9843,3073.86, ,0,68.9459,370.543,52.8139,92.1644,92.7008,93.0077,93.3112,93.3753,93.7048,92.8895,92.9042,92.807,93.5893,93.417,92.9392,92.5899,92.3453,92.8444,92.8149,92.6322,91.8933,91.4938,91.6814,92.2715,92.4268,92.4706,91.9964,92.5517,92.7905,93.6721,93.809,93.7244,92.9454,92.6899,92.5411,92.3523,91.9939,91.828,91.7713,91.622,91.3702,91.9035,91.741,92.2643,92.3006,92.0648,92.0249,92.2704,92.1151,92.4699,92.6864,92.7659,92.4992,92.326,92.9478,93.5916,93.4834,93.2083,93.4095,93.5046,94.6536,94.5025,94.9035,94.0714,94.2273,94.2043,94.1747,93.8016,92.863,91.7898,92.0736,92.5821,92.8928,92.4743,92.5546,93.1631,93.5361,94.5639,95.215,94.933,94.63,94.6479,94.0338,93.9059,93.8008,93.1702,92.8122,91.7597,92.5875,92.1822,92.4425,92.6292,92.8392,92.5151,92.6526,92.5508,93.6924,92.9874,93.3546,92.9186,93.1244,92.6094,92.4125,92.6516,92.3815,92.1889,91.8111,91.6627,92.0915,92.2386,92.8833,92.9854,92.6248,92.8061,92.4588,92.7443,92.7969,92.4008,92.2957,91.6562,91.9751,92.7614,92.7935,93.3588,93.247,92.7188,92.739,92.6025,92.5773,92.3934,92.1122,92.6274,92.1929,92.4946,93.1323,92.957,93.1324,93.2911,93.1722,92.9845,92.5943,92.5865,92.2706,91.9569,92.2476,92.3285,92.1638,92.1019,92.0057,91.8504,91.8835,92.2769,92.0009,91.9327,91.4406,91.7808,91.9987,91.8179,92.0843,92.2797,91.9772,92.4001,92.4413,92.5363,92.165,92.3409,92.6155,92.61,92.5911,92.6459,92.7713,92.733,93.0392,93.6013,93.6614,93.7508,93.7741,93.7051,93.6862,93.6552,93.6353,93.6546,93.4056,93.2665,93.298,93.2387,93.2797,93.1818,93.2467,93.3425,93.1754,93.0212,93.0526,93.0206,93.0069,93.0923,93.2578,93.3315,93.2692,93.548,93.7605,93.9449,94.0363,94.208,94.3179,94.3962,94.3285,94.2535,94.1419,94.0317,93.893,93.8104,93.7845,93.7163,93.6645,93.6222,93.5928,93.5429,93.494,93.4463,93.3789,93.2644,93.1736,93.0618,92.9271,92.7905,92.6445,92.5303,92.3874,92.2843,92.1848,92.0988,91.9945,91.9408,91.8312,91.7881,91.6804,91.6737,91.5848,91.5525,91.4783,91.4944,91.4536,91.5437,91.5988,91.6416,91.6605,91.7139,91.7893,91.7293,91.6739,91.83,91.9201,92.0783,92.2249,92.4344,92.6536,92.6809,92.8235,93.0727,93.1881,93.2035,93.1802,93.2042,93.1412,93.28,93.6631,94.3316,94.561,94.667,95.2247,95.5438,96.1382,96.6477,97.43,98.7685,99.6532,100.776,102.051,102.881,104.052,104.906,105.886,106.092,106.079,106.612,107.072,107.933,109.203,110.495,111.782,113.354,115.268,116.717,117.945,118.979,119.603,119.997,120.057,120.451,120.354,120.054,120.145,120.39,121.246,122.491,123.25,123.809,124.346,124.726,124.759,124.848,124.956,124.725,124.246,123.615,123.613,123.311,123.218,123.525,123.806,123.728,123.638,123.768,124.131,124.072,124.07,123.962,123.763,123.777,123.549,122.985,122.42,122.193,121.929,121.698,121.418,121.011,120.28,120.313,120.384,120.121,119.763,119.327,118.861,118.399,118.098,117.773,117.123,116.682,116.475,116.29,116.076,115.801,115.648,115.53,115.327,115.039,114.764,114.425,114.122,113.914,113.773,113.537,113.217,113,112.717,112.154,111.58,111.048,110.903,110.552,110.284,109.788,109.508,109.172,108.922,108.631,108.347,107.975,107.65,107.449,107.394,107.093,106.879,107.096,107.09,107.332,107.093,106.752,106.238,105.99,105.73,105.517,105.448,105.206,104.608,104.217,104.202,104.335,104.194,104.153,104.057,103.538,103.779,103.883,103.585,103.367,103.054,102.786,102.719,102.822,102.705,102.377,102.195,102.388,102.265,102.362,102.57,102.062,101.736,101.708,101.548,101.403,101.311,101.182,101.092,100.811,101,101.004,100.969,101.004,100.999,101.036,101.105,100.999,100.99,100.947,100.892,101.064,100.971,101.042,100.796,100.682,100.603,100.599,100.794,100.838,100.504,100.388,100.035,100.123,100.456,100.375,100.262,99.7833,99.5548,99.7595,100.01,100.01,99.9343,99.6957,99.9392,100.125,100.377,100.246,100.043,99.6958,99.855,99.9657,100.133,100.151,99.9707,99.9592,100.2,100.184,100.283,100.133,100.128,99.946,99.7922,99.8683,99.7599,99.8847,99.8717,99.9073,100.085,99.9183,99.6743,99.7029,99.7888,100.05,99.9989,99.9858,99.9068,99.9856,100.119,100.059,100.127,100.114,100.088,99.9575,100.103,100.167,100.09,100.198,100.365,100.448,100.246,100.138,100.14,100.051,100.051,99.9231,99.8539,99.8911,99.6882,99.8732,99.8484,99.7272,100.071,100.072,99.9406,100.166,100.083,100.229,100.448,100.707,100.909,100.559,100.529,100.809,100.738,100.969,100.639,100.246,100.2,100.037,99.9491,99.9286,99.7768,99.8046,99.7193,99.9982,100.21,99.9552,100.205,100.241,100.627,100.725,100.319,100.241,99.9745,99.9147,100.022,100.144,100.158,100.06,100.099,100.331,100.18,100.829,101.042,100.935,100.643,101.098,101.314,101.5,101.912,102.484,101.94,102.273,102.484,102.704,102.252,101.913,101.406,101.148,101.125,101.438,100.912,100.721,101.161,101.629,101.137,101.89,101.816,101.533,101.818,102.019,102.373,102.283,102.114,102.843,102.463,102.526,102.396,102.384,102.24,102.359,101.821,102.023,101.419,101.349,101.714,101.829,101.882,102.584,102.131,103.011,103.08,103.804,103.896,103.635,104.092,103.21,102.798,102.919,102.098,101.671,101.175,101.983,102.251,102.073,102.758,103.336,103.355,103.279,103.659,103.737,102.723,102.186,101.495,101.866,101.256,101.274,101.578,102.039,102.904,103.113,103.114,104.012,104.184,103.932,104.528,104.626,104.098,103.667,104.098,104.594,104.895,103.416,103.909,103.255,103.833,103.311,103.309,103.089,102.815,101.307,102.009,100.935,102.298,101.345,102.934,102.921,103.991,104.674,106.72,106.848,107.738,106.297,107.849,106.602,107.092,104.692,103.998,103.914,104.723,105.191,106.511,104.95,105.721,106.667,108.727,108.093,108.069,107.48,107.876,107.518,108.504,107.898,107.355,105.937,106.508,106.057,105.761,105.298,106.18,106.22,106.636,104.977,105.892,106.797,107.802,108.236,108.468,108.494,108.013,109.376,110.033,111.585,111.938,111.298,109.892,109.407,109.077,110.66,107.462,106.752,106.507,107.3,107.907,107.9,108.685,105.855,104.427,107.209,106.37,106.045,106.173,104.593,107.1,105.684,107.94,108.981,108.996,109.335,108.645,107.398,108.072,107.768,108.235,104.298,100.15,102.378,104.57,104.789,105.41,105.937,102.752,103.017,106.998,109.143,106.064,107.054,107.036,106.82,104.968,109.589,107.44,106.387,106.533,107.958,104.543,101.709,102.645,102.188,102.199,103.769,107.24,108.769,104.787,105.397,106.63,103.869,103.356,99.9518,102.449,98.8665,102.484,102.259,103.516,105.204,106.008,112.181,114.557,114.991,114.517,112.979,113.452,112.418,112.467,113.775,108.603,101.364,103.975,102.684,96.9533,97.326,101.045,98.4382,99.1709,104.256,111.351,106.347,104.542,110.078,112.773,110.974,116.142,117.674,111.852,109.121,109.817,117.815,112.221,111.423,114.45,110.7,104.762,107.966,108.683,108.138,102.465,102.077,99.0304,97.6931,95.3608,89.7492,87.4957,90.5606,87.3839,91.9865,93.3828,94.5967,92.1692,94.3978,102.19,106.511,104.542,107.602,102.518,102.19,103.029,101.185,98.3388,95.4998,91.608,93.8143,91.2255,90.8491,95.8693,95.2316,97.1788,99.9278,101.983,104.84,100.322,99.1894,104.142,97.7408,102.602,101.374,99.5823,96.5193,95.2325,95.8208,97.5286,95.5984,98.2357,94.0473,92.2834,95.0461,97.287,95.0299,94.4833,93.919,97.6804,99.0088,99.9467,99.3494,94.5637,96.5755,99.0119,102.06,101.456,96.3583,93.4067,93.9834,95.0433,103.68,101.448,100.241,99.3475,94.7062,95.7172,95.9767,91.9031,91.6269,84.9552,86.6838,86.7831,86.956,90.8084,91.0707,93.1998,92.9551,93.0364,94.7007,94.3468,93.6483,90.7259,89.2863,88.9272,87.2484,89.1445,89.9574,89.7892,89.7961,90.8714,91.3698,92.3203,94.0673,96.036,96.5683,96.9057,97.2303,96.0722,96.4258,98.2156,98.6618,99.2056,98.0701,96.9642,96.8817,97.2802,97.2735,96.2273,95.5814,95.4244,93.6646,93.8351,94.6266,93.8972,93.5637,93.0244,92.7367,91.7977,90.8446,90.359,90.8446,91.1576,90.7685,90.4911,90.8557,91.7391,92.6157,93.1274,93.9485,93.5623,91.5684,91.9727,91.1527,91.5684,91.2379,91.057,90.6137,89.8669,88.9518,89.0503,89.79,92.2777,92.7704,92.4454,92.1323,92.7787,94.1493,95.0345,97.2251,97.7311,96.953,96.5184,97.0015,98.0908,98.501,96.4615,96.8404,95.9566,94.7986,94.304,94.0044,93.8703,93.2186,92.6218,93.3118,93.5396,94.2287,94.6862,95.2822,94.9131,95.6949,95.6287,96.3619,96.0307,94.9751,94.4823,94.236,93.543,94.0643,93.7239,92.7317,91.6381,92.8109,93.6281,92.8563,92.3794,90.9376,90.6779,90.3361,90.9376,91.1409,91.3271,90.6693,92.0791,91.5682,93.0504,93.5825,93.3189,91.6917,93.0308,92.1778,93.3378,92.2635,93.4151,93.1925,93.1883,93.2607,98.1238,129.539,19.376,1311.11,650.45,
W_Calibration,100,0,0,95.0422,100,108.876,565.016,99.9909,1.74827e-05,0.00127928,0,0,6504.1, ,100,100,100,100,100,100,100,100,100,100,100,100,100,100,100,100,100,100,100,100,100,100,100,100,100,100,100,100,100,100,100,100,100,100,100,100,100,100,100,100,100,100,100,100,100,100,100,100,100,100,100,100,100,100,100,100,100,100,100,100,100,100,100,100,100,100,100,100,100,100,100,100,100,100,100,100,100,100,100,100,100,100,100,100,100,100,100,100,100,100,100,100,100,100,100,100,100,100,100,100,100,100,100,100,100,100,100,100,100,100,100,100,100,100,100,100,100,100,100,100,100,100,100,100,100,100,100,100,100,100,100,100,100,100,100,100,100,100,100,100,100,100,100,100,100,100,100,100,100,100,100,100,100,100,100,100,100,100,100,100,100,100,100,100,100,100,100,100,100,100,100,100,100,100,100,100,100,100,100,100,100,100,100,100,100,100,100,100,100,100,100,100,100,100,100,100,100,100,100,100,100,100,100,100,100,100,100,100,100,100,100,100,100,100,100,100,100,100,100,100,100,100,100,100,100,100,100,100,100,100,100,100,100,100,100,100,100,100,100,100,100,100,100,100,100,100,100,100,100,100,100,100,100,100,100,100,100,100,100,100,100,100,100,100,100,100,100,100,100,100,100,100,100,100,100,100,100,100,100,100,100,100,100,100,100,100,100,100,100,100,100,100,100,100,100,100,100,100,100,100,100,100,100,100,100,100,100,100,100,100,100,100,100,100,100,100,100,100,100,100,100,100,100,100,100,100,100,100,100,100,100,100,100,100,100,100,100,100,100,100,100,100,100,100,100,100,100,100,100,100,100,100,100,100,100,100,100,100,100,100,100,100,100,100,100,100,100,100,100,100,100,100,100,100,100,100,100,100,100,100,100,100,100,100,100,100,100,100,100,100,100,100,100,100,100,100,100,100,100,100,100,100,100,100,100,100,100,100,100,100,100,100,100,100,100,100,100,100,100,100,100,100,100,100,100,100,100,100,100,100,100,100,100,100,100,100,100,100,100,100,100,100,100,100,100,100,100,100,100,100,100,100,100,100,100,100,100,100,100,100,100,100,100,100,100,100,100,100,100,100,100,100,100,100,100,100,100,100,100,100,100,100,100,100,100,100,100,100,100,100,100,100,100,100,100,100,100,100,100,100,100,100,100,100,100,100,100,100,100,100,100,100,100,100,100,100,100,100,100,100,100,100,100,100,100,100,100,100,100,100,100,100,100,100,100,100,100,100,100,100,100,100,100,100,100,100,100,100,100,100,100,100,100,100,100,100,100,100,100,100,100,100,100,100,100,100,100,100,100,100,100,100,100,100,100,100,100,100,100,100,100,100,100,100,100,100,100,100,100,100,100,100,100,100,100,100,100,100,100,100,100,100,100,100,100,100,100,100,100,100,100,100,100,100,100,100,100,100,100,100,100,100,100,100,100,100,100,100,100,100,100,100,100,100,100,100,100,100,100,100,100,100,100,100,100,100,100,100,100,100,100,100,100,100,100,100,100,100,100,100,100,100,100,100,100,100,100,100,100,100,100,100,100,100,100,100,100,100,100,100,100,100,100,100,100,100,100,100,100,100,100,100,100,100,100,100,100,100,100,100,100,100,100,100,100,100,100,100,100,100,100,100,100,100,100,100,100,100,100,100,100,100,100,100,100,100,100,100,100,100,100,100,100,100,100,100,100,100,100,100,100,100,100,100,100,100,100,100,100,100,100,100,100,100,100,100,100,100,100,100,100,100,100,100,100,100,100,100,100,100,100,100,100,100,100,100,100,100,100,100,100,100,100,100,100,100,100,100,100,100,100,100,100,100,100,100,100,100,100,100,100,100,100,100,100,100,100,100,100,100,100,100,100,100,100,100,100,100,100,100,100,100,100,100,100,100,100,100,100,100,100,100,100,100,100,100,100,100,100,100,100,100,100,100,100,100,100,100,100,100,100,100,100,100,100,100,100,100,100,100,100,100,100,100,100,100,100,100,100,100,100,100,100,100,100,100,100,100,100,100,100,100,100,100,100,100,100,100,100,100,100,100,100,100,100,100,100,100,100,100,100,100,100,100,100,100,100,100,100,100,100,100,100,100,100,100,100,100,100,100,100,100,100,100,100,100,100,100,100,100,100,100,100,100,100,100,100,100,100,100,100,100,100,100,100,100,100,100,100,100,100,100,100,100,100,100,100,100,100,100,100,100,100,100,100,100,100,100,100,100,100,100,100,100,100,100,100,100,100,100,100,100,100,100,100,100,100,100,100,100,100,100,100,100,100,100,100,100,100,100,100,100,100,100,100,100,100,100,100,100,100,100,100,100,100,100,100,100,100,100,100,100,100,100,100,100,100,100,100,100,100,100,100,100,100,100,100,100,100,100,100,100,100,100,
F_Calibration,100,0,0,108.104,100,39.2965,491.07,99.9909,0.000170256,0.00127928,0,0,3000.62, ,100,100,100,100,100,100,100,100,100,100,100,100,100,100,100,100,100,100,100,100,100,100,100,100,100,100,100,100,100,100,100,100,100,100,100,100,100,100,100,100,100,100,100,100,100,100,100,100,100,100,100,100,100,100,100,100,100,100,100,100,100,100,100,100,100,100,100,100,100,100,100,100,100,100,100,100,100,100,100,100,100,100,100,100,100,100,100,100,100,100,100,100,100,100,100,100,100,100,100,100,100,100,100,100,100,100,100,100,100,100,100,100,100,100,100,100,100,100,100,100,100,100,100,100,100,100,100,100,100,100,100,100,100,100,100,100,100,100,100,100,100,100,100,100,100,100,100,100,100,100,100,100,100,100,100,100,100,100,100,100,100,100,100,100,100,100,100,100,100,100,100,100,100,100,100,100,100,100,100,100,100,100,100,100,100,100,100,100,100,100,100,100,100,100,100,100,100,100,100,100,100,100,100,100,100,100,100,100,100,100,100,100,100,100,100,100,100,100,100,100,100,100,100,100,100,100,100,100,100,100,100,100,100,100,100,100,100,100,100,100,100,100,100,100,100,100,100,100,100,100,100,100,100,100,100,100,100,100,100,100,100,100,100,100,100,100,100,100,100,100,100,100,100,100,100,100,100,100,100,100,100,100,100,100,100,100,100,100,100,100,100,100,100,100,100,100,100,100,100,100,100,100,100,100,100,100,100,100,100,100,100,100,100,100,100,100,100,100,100,100,100,100,100,100,100,100,100,100,100,100,100,100,100,100,100,100,100,100,100,100,100,100,100,100,100,100,100,100,100,100,100,100,100,100,100,100,100,100,100,100,100,100,100,100,100,100,100,100,100,100,100,100,100,100,100,100,100,100,100,100,100,100,100,100,100,100,100,100,100,100,100,100,100,100,100,100,100,100,100,100,100,100,100,100,100,100,100,100,100,100,100,100,100,100,100,100,100,100,100,100,100,100,100,100,100,100,100,100,100,100,100,100,100,100,100,100,100,100,100,100,100,100,100,100,100,100,100,100,100,100,100,100,100,100,100,100,100,100,100,100,100,100,100,100,100,100,100,100,100,100,100,100,100,100,100,100,100,100,100,100,100,100,100,100,100,100,100,100,100,100,100,100,100,100,100,100,100,100,100,100,100,100,100,100,100,100,100,100,100,100,100,100,100,100,100,100,100,100,100,100,100,100,100,100,100,100,100,100,100,100,100,100,100,100,100,100,100,100,100,100,100,100,100,100,100,100,100,100,100,100,100,100,100,100,100,100,100,100,100,100,100,100,100,100,100,100,100,100,100,100,100,100,100,100,100,100,100,100,100,100,100,100,100,100,100,100,100,100,100,100,100,100,100,100,100,100,100,100,100,100,100,100,100,100,100,100,100,100,100,100,100,100,100,100,100,100,100,100,100,100,100,100,100,100,100,100,100,100,100,100,100,100,100,100,100,100,100,100,100,100,100,100,100,100,100,100,100,100,100,100,100,100,100,100,100,100,100,100,100,100,100,100,100,100,100,100,100,100,100,100,100,100,100,100,100,100,100,100,100,100,100,100,100,100,100,100,100,100,100,100,100,100,100,100,100,100,100,100,100,100,100,100,100,100,100,100,100,100,100,100,100,100,100,100,100,100,100,100,100,100,100,100,100,100,100,100,100,100,100,100,100,100,100,100,100,100,100,100,100,100,100,100,100,100,100,100,100,100,100,100,100,100,100,100,100,100,100,100,100,100,100,100,100,100,100,100,100,100,100,100,100,100,100,100,100,100,100,100,100,100,100,100,100,100,100,100,100,100,100,100,100,100,100,100,100,100,100,100,100,100,100,100,100,100,100,100,100,100,100,100,100,100,100,100,100,100,100,100,100,100,100,100,100,100,100,100,100,100,100,100,100,100,100,100,100,100,100,100,100,100,100,100,100,100,100,100,100,100,100,100,100,100,100,100,100,100,100,100,100,100,100,100,100,100,100,100,100,100,100,100,100,100,100,100,100,100,100,100,100,100,100,100,100,100,100,100,100,100,100,100,100,100,100,100,100,100,100,100,100,100,100,100,100,100,100,100,100,100,100,100,100,100,100,100,100,100,100,100,100,100,100,100,100,100,100,100,100,100,100,100,100,100,100,100,100,100,100,100,100,100,100,100,100,100,100,100,100,100,100,100,100,100,100,100,100,100,100,100,100,100,100,100,100,100,100,100,100,100,100,100,100,100,100,100,100,100,100,100,100,100,100,100,100,100,100,100,100,100,100,100,100,100,100,100,100,100,100,100,100,100,100,100,100,100,100,100,100,100,100,100,100,100,100,100,100,100,100,100,100,100,100,100,100,100,100,100,100,100,100,100,100,100,100,100,100,100,100,100,100,100,100,100,100,100,
W_3482A2/285_G_Faint_0.51_VVS1,93.0356,-0.628695,1.22543,78.6146,83.0483,88.6626,567.939,77.3461,0.0113692,0.446365,1.37729,117.16,6413.85, ,0,8166.67,200.855,99.1561,80.0448,78.8332,78.6891,78.6579,78.7075,79.0741,79.0259,79.2497,80.0349,80.0199,80.6759,81.007,81.5103,81.5203,80.9232,81.1428,81.0299,80.8286,80.5888,80.6783,80.6951,80.7201,81.0691,81.1237,80.4479,80.1715,79.7546,79.9677,80.0045,79.7452,79.4986,79.0414,78.9072,79.0793,79.4409,79.7218,79.345,79.3923,79.5195,78.9482,79.0751,79.0836,79.2309,78.6196,78.3604,78.6191,78.3351,78.4849,79.55,79.6728,79.6713,79.7106,80.1387,80.1625,79.8547,80.0599,79.8257,79.2919,79.1066,79.2422,79.1143,79.4645,79.6076,79.9126,79.9393,79.9961,79.9924,80.1233,80.4651,80.5478,80.641,80.4157,80.4454,80.6777,80.8599,80.8161,80.9592,80.8454,80.8361,80.4226,80.3054,80.4637,79.8934,79.9418,79.5092,79.6364,79.5845,79.6369,79.6365,80.1054,79.7777,80.2762,80.3807,80.5792,80.0415,80.0728,79.6731,79.9623,79.9407,79.9193,80.1172,79.8406,80.0547,80.4745,80.0901,80.2395,79.7952,80.0738,80.3332,79.9181,79.8896,79.7945,79.7489,79.9367,80.3727,80.5575,80.4075,80.2801,80.4415,80.5261,80.6092,80.5493,80.6506,80.6266,80.6234,80.1924,80.3299,80.0863,79.9916,80.0689,80.0659,80.2876,80.4961,80.4336,80.7561,80.8273,81.3078,81.2441,81.1247,80.9903,80.8668,80.1997,80.3246,80.4247,80.2001,79.7905,80.089,80.5824,80.8686,80.7973,81.3071,81.6618,81.7747,81.9123,81.7936,81.96,81.7102,81.7164,81.3157,81.0709,80.7011,80.3502,80.3895,80.5004,79.9803,79.9168,80.1908,80.4806,80.6448,80.9217,80.9599,81.0153,80.987,81.232,81.3515,80.671,80.4673,80.5022,80.2711,80.0717,79.828,79.7369,79.5959,79.2129,79.5174,79.5032,79.1345,78.8225,78.7319,78.5493,78.321,78.0296,77.8374,77.5616,77.5124,77.6446,77.9121,77.9338,78.0174,77.7815,77.7228,77.5178,77.3283,77.4447,77.005,76.6645,76.3307,76.0532,76.1909,76.196,76.4362,76.4159,76.0899,76.365,76.1376,76.2465,76.0536,75.9844,75.6461,75.3733,75.3445,75.1947,74.9765,74.8094,74.4401,74.4437,74.1405,73.9684,73.4642,72.9801,72.7209,72.3103,71.9252,71.5544,71.1138,70.627,70.1993,69.7477,69.4166,68.8934,68.4362,67.8775,67.5281,66.8659,66.2211,65.6323,65.1054,64.7233,64.6516,64.6255,64.6442,64.6258,64.6743,64.7122,64.6788,64.5558,64.4106,64.2393,64.224,64.3582,64.6894,65.1926,65.7607,66.3431,66.9838,67.6353,68.3587,69.0758,69.7831,70.3682,70.6556,70.5305,70.1587,70.0203,70.2758,70.6899,71.203,71.7751,72.3974,73.332,74.6755,76.305,77.5287,78.283,78.7945,79.1607,79.4817,79.8288,80.0583,80.363,80.5869,80.7892,80.9389,81.067,81.223,81.3769,81.4732,81.6017,81.6695,81.7357,81.7567,81.7878,81.8343,81.8669,81.883,81.9113,81.9293,81.9602,81.9651,82.0242,82.0832,82.1229,82.1839,82.2283,82.2816,82.2922,82.2996,82.2901,82.2548,82.2092,82.1849,82.1423,82.0929,82.0472,82.0208,81.9588,81.9537,81.9546,81.9526,81.9689,81.9587,81.9563,81.9439,81.9119,81.9401,81.919,81.9145,81.9187,81.8822,81.8667,81.8688,81.8744,81.9063,81.9096,81.9196,81.9073,81.887,81.8876,81.8819,81.8256,81.7555,81.6634,81.565,81.4929,81.421,81.4056,81.3951,81.423,81.4973,81.5802,81.7224,81.8588,82.0101,82.1579,82.2401,82.3425,82.3989,82.4319,82.4862,82.5206,82.5809,82.5906,82.6084,82.6329,82.638,82.6813,82.7174,82.759,82.7577,82.7607,82.7905,82.8236,82.8614,82.8715,82.8495,82.8806,82.8759,82.8776,82.8821,82.8712,82.8846,82.8767,82.8953,82.9277,82.9305,82.9512,82.9842,82.989,83.0304,83.024,83.0146,83.0148,83.0449,83.0645,83.0521,83.0532,83.0594,83.0507,83.0658,83.0977,83.1097,83.1098,83.0813,83.1032,83.1253,83.1629,83.1641,83.1685,83.1735,83.1807,83.1522,83.1816,83.1829,83.1803,83.1581,83.1515,83.1555,83.1557,83.1521,83.1703,83.1807,83.1748,83.1784,83.1843,83.212,83.2362,83.2521,83.2717,83.2602,83.255,83.2596,83.2591,83.2504,83.2301,83.1955,83.1903,83.1645,83.1741,83.15,83.1671,83.1607,83.1723,83.1873,83.1986,83.1923,83.204,83.2075,83.2284,83.2103,83.212,83.195,83.1848,83.1702,83.1637,83.1514,83.1411,83.1374,83.1479,83.1354,83.1531,83.1531,83.168,83.1598,83.1761,83.1771,83.1896,83.1819,83.1845,83.1795,83.1683,83.1513,83.1538,83.1299,83.1362,83.1211,83.1352,83.1409,83.134,83.1468,83.1486,83.1559,83.1623,83.1574,83.1485,83.1197,83.1226,83.1171,83.0991,83.0991,83.0977,83.1038,83.1038,83.1009,83.1202,83.1049,83.1067,83.1069,83.1019,83.0862,83.0662,83.062,83.0678,83.0392,83.0357,83.0264,83.0213,83.0149,83.0341,83.0457,83.0486,83.0378,83.0365,83.0264,83.0278,83.0308,83.0441,83.0234,83.0318,83.0326,83.0343,83.0645,83.0626,83.0634,83.075,83.0524,83.0511,83.0271,83.0025,82.9981,82.9777,82.9922,82.991,82.9724,82.9742,82.9785,82.9779,82.9809,82.9824,82.9683,82.9822,82.9717,82.9662,82.9861,82.9814,82.9717,82.9842,82.9766,82.9736,82.9484,82.9271,82.9163,82.9183,82.905,82.9201,82.9162,82.9291,82.927,82.919,82.9424,82.9594,82.9269,82.9294,82.9273,82.9116,82.8969,82.8895,82.8931,82.8693,82.8557,82.874,82.8774,82.8598,82.8488,82.8374,82.841,82.8206,82.8471,82.8359,82.8133,82.8054,82.8228,82.8362,82.8245,82.8447,82.8572,82.8403,82.8597,82.8745,82.8672,82.8527,82.8627,82.8813,82.8567,82.8452,82.8485,82.8413,82.8238,82.8288,82.8409,82.8271,82.8124,82.8028,82.8008,82.8005,82.7965,82.8059,82.7911,82.7842,82.7723,82.7811,82.7843,82.7824,82.7776,82.7915,82.799,82.8127,82.7822,82.7791,82.783,82.7927,82.8029,82.8102,82.8024,82.7779,82.7619,82.8083,82.7991,82.793,82.7984,82.812,82.8247,82.8202,82.8529,82.8834,82.8671,82.8742,82.8892,82.9103,82.9006,82.8849,82.9011,82.8584,82.867,82.872,82.9205,82.9256,82.9173,82.924,82.9178,82.933,82.9835,82.997,83.0139,83.0093,82.9794,82.9679,82.9633,82.9824,82.9569,82.9311,82.9174,82.9013,82.8553,82.8417,82.8414,82.8656,82.8587,82.8565,82.8303,82.7781,82.7686,82.8292,82.8761,82.8928,82.8839,82.9093,82.9026,82.9641,83.0156,83.0351,83.0171,83.0266,83.0311,83.0792,83.1093,83.1561,83.1753,83.2272,83.2853,83.3371,83.3924,83.4416,83.4729,83.49,83.5064,83.5448,83.5801,83.5523,83.5675,83.607,83.6232,83.6181,83.6208,83.6593,83.7076,83.6777,83.7012,83.6828,83.6605,83.6561,83.6913,83.7153,83.7686,83.7206,83.8248,83.8583,83.8696,83.7904,83.7257,83.6695,83.6943,83.5834,83.567,83.4973,83.5203,83.5919,83.7332,83.774,83.9202,83.9429,84.0262,84.0744,84.1963,84.2495,84.2398,84.2969,84.4043,84.3439,84.3309,84.4289,84.52,84.4889,84.5974,84.7254,84.7467,84.7451,84.8257,84.8819,84.8818,84.8745,84.9817,84.9259,84.8523,84.9045,85.0761,85.0726,85.029,85.0624,85.1181,85.1505,85.1175,85.2488,85.2285,85.0994,85.1895,85.3684,85.4428,85.4348,85.3958,85.4456,85.472,85.477,85.6668,85.6861,85.579,85.682,85.7485,85.7819,85.9463,85.9765,86.1671,86.0965,86.0763,86.1499,86.0642,86.2331,86.2303,86.2238,86.1593,85.9699,85.7958,85.6955,85.6039,85.6206,85.4462,85.4861,85.3194,85.3726,85.386,85.6369,85.7046,85.7765,85.7798,85.833,85.9623,86.14,86.4653,86.5311,86.5999,86.7959,86.8981,87.007,87.1959,87.0208,86.9346,86.5546,86.666,86.6516,86.9382,87.1734,87.5434,87.8006,88.1194,88.4467,88.9492,88.9601,89.3482,89.1716,89.2662,89.1661,89.2438,89.2995,89.3768,89.5476,89.779,89.8674,90.4164,90.5021,90.6729,90.6889,91.0001,91.1237,90.8329,90.9668,90.6066,90.3276,90.4425,90.5424,90.6053,90.5926,90.6151,90.9884,90.9316,91.2124,91.4273,91.685,91.359,91.3989,91.5236,91.6383,91.4941,91.6538,91.8098,91.7069,91.554,91.8242,91.8029,91.855,91.9464,91.8438,91.959,92.1805,92.244,92.1458,92.0438,92.1182,92.1492,92.1721,92.6648,92.6118,92.3483,92.4593,92.6957,92.769,92.879,92.5673,92.6913,92.3361,92.3922,92.2808,92.3833,92.4771,92.6991,92.39,92.447,92.2905,92.4081,91.9022,92.0158,91.6794,91.121,90.5555,90.2423,89.7083,88.7651,88.2621,88.4222,87.8124,87.5908,87.5955,87.5745,87.665,87.7656,88.3862,88.437,88.5633,88.4861,88.5366,88.1008,87.8509,87.5293,87.3241,86.991,86.9581,86.3003,86.2392,86.0943,86.0785,85.9861,85.8868,85.963,85.6535,85.6302,86.0597,86.0467,86.3647,86.6108,86.9309,87.2841,87.194,87.518,87.0992,86.6878,86.8903,86.7496,86.5617,86.166,85.526,85.4249,84.9839,84.6613,84.6008,84.2425,83.4599,83.2601,82.8915,83.1001,82.8874,82.7872,83.0654,83.118,83.0865,83.0294,83.2328,83.5237,83.756,83.8993,83.8145,83.8999,83.7652,83.9044,84.2473,84.0598,83.9084,83.615,83.4464,83.835,83.6587,83.4556,83.2157,83.2633,83.2061,83.3336,83.1533,83.3543,83.4316,83.7963,84.0303,84.2286,84.5685,84.5969,84.5329,84.66,84.625,84.5545,84.3419,84.6011,84.6724,84.5066,84.6735,85.1036,85.2382,85.3109,85.0681,85.2825,85.333,85.7272,85.6939,85.9171,85.9388,85.9969,85.625,85.4389,85.282,85.0075,84.5282,84.0356,83.711,83.4344,83.5255,83.7524,84.018,83.943,83.8893,83.9489,84.4381,166.667,-52.7426,100.551,50.3634,
F_3482A2/285_G_Faint_0.51_VVS1,101.243,4.50273,-33.1135,114.626,103.249,63.957,462.012,226.767,0.102232,-0.648628,33.4182,-82.2565,3251.9, ,-20,-431.915,528.571,2.65487,78.6249,78.302,78.1022,78.1512,78.352,78.8021,79.3002,78.1194,78.0558,78.3828,78.8377,79.1609,79.2943,79.3702,79.3281,78.7014,79.0223,78.9751,78.9196,79.0514,78.8686,78.6187,78.4114,78.6016,79.5348,79.8795,79.6291,79.5915,79.7429,79.5401,79.6643,80.0242,80.1419,79.5683,79.4648,80.3371,80.0369,79.6435,79.9083,79.8448,79.4252,79.2049,79.5041,79.5864,79.1591,79.3642,79.5495,79.7583,80.0837,80.1206,79.9253,79.5013,79.2333,79.6497,79.6319,79.2363,79.0867,79.1717,79.5174,79.5927,79.5294,79.7115,79.1693,79.3081,79.4777,79.5271,79.4991,79.3935,79.8833,80.0039,80.1917,80.6344,80.3392,80.8357,81.0174,80.3701,80.4021,79.8645,80.215,79.4276,78.8973,78.696,78.2228,77.763,77.9173,77.8174,77.7932,77.4104,77.3852,77.9286,77.9075,78.5071,78.0881,78.155,77.9347,78.314,78.0086,78.6398,78.0664,77.9857,77.5466,77.8766,78.0619,77.7483,77.4432,77.8017,77.5164,78.0847,77.9996,77.7433,77.972,77.389,77.9856,77.6547,77.8676,77.6201,77.485,78.4909,78.5135,78.1549,78.8186,78.5729,78.4891,78.4867,79.343,79.014,78.7203,79.4526,79.7095,79.8717,79.9245,80.2916,79.927,79.599,79.6187,79.681,79.2548,79.519,79.2358,79.348,79.5133,79.6986,79.8161,79.7149,79.4857,79.4089,79.1873,79.218,79.3485,79.4351,79.3455,79.439,79.2997,79.1795,79.1171,79.0695,79.1055,78.9463,78.7239,78.4825,78.2842,78.2727,78.363,78.3779,78.3742,78.1627,78.1767,78.1836,78.547,78.5518,78.7458,78.7991,78.8967,78.8708,79.094,78.955,79.0753,79.046,79.0855,79.1192,79.1658,79.1511,79.1181,79.0091,79.0806,79.1625,79.1599,79.105,79.0706,78.9639,79.0022,79.1779,79.2889,79.3726,79.5328,79.775,80.2162,80.68,81.0737,81.441,81.6598,81.8825,81.9428,81.9182,81.8161,81.6006,81.3406,81.1077,80.8503,80.6108,80.3713,80.1443,79.911,79.6779,79.4515,79.2219,78.9618,78.6612,78.3488,77.9982,77.6497,77.307,76.9608,76.6132,76.2839,75.9913,75.7833,75.5456,75.3656,75.1964,74.9884,74.8013,74.5959,74.3974,74.1874,73.9577,73.8601,73.8001,73.7251,73.8215,73.9521,74.1257,74.2429,74.3429,74.3546,74.2895,74.242,74.3139,74.3539,74.4652,74.7571,75.0432,75.4886,75.9294,76.5321,76.9034,77.1508,77.312,77.2684,77.4392,77.833,78.18,78.9099,79.7963,81.1209,82.6562,84.1107,85.8972,87.6444,89.2718,91.2721,93.576,96.7214,99.8057,102.337,104.909,107.46,110.283,113.246,115.689,118.323,119.658,121.671,124.145,127.578,131.405,136.161,140.757,145.76,149.934,154.28,158.114,161.401,163.775,165.329,165.29,165.232,165.042,165.003,165.882,167.168,169.297,172.433,174.448,176.536,178.236,179.163,180.464,180.232,179.678,178.857,177.019,176.092,175.318,175.336,175.213,175.048,175.328,176.127,176.688,177.756,178.654,179.268,179.338,179.591,179.001,177.838,176.832,175.763,174.719,173.508,172.489,171.344,170.379,169.607,169.577,168.804,168.017,166.97,166.325,165.617,164.716,163.754,162.755,161.677,161.046,159.923,158.894,157.742,156.198,154.717,153.438,152.391,151.36,149.643,148.84,147.764,146.54,146.023,145.757,144.92,143.998,142.927,142.095,141.218,140.178,139.201,138.229,137.191,136.22,135.348,134.532,133.39,132.056,131.371,130.556,129.713,128.673,127.77,126.941,126.49,125.868,125.302,124.152,123.462,122.494,121.799,121.3,120.768,119.683,119.362,118.717,118.526,118.082,117.404,116.738,116.255,115.599,115.142,114.259,113.721,113.188,112.552,112.323,111.961,111.508,111.132,110.572,110.322,109.986,109.517,109.236,108.813,108.443,107.954,107.57,107.305,107.063,106.604,106.343,106.224,105.784,105.822,105.624,105.431,105.387,105.072,105.078,104.854,104.456,104.566,104.346,104.048,104,103.73,103.529,103.48,103.276,103.506,103.138,102.695,102.689,102.36,102.284,102.345,102.237,102.231,101.873,102.032,102.097,101.947,101.967,101.862,101.795,101.646,101.539,101.453,101.538,101.48,101.659,101.567,101.524,101.663,101.6,101.691,101.593,101.732,101.583,101.477,101.445,101.6,101.344,101.569,101.694,101.639,101.061,101.208,101.27,101.235,101.051,100.907,100.76,100.564,100.827,100.883,100.859,100.675,100.814,100.327,100.381,100.501,100.217,99.8245,100.154,100.162,100.13,99.9475,100.652,100.754,100.488,100.541,100.891,100.925,101.054,101.056,101.167,100.756,100.903,101.12,101.362,101.147,101.064,100.718,100.841,101.031,101.449,101.374,101.206,100.907,101.216,101.153,101.555,101.571,101.206,100.992,101.374,101.643,101.918,101.754,101.721,101.788,101.887,102.296,102.35,101.974,101.918,102.13,102.324,102.423,102.676,102.364,102.403,102.566,102.796,102.798,102.734,103.006,103.188,103.056,103.142,103.282,103.439,103.281,103.134,103.042,102.897,102.722,102.508,102.742,103.088,103.094,102.988,103.189,103.653,103.586,103.326,103.45,103.042,102.686,102.368,102.536,102.555,102.116,102.32,102.938,102.998,103.914,103.824,104.074,104.094,104.242,104.719,104.696,104.892,104.953,104.836,104.924,104.88,105.163,104.841,104.767,104.718,104.736,104.262,104.55,104.47,104.759,104.869,104.455,103.962,104.133,104.194,105.181,104.607,105.489,105.435,105.312,106.48,107.277,106.871,106.777,106.453,107.65,106.904,106.908,106.694,106.951,107.097,107.295,106.816,107.003,105.924,105.988,105.814,105.484,105.05,104.535,105.243,105.466,105.86,106.67,105.739,106.834,107.803,108.172,108.36,108.862,109.446,108.838,109.027,109.786,109.46,109.383,108.864,109.504,108.112,106.095,106.086,106.003,107.196,106.574,106.91,107.541,107.707,108.231,111.214,112.26,111.889,111.177,111.098,111.005,110.283,109.903,109.78,108.826,108.14,108.946,108.79,109.35,109.786,110.489,111.386,111.955,110.764,111.094,110.875,112.153,112.026,112.282,112.125,110.922,111.73,114.391,114.001,114.035,114.443,113.743,113.115,113.428,114.326,112.881,111.858,111.976,109.783,108.863,109.676,109.607,110.326,110.202,110.69,109.241,109.314,111.486,112.263,111.144,110.687,109.676,109.422,109.474,110.431,111.584,110.593,109.105,110.272,110.229,109.491,109.803,109.72,111.296,111.287,111.873,113.156,113.716,114.187,114.915,114.708,113.947,113.518,112.569,113.936,112.669,112.551,112.234,113.397,113.779,113.555,112.139,110.165,107.802,110.201,110.17,109.608,109.686,108.254,110.073,110.42,113.638,115.763,113.866,114.295,118.843,118.383,120.216,118.532,118.412,116.477,118.805,119.088,120.852,116.513,116.436,115.783,117.574,122.318,124.396,118.203,118.133,116.368,117.754,116.496,117.075,118.626,114.105,110.525,116.206,119.224,120.707,119.634,124.057,121.903,117.456,117.877,118.234,115.731,113.227,112.407,112.236,110.797,113.379,115.876,120.816,119.393,114.353,111.143,106.964,105.816,101.419,101.759,101.131,98.0404,104.16,109.645,114.61,116.953,119.139,122.901,122.634,123.543,123.251,118.336,120.96,118.218,115.637,118.391,118.092,117.392,111.613,110.5,114.242,110.958,109.491,112.424,112.878,117.134,118.069,120.232,119.157,114.247,115.649,113.843,110.828,106.621,104.679,103.504,106.184,108.318,112.644,104.925,110.548,115.363,121.579,118.092,109.64,107.209,103.628,100.968,108.142,108.354,106.317,100.888,99.3357,102.731,104.759,103.776,105.724,103.997,104.207,105.901,112.331,112.372,108.658,105.291,104.529,97.4665,97.2363,90.8175,88.4979,84.211,84.642,86.5507,89.87,95.2176,97.3943,97.0078,98.792,96.8591,97.1722,98.1417,97.4791,95.3089,94.5158,94.0367,91.9044,91.6256,92.4705,88.8777,88.878,90.1777,89.811,88.1687,84.7051,88.516,85.887,87.9618,91.4208,91.9896,90.1086,92.3624,89.5512,90.3143,87.795,88.8801,87.363,87.5988,87.1564,84.1438,81.6995,82.8987,83.331,84.545,86.3701,87.442,87.7325,86.6852,89.095,87.4878,87.2001,87.6533,86.0143,85.964,84.1783,81.9621,81.6118,80.9588,83.1201,81.3569,81.5518,80.7516,78.5028,79.6518,80.2502,80.0172,80.4774,81.1961,83.6307,82.869,81.6454,82.4876,80.9695,80.5921,81.0431,81.1488,78.1501,76.8051,76.3049,77.3168,77.0296,77.9611,77.9721,78.3892,78.1657,80.3623,81.5888,81.4332,81.7151,80.8896,80.0584,79.8401,78.905,79.3422,77.238,75.27,77.0718,76.975,77.0613,77.3034,77.6665,78.2204,77.3456,77.1375,78.6133,79.1841,80.1739,81.6493,81.2198,81.417,80.1328,80.6911,82.1651,81.4923,79.9332,78.5268,77.8122,77.2219,77.132,78.734,79.1963,79.419,79.1346,80.2266,80.5103,80.0506,81.5578,82.582,81.6958,80.4757,79.7545,79.0861,78.1278,79.882,80.0126,80.8663,79.9562,79.7487,79.5021,80.4917,80.3145,81.4219,80.4436,81.0589,81.1875,81.4001,81.1347,81.7977,81.4948,82.6956,81.2282,80.2538,79.7917,77.9203,78.0183,79.9574,79.9574,79.7346,79.1943,79.1633,79.058,80.1271,81.1204,79.9373,77.7684,77.6965,76.9987,76.7742,76.3568,77.0045,-233.333,-32.7434,-103.54,144.248,
W_3490A2/2_G_None_0.51_VVS1,100.849,-0.666174,1.38481,96.7591,102.211,109.004,568.494,96.1997,0.0120694,0.396181,1.53672,115.69,6406.25, ,400,16300,197.436,46.8354,96.9368,96.7976,96.4782,96.5588,96.7176,97.0681,96.9894,97.2357,97.3838,98.058,98.1586,98.7149,99.1638,99.241,99.127,99.2998,98.6748,98.5896,99.0532,99.3419,98.7727,98.8972,98.9508,99.0936,98.797,99.1058,98.8996,98.1722,97.9051,98.0776,97.8423,97.2331,97.1333,97.4084,97.9471,98.0899,98.0539,97.9334,98.5249,98.4888,98.9677,98.8427,98.5704,97.4189,97.3963,97.5751,97.646,97.304,97.6558,97.8976,97.7912,97.6865,98.478,98.3829,98.1939,98.2887,98.1476,97.7011,97.4064,97.8244,98.276,98.3831,98.9993,99.4199,99.346,99.7824,100.233,100.382,100.622,100.453,100.1,99.534,99.4468,99.5935,99.5223,99.2026,98.9066,98.699,98.4795,98.7503,98.6889,99.1771,99.2006,99.7343,99.1446,99.3343,99.84,99.9076,99.611,100.04,99.2559,99.2761,98.797,99.3796,99.3839,98.8823,98.6717,98.9737,98.6197,98.8138,98.8962,98.8272,98.6222,98.4954,98.549,98.9587,98.4637,98.9135,99.0777,98.838,98.628,98.994,98.8525,98.5404,98.4579,98.8912,98.6811,98.4501,98.8033,98.9173,98.5536,99.2034,99.9077,100.02,99.9923,99.5878,99.8805,99.5885,99.5631,99.6475,99.2368,99.0198,99.0192,98.997,99.5694,99.6659,100.006,100.047,100.548,100.654,100.583,100.392,100.658,100.67,100.335,100.006,100.255,99.7969,99.732,99.6671,99.9798,100.136,99.954,99.7991,99.8378,99.7611,99.405,99.4455,98.9303,98.6103,98.0593,98.0056,98.2068,98.0825,97.6529,97.8649,98.2312,98.5658,98.7523,98.8624,98.8632,99.0604,99.1103,99.2701,99.5004,99.5517,99.1276,98.9561,99.2104,98.9757,98.8016,98.8144,98.7592,98.6154,98.0749,98.3455,97.9747,97.5298,97.6726,97.2654,97.3515,96.7505,96.7458,96.6108,96.587,96.6691,96.6982,96.484,96.5396,96.1196,96.0326,95.431,95.662,95.6861,95.3101,94.8403,94.5436,94.1463,94.0354,94.1707,94.5137,94.257,93.971,94.3415,94.5358,94.5186,94.5694,94.2504,94.1404,93.8302,93.7171,93.4953,93.0989,92.8686,92.6089,92.5048,92.4313,92.1173,91.6642,91.1302,90.7802,90.5282,89.9726,89.3894,88.9071,88.3269,87.8421,87.4677,86.9784,86.3902,85.6627,85.0696,84.6176,83.8799,83.3134,82.6564,82.0424,81.704,81.5506,81.5818,81.6406,81.6621,81.8377,81.7816,81.7674,81.6493,81.4488,81.2719,81.2507,81.3844,81.7981,82.3465,83.0387,83.7378,84.4741,85.2543,86.1072,86.9535,87.772,88.4281,88.7657,88.6503,88.2215,88.0587,88.3251,88.7562,89.3056,89.9329,90.6431,91.6829,93.1548,94.9206,96.2512,97.0536,97.6093,97.9934,98.309,98.5947,98.7954,99.0427,99.2687,99.4304,99.5578,99.6311,99.7467,99.8978,99.991,100.099,100.153,100.229,100.24,100.243,100.304,100.337,100.37,100.385,100.391,100.403,100.353,100.403,100.448,100.459,100.485,100.516,100.571,100.562,100.548,100.542,100.498,100.436,100.404,100.366,100.311,100.274,100.294,100.287,100.332,100.382,100.431,100.491,100.536,100.578,100.615,100.622,100.68,100.682,100.727,100.752,100.748,100.744,100.781,100.818,100.866,100.879,100.911,100.902,100.933,100.948,100.97,100.91,100.827,100.731,100.662,100.58,100.522,100.514,100.53,100.583,100.671,100.785,100.938,101.072,101.248,101.404,101.504,101.611,101.686,101.744,101.796,101.855,101.927,101.937,101.973,102.028,102.041,102.066,102.109,102.164,102.156,102.171,102.214,102.227,102.216,102.22,102.213,102.229,102.225,102.25,102.237,102.218,102.223,102.207,102.235,102.241,102.245,102.234,102.238,102.261,102.3,102.298,102.293,102.28,102.295,102.295,102.286,102.284,102.27,102.253,102.244,102.268,102.279,102.289,102.271,102.273,102.301,102.33,102.311,102.328,102.317,102.32,102.306,102.308,102.331,102.324,102.31,102.312,102.308,102.317,102.308,102.309,102.324,102.306,102.294,102.279,102.288,102.285,102.296,102.29,102.258,102.277,102.28,102.282,102.275,102.29,102.277,102.273,102.273,102.308,102.277,102.3,102.292,102.313,102.322,102.349,102.335,102.348,102.342,102.348,102.33,102.331,102.32,102.308,102.285,102.293,102.279,102.264,102.27,102.258,102.257,102.267,102.273,102.289,102.292,102.307,102.309,102.296,102.305,102.303,102.279,102.259,102.242,102.239,102.233,102.233,102.244,102.262,102.268,102.276,102.3,102.307,102.303,102.283,102.305,102.295,102.271,102.261,102.275,102.234,102.22,102.223,102.248,102.229,102.21,102.212,102.191,102.179,102.199,102.212,102.215,102.189,102.207,102.225,102.237,102.257,102.253,102.255,102.25,102.243,102.266,102.257,102.255,102.231,102.236,102.245,102.253,102.251,102.251,102.251,102.247,102.232,102.25,102.252,102.238,102.248,102.255,102.247,102.244,102.234,102.248,102.257,102.248,102.268,102.255,102.273,102.309,102.312,102.32,102.311,102.301,102.315,102.319,102.314,102.311,102.295,102.289,102.306,102.315,102.322,102.295,102.283,102.276,102.265,102.26,102.274,102.253,102.286,102.281,102.312,102.317,102.333,102.333,102.334,102.333,102.34,102.312,102.303,102.304,102.311,102.28,102.3,102.302,102.288,102.304,102.312,102.303,102.3,102.304,102.319,102.311,102.311,102.316,102.328,102.317,102.353,102.332,102.321,102.352,102.368,102.361,102.379,102.388,102.408,102.416,102.434,102.445,102.452,102.419,102.432,102.435,102.418,102.409,102.396,102.419,102.413,102.415,102.444,102.443,102.443,102.441,102.462,102.464,102.438,102.436,102.425,102.435,102.426,102.41,102.398,102.407,102.406,102.418,102.459,102.447,102.438,102.451,102.472,102.48,102.483,102.46,102.494,102.486,102.508,102.536,102.575,102.602,102.612,102.598,102.661,102.663,102.653,102.655,102.58,102.541,102.529,102.526,102.535,102.504,102.469,102.485,102.51,102.587,102.633,102.595,102.623,102.622,102.624,102.636,102.625,102.594,102.565,102.556,102.601,102.59,102.6,102.634,102.673,102.689,102.707,102.685,102.652,102.637,102.669,102.693,102.681,102.685,102.716,102.709,102.749,102.755,102.766,102.746,102.709,102.72,102.743,102.716,102.748,102.738,102.785,102.828,102.822,102.865,102.889,102.875,102.893,102.885,102.935,102.951,102.873,102.875,102.909,102.914,102.871,102.856,102.843,102.868,102.825,102.878,102.964,102.887,102.816,102.823,102.818,102.802,102.719,102.807,102.815,102.777,102.805,102.845,102.842,102.944,102.97,103.069,102.995,102.957,102.915,102.929,102.893,102.888,102.824,102.839,102.765,102.865,102.874,102.913,102.977,103.063,103.086,103.008,103.107,103.148,103.006,103.126,103.148,103.124,103.098,103.07,103.169,103.106,103.173,103.312,103.314,103.293,103.328,103.43,103.411,103.326,103.305,103.106,103.135,103.035,103.011,102.929,102.778,102.905,103.079,103.169,103.263,103.175,103.141,103.223,103.19,103.315,103.329,103.064,103.177,103.013,102.927,102.909,102.973,103.092,102.998,102.944,103.044,102.881,103.11,103.295,103.545,103.429,103.298,103.37,103.327,103.365,103.222,103.322,103.336,103.189,103.168,103.091,103.124,103.172,103.268,103.522,103.504,103.479,103.561,103.714,103.964,103.957,104.096,103.937,103.828,103.714,103.646,103.524,103.18,103.163,103.046,103.13,103.368,103.653,103.753,103.679,103.694,104.054,104.103,104.356,104.27,104.049,103.87,103.87,103.851,104.101,104.264,104.114,104.218,104.261,104.361,104.371,104.423,104.559,104.17,103.766,103.82,103.204,103.141,103.137,103.049,102.975,102.731,102.802,102.911,102.807,102.955,102.704,102.642,102.621,102.582,102.85,102.873,102.925,102.878,103.003,103.087,103.027,102.876,102.451,102.376,102.555,102.395,102.334,102.68,102.73,102.801,102.685,102.863,103.06,102.875,103.076,103.073,102.614,102.463,102.604,102.868,103.128,102.58,102.462,102.546,102.64,102.454,102.927,102.729,102.706,102.447,102.409,102.757,102.547,102.582,102.845,102.405,102.392,102.235,102.233,102.531,101.979,102.084,101.996,102.286,102.508,102.77,102.904,103.252,103.156,103.156,102.87,102.85,102.189,102.503,102.107,101.843,101.323,101.395,101.441,101.49,101.571,101.668,101.576,101.707,101.986,101.951,101.905,102.254,102.696,102.849,103.084,103.135,102.683,102.766,103.342,103.222,102.976,102.399,101.989,102.103,102.031,102.264,102.054,101.531,101.555,101.84,101.943,102.02,101.808,101.612,101.959,101.924,102.208,102.603,102.484,102.605,102.693,102.925,102.882,103.186,103.305,103.076,103.21,103.169,103.092,103.226,103.375,103.429,103.301,102.954,103.014,102.52,102.671,102.798,102.647,102.37,102.754,102.394,102.783,103.094,103.216,103.03,103.287,102.983,103.11,102.969,103.071,102.958,102.459,102.809,103.064,102.834,103.228,103.19,103.474,103.584,103.946,104.317,104.205,103.886,103.876,103.764,104.144,103.586,103.703,103.51,103.307,102.932,102.784,102.638,102.753,102.461,102.277,102.146,102.018,102.308,102.753,102.808,102.951,102.976,102.835,103.338,-3700,-155.696,101.653,63.2399,
F_3490A2/2_G_None_0.51_VVS1,100.732,2.38846,-15.3679,111.74,101.905,49.9367,453.861,161.239,0.0459988,-1.41942,15.5524,-81.1658,3084.06, ,-20,-592.199,-547.619,33.9233,80.9125,81.6355,81.6528,81.426,82.0547,82.6432,83.0375,83.0811,82.7302,82.7205,82.572,82.2793,82.3171,81.7042,81.8722,81.4234,81.5623,81.2574,81.2235,80.6721,80.8162,80.8598,80.9427,80.519,80.7238,80.5685,80.8785,80.5402,81.3102,81.2714,81.3961,81.5673,81.3185,81.9101,82.7137,83.4998,83.6073,83.3797,83.4914,83.2888,82.7282,83.4205,83.222,82.3909,81.7174,81.7624,82.0976,82.3686,82.7142,83.551,83.1043,82.3773,82.3028,82.6208,82.9013,82.3891,82.3106,82.4166,82.1248,81.9118,82.0767,82.4005,81.882,81.6549,81.4424,81.0193,80.9318,81.6665,81.9488,82.4063,82.2402,82.4226,82.2705,82.5719,82.7811,82.1154,81.2701,81.2003,81.3811,81.0881,81.2629,81.4303,81.6252,81.5414,81.9471,81.7046,81.603,81.2339,80.7312,80.8529,80.2623,80.268,79.4013,79.3024,79.3162,79.7251,79.7363,80.5906,80.4197,80.9739,81.2308,82.1186,82.2021,82.0326,81.7625,81.8858,81.6427,81.3165,81.0409,80.1693,80.445,79.9036,79.6443,79.3569,79.2954,78.8596,79.0869,80.0283,80.3552,80.2507,80.8611,81.2218,81.8276,81.9758,83.2442,83.1226,82.9955,83.6285,83.4367,83.4263,83.4555,83.1367,82.874,82.4646,82.5403,82.1244,82.0162,82.2588,82.3118,81.963,82.1202,81.9319,82.1358,81.884,81.7876,81.4421,81.211,80.915,81.3342,81.2848,81.3265,81.0698,81.2067,81.1973,81.3225,81.2497,81.3647,81.4867,81.3667,81.2857,81.3147,81.3898,81.5811,81.5839,81.814,81.7946,81.8297,81.9333,82.2919,82.3771,82.3753,82.4396,82.4121,82.225,82.5168,82.3074,82.4986,82.3286,82.3526,82.3094,82.1257,82.1072,82.0102,81.8348,81.7649,81.6892,81.7992,81.8316,81.7998,81.7981,81.8603,81.9349,82.0345,82.2721,82.4402,82.657,82.912,83.4169,83.7633,83.9592,84.2759,84.4972,84.5556,84.5759,84.5085,84.3892,84.2075,84.0467,83.8416,83.6017,83.4168,83.2318,83.0402,82.8597,82.6513,82.4313,82.1866,81.9313,81.6696,81.3683,81.0508,80.7167,80.3803,80.075,79.8005,79.5419,79.3319,79.1223,78.9289,78.7668,78.6128,78.4721,78.2876,78.0985,77.9279,77.735,77.6431,77.5977,77.5776,77.6787,77.7189,77.8565,77.9232,77.9853,78.0153,77.9323,77.8197,77.7715,77.8012,77.9253,78.1429,78.44,78.8215,79.2725,79.7662,80.1533,80.4663,80.6314,80.7239,80.8698,81.0539,81.366,81.8506,82.5402,83.4188,84.6575,85.6342,86.7832,87.8589,88.6681,89.6835,90.8137,92.2412,93.7413,94.9197,96.4562,97.7288,99.2767,101.082,102.436,103.959,105.095,106.297,107.642,109.257,111.093,113.513,116.136,118.626,120.569,122.556,124.342,126.055,127.357,127.936,127.944,127.745,127.69,127.621,128.245,128.791,129.838,131.188,132.493,133.281,133.711,133.979,134.795,134.526,134.432,134.135,133.48,133.268,133.117,133.377,133.628,133.448,133.815,134.248,134.379,134.621,134.844,134.91,135.023,135.205,135.112,134.575,133.954,133.284,132.808,132.348,132.327,131.86,131.377,130.894,130.795,130.702,130.572,130.223,129.773,129.31,128.937,128.326,128.088,127.654,127.029,126.28,125.658,125.216,124.574,123.692,123.176,122.458,122.12,121.562,121.282,120.835,120.395,119.997,120.032,119.709,119.556,118.717,118.063,117.981,117.456,116.841,116.453,115.811,115.337,114.933,114.878,114.575,113.815,113.47,113.015,112.643,112.326,112.095,111.441,111.003,110.813,110.704,110.065,109.808,109.514,109.101,108.756,108.618,108.277,108.18,107.685,107.673,107.412,107.004,106.769,106.558,106.585,106.582,106.105,106.152,105.785,105.659,105.487,105.248,105.05,104.719,104.362,104.155,103.702,103.74,103.696,103.677,103.517,103.349,103.131,102.933,102.948,102.929,103.07,102.79,102.552,102.648,102.606,102.679,102.779,102.467,102.368,102.191,102.025,102.024,102.094,101.872,101.831,101.583,101.58,101.708,101.496,101.658,101.564,101.235,101.294,100.954,100.89,101.051,100.918,101.077,101.071,101.117,101.294,101.407,101.361,101.384,101.31,100.994,100.617,100.614,100.721,100.516,100.452,100.58,100.505,100.59,100.552,100.91,100.964,100.917,100.859,100.818,100.765,100.786,100.732,101.189,101.045,101.108,101.037,101.072,101.109,101.086,101.297,101.474,101.215,101.07,100.938,100.585,100.821,100.606,100.725,100.263,100.136,100.423,100.627,100.572,101.069,100.949,101.266,101.302,101.748,101.727,101.543,101.711,101.765,101.805,101.913,101.655,101.611,101.386,101.353,101.477,101.392,101.351,101.324,101.164,101.051,101.353,101.695,101.671,101.408,101.086,101.48,101.161,101.555,101.664,101.154,100.879,100.873,101.17,101.411,101.051,101.24,100.946,100.873,101.24,101.195,101.454,101.53,101.627,101.523,101.633,102.155,102.311,102.413,102.824,102.883,102.908,103.125,103.552,104.018,103.848,104.086,104.406,104.373,104.507,104.388,103.92,103.988,103.863,103.39,103.531,103.568,103.579,103.549,103.465,103.765,103.528,103.195,103.654,103.1,102.985,102.944,103.026,103.332,103.865,104.14,104.251,104.012,104.562,104.227,104.552,104.3,104.539,104.186,104.104,104.836,105.284,105.32,105.661,104.994,105.98,105.804,105.56,105.925,105.734,105.31,105.638,105.951,105.807,105.324,104.87,104.895,104.944,104.605,104.737,104.325,104.123,105.288,105.631,106.858,107.122,106.481,106.331,107.221,108.465,108.056,108.048,107.68,107.293,107.91,108.212,108.501,107.43,106.32,106.42,105.561,104.754,104.921,104.307,104.385,104.494,104.77,105.211,104.823,105.475,105.989,105.585,105.637,106.136,106.825,107.319,107.048,108.007,108.261,108.12,107.968,108.239,107.581,106.092,105.723,106.641,106.359,106.665,107.339,108.468,108.548,108.833,109.344,110.198,109.532,109.105,108.324,107.041,104.976,105.385,105.882,106.003,104.781,105.766,105.701,106.399,108.018,109.907,109.618,110.084,110.626,111.022,109.461,110.849,110.991,110.718,111.207,110.765,111.493,112.005,112.219,112.735,113.367,113.074,112.355,112.167,113.38,112.02,111.336,111.018,110.737,109.208,109.233,109.692,108.966,109.281,109.552,109.141,110.277,109.886,111.127,111.453,110.47,110.537,109.853,108.699,109.746,109.152,110.587,110.728,109.677,112.023,112.033,111.529,112.519,112.195,112.888,114.069,113.149,114.717,113.148,112.052,112.866,111.369,110.877,110.241,107.058,107.925,106.525,106.367,106.469,107.065,106.873,107.656,107.544,109.411,110.193,110.33,109.941,112.833,109.294,111.318,110.411,111.14,112.328,109.651,112.19,114.411,113.678,116.397,115.328,116.077,115.309,115.946,113.843,112.953,111.565,110.809,110.691,114.355,115.224,119.005,118.701,120.701,120.754,121.122,119.091,120.571,121.614,120.841,116.565,114.801,116.557,116.207,113.099,117.364,114.114,108.308,108.81,108.232,111.333,110.707,111.466,111.563,111.126,114.438,114.022,114.015,114.55,104.351,100.76,96.4547,100.072,95.7251,96.381,102.157,104.499,106.73,116.784,123.12,123.671,125.886,132.904,127.029,117.012,114.154,115.71,116.059,118.196,120.495,121.178,117.595,119.767,123.088,124.478,120.144,117.446,112.029,113.253,108.466,109.587,110.063,108.298,103.811,105.335,107.037,106.547,100.082,101.304,101.331,100.934,102.257,104.84,106.803,101.401,109.164,115.34,121.055,116.649,111.886,115.171,111.081,109.551,111.505,109.2,106.296,99.6843,96.6594,97.8148,94.6392,92.7052,89.1902,91.4985,89.2306,96.2078,102.052,107.698,103.341,106.07,105.716,104.204,99.0015,99.7147,92.9113,91.7996,91.8721,99.4201,99.7448,105.252,107.128,108.96,106.185,106.829,101.034,100.711,94.8605,89.2502,88.9335,88.9322,87.6523,86.914,85.1629,86.9954,84.3232,86.5637,91.6621,88.7348,87.2519,89.3902,90.5045,91.8002,95.5918,97.7484,94.5217,91.5521,89.8009,90.8282,87.0314,85.9513,85.9136,84.1264,82.7731,82.8605,81.8933,84.0854,82.9415,84.9092,83.8082,83.4721,83.2627,84.0743,87.6961,87.3097,87.1918,88.8013,87.7595,88.9276,88.4821,88.6768,87.3531,84.6532,86.0732,84.974,83.7355,83.3248,81.6859,81.8663,80.7609,80.7757,80.5988,81.3179,83.2399,83.8723,82.9966,84.8287,84.8734,84.7857,85.2166,84.801,83.7867,80.3284,78.7728,80.0096,79.8988,79.1572,79.2704,80.6903,81.0969,81.7693,83.2008,83.255,84.4347,84.1649,83.4356,83.5448,81.4599,80.5969,79.3045,80.3403,81.8661,80.0708,79.3116,80.6608,81.5059,83.4119,84.2163,83.2089,83.8851,83.327,83.8785,84.6732,84.6897,84.0557,82.8132,84.0745,86.4221,85.0318,84.8507,85.1521,86.3121,84.7851,85.4158,85.4262,84.9715,84.8627,84.9867,85.5594,83.9491,82.4124,83.4374,82.7648,83.1872,81.4901,79.842,79.8226,79.6014,81.7423,82.0651,82.4739,82.1184,80.7813,81.767,83.838,83.516,83.3901,81.8442,82.1753,82.2085,83.3907,84.3093,84.8933,83.4356,83.0636,82.5327,82.7552,80.9826,80.6444,79.5406,79.6779,79.7696,80.4711,80.8634,81.097,81.206,82.7879,82.0703,81.7243,81.3171,80.4711,79.4718,79.3523,78.9655,78.4564,-247.475,104.72,-1.47493,69.3215,
W_Calibration,100,0,0,95.0422,100,108.876,565.016,99.9909,1.74827e-05,0.00127928,0,0,6504.1, ,100,100,100,100,100,100,100,100,100,100,100,100,100,100,100,100,100,100,100,100,100,100,100,100,100,100,100,100,100,100,100,100,100,100,100,100,100,100,100,100,100,100,100,100,100,100,100,100,100,100,100,100,100,100,100,100,100,100,100,100,100,100,100,100,100,100,100,100,100,100,100,100,100,100,100,100,100,100,100,100,100,100,100,100,100,100,100,100,100,100,100,100,100,100,100,100,100,100,100,100,100,100,100,100,100,100,100,100,100,100,100,100,100,100,100,100,100,100,100,100,100,100,100,100,100,100,100,100,100,100,100,100,100,100,100,100,100,100,100,100,100,100,100,100,100,100,100,100,100,100,100,100,100,100,100,100,100,100,100,100,100,100,100,100,100,100,100,100,100,100,100,100,100,100,100,100,100,100,100,100,100,100,100,100,100,100,100,100,100,100,100,100,100,100,100,100,100,100,100,100,100,100,100,100,100,100,100,100,100,100,100,100,100,100,100,100,100,100,100,100,100,100,100,100,100,100,100,100,100,100,100,100,100,100,100,100,100,100,100,100,100,100,100,100,100,100,100,100,100,100,100,100,100,100,100,100,100,100,100,100,100,100,100,100,100,100,100,100,100,100,100,100,100,100,100,100,100,100,100,100,100,100,100,100,100,100,100,100,100,100,100,100,100,100,100,100,100,100,100,100,100,100,100,100,100,100,100,100,100,100,100,100,100,100,100,100,100,100,100,100,100,100,100,100,100,100,100,100,100,100,100,100,100,100,100,100,100,100,100,100,100,100,100,100,100,100,100,100,100,100,100,100,100,100,100,100,100,100,100,100,100,100,100,100,100,100,100,100,100,100,100,100,100,100,100,100,100,100,100,100,100,100,100,100,100,100,100,100,100,100,100,100,100,100,100,100,100,100,100,100,100,100,100,100,100,100,100,100,100,100,100,100,100,100,100,100,100,100,100,100,100,100,100,100,100,100,100,100,100,100,100,100,100,100,100,100,100,100,100,100,100,100,100,100,100,100,100,100,100,100,100,100,100,100,100,100,100,100,100,100,100,100,100,100,100,100,100,100,100,100,100,100,100,100,100,100,100,100,100,100,100,100,100,100,100,100,100,100,100,100,100,100,100,100,100,100,100,100,100,100,100,100,100,100,100,100,100,100,100,100,100,100,100,100,100,100,100,100,100,100,100,100,100,100,100,100,100,100,100,100,100,100,100,100,100,100,100,100,100,100,100,100,100,100,100,100,100,100,100,100,100,100,100,100,100,100,100,100,100,100,100,100,100,100,100,100,100,100,100,100,100,100,100,100,100,100,100,100,100,100,100,100,100,100,100,100,100,100,100,100,100,100,100,100,100,100,100,100,100,100,100,100,100,100,100,100,100,100,100,100,100,100,100,100,100,100,100,100,100,100,100,100,100,100,100,100,100,100,100,100,100,100,100,100,100,100,100,100,100,100,100,100,100,100,100,100,100,100,100,100,100,100,100,100,100,100,100,100,100,100,100,100,100,100,100,100,100,100,100,100,100,100,100,100,100,100,100,100,100,100,100,100,100,100,100,100,100,100,100,100,100,100,100,100,100,100,100,100,100,100,100,100,100,100,100,100,100,100,100,100,100,100,100,100,100,100,100,100,100,100,100,100,100,100,100,100,100,100,100,100,100,100,100,100,100,100,100,100,100,100,100,100,100,100,100,100,100,100,100,100,100,100,100,100,100,100,100,100,100,100,100,100,100,100,100,100,100,100,100,100,100,100,100,100,100,100,100,100,100,100,100,100,100,100,100,100,100,100,100,100,100,100,100,100,100,100,100,100,100,100,100,100,100,100,100,100,100,100,100,100,100,100,100,100,100,100,100,100,100,100,100,100,100,100,100,100,100,100,100,100,100,100,100,100,100,100,100,100,100,100,100,100,100,100,100,100,100,100,100,100,100,100,100,100,100,100,100,100,100,100,100,100,100,100,100,100,100,100,100,100,100,100,100,100,100,100,100,100,100,100,100,100,100,100,100,100,100,100,100,100,100,100,100,100,100,100,100,100,100,100,100,100,100,100,100,100,100,100,100,100,100,100,100,100,100,100,100,100,100,100,100,100,100,100,100,100,100,100,100,100,100,100,100,100,100,100,100,100,100,100,100,100,100,100,100,100,100,100,100,100,100,100,100,100,100,100,100,100,100,100,100,100,100,100,100,100,100,100,100,100,100,100,100,100,100,100,100,100,100,100,100,100,100,100,100,100,100,100,100,100,100,100,100,100,100,100,100,100,100,100,100,100,100,100,100,100,100,100,100,100,100,100,100,100,100,100,100,100,100,100,100,100,100,100,100,100,100,100,100,100,100,100,100,100,100,100,100,100,100,100,100,100,100,100,
F_Calibration,100,0,0,108.104,100,39.2965,491.07,99.9909,0.000170256,0.00127928,0,0,3000.62, ,100,100,100,100,100,100,100,100,100,100,100,100,100,100,100,100,100,100,100,100,100,100,100,100,100,100,100,100,100,100,100,100,100,100,100,100,100,100,100,100,100,100,100,100,100,100,100,100,100,100,100,100,100,100,100,100,100,100,100,100,100,100,100,100,100,100,100,100,100,100,100,100,100,100,100,100,100,100,100,100,100,100,100,100,100,100,100,100,100,100,100,100,100,100,100,100,100,100,100,100,100,100,100,100,100,100,100,100,100,100,100,100,100,100,100,100,100,100,100,100,100,100,100,100,100,100,100,100,100,100,100,100,100,100,100,100,100,100,100,100,100,100,100,100,100,100,100,100,100,100,100,100,100,100,100,100,100,100,100,100,100,100,100,100,100,100,100,100,100,100,100,100,100,100,100,100,100,100,100,100,100,100,100,100,100,100,100,100,100,100,100,100,100,100,100,100,100,100,100,100,100,100,100,100,100,100,100,100,100,100,100,100,100,100,100,100,100,100,100,100,100,100,100,100,100,100,100,100,100,100,100,100,100,100,100,100,100,100,100,100,100,100,100,100,100,100,100,100,100,100,100,100,100,100,100,100,100,100,100,100,100,100,100,100,100,100,100,100,100,100,100,100,100,100,100,100,100,100,100,100,100,100,100,100,100,100,100,100,100,100,100,100,100,100,100,100,100,100,100,100,100,100,100,100,100,100,100,100,100,100,100,100,100,100,100,100,100,100,100,100,100,100,100,100,100,100,100,100,100,100,100,100,100,100,100,100,100,100,100,100,100,100,100,100,100,100,100,100,100,100,100,100,100,100,100,100,100,100,100,100,100,100,100,100,100,100,100,100,100,100,100,100,100,100,100,100,100,100,100,100,100,100,100,100,100,100,100,100,100,100,100,100,100,100,100,100,100,100,100,100,100,100,100,100,100,100,100,100,100,100,100,100,100,100,100,100,100,100,100,100,100,100,100,100,100,100,100,100,100,100,100,100,100,100,100,100,100,100,100,100,100,100,100,100,100,100,100,100,100,100,100,100,100,100,100,100,100,100,100,100,100,100,100,100,100,100,100,100,100,100,100,100,100,100,100,100,100,100,100,100,100,100,100,100,100,100,100,100,100,100,100,100,100,100,100,100,100,100,100,100,100,100,100,100,100,100,100,100,100,100,100,100,100,100,100,100,100,100,100,100,100,100,100,100,100,100,100,100,100,100,100,100,100,100,100,100,100,100,100,100,100,100,100,100,100,100,100,100,100,100,100,100,100,100,100,100,100,100,100,100,100,100,100,100,100,100,100,100,100,100,100,100,100,100,100,100,100,100,100,100,100,100,100,100,100,100,100,100,100,100,100,100,100,100,100,100,100,100,100,100,100,100,100,100,100,100,100,100,100,100,100,100,100,100,100,100,100,100,100,100,100,100,100,100,100,100,100,100,100,100,100,100,100,100,100,100,100,100,100,100,100,100,100,100,100,100,100,100,100,100,100,100,100,100,100,100,100,100,100,100,100,100,100,100,100,100,100,100,100,100,100,100,100,100,100,100,100,100,100,100,100,100,100,100,100,100,100,100,100,100,100,100,100,100,100,100,100,100,100,100,100,100,100,100,100,100,100,100,100,100,100,100,100,100,100,100,100,100,100,100,100,100,100,100,100,100,100,100,100,100,100,100,100,100,100,100,100,100,100,100,100,100,100,100,100,100,100,100,100,100,100,100,100,100,100,100,100,100,100,100,100,100,100,100,100,100,100,100,100,100,100,100,100,100,100,100,100,100,100,100,100,100,100,100,100,100,100,100,100,100,100,100,100,100,100,100,100,100,100,100,100,100,100,100,100,100,100,100,100,100,100,100,100,100,100,100,100,100,100,100,100,100,100,100,100,100,100,100,100,100,100,100,100,100,100,100,100,100,100,100,100,100,100,100,100,100,100,100,100,100,100,100,100,100,100,100,100,100,100,100,100,100,100,100,100,100,100,100,100,100,100,100,100,100,100,100,100,100,100,100,100,100,100,100,100,100,100,100,100,100,100,100,100,100,100,100,100,100,100,100,100,100,100,100,100,100,100,100,100,100,100,100,100,100,100,100,100,100,100,100,100,100,100,100,100,100,100,100,100,100,100,100,100,100,100,100,100,100,100,100,100,100,100,100,100,100,100,100,100,100,100,100,100,100,100,100,100,100,100,100,100,100,100,100,100,100,100,100,100,100,100,100,100,100,100,100,100,100,100,100,100,100,100,100,100,100,100,100,100,100,100,100,100,100,100,100,100,100,100,100,100,100,100,100,100,100,100,100,100,100,100,100,100,100,100,100,100,100,100,100,100,100,100,100,100,100,100,100,100,100,100,100,100,100,100,100,100,100,100,100,100,100,100,100,
W_3492A2/54_D_Faint_0.503_VVS2,100.757,-0.252964,0.205031,96.768,101.97,110.681,553.36,101.069,0.00152652,0.318425,0.32562,140.975,6499.25, ,-100,257.265,1966.67,-50.4274,98.8769,99.176,99.1317,99.467,98.6154,98.3961,98.9008,99.8836,99.3544,99.2815,99.6338,99.2638,98.828,99.7389,99.9853,100.034,99.9612,100.884,101.171,100.924,101.694,101.663,101.653,101.478,101.428,100.62,100.009,100.334,100.425,100.239,100.33,100.236,100.302,99.9866,100.321,100.499,99.81,99.6796,99.6817,99.9218,99.8564,99.987,99.5801,99.5602,99.374,99.5664,99.4836,99.4652,99.2193,99.658,99.4323,99.8234,99.8651,100.151,100.008,99.8077,99.7482,99.8493,99.6521,99.9686,99.9494,99.9499,100.008,100.084,100.598,100.632,100.932,101.223,100.508,100.654,100.283,100.354,100.589,100.314,100.348,100.203,99.8655,99.8838,99.8145,100.059,99.626,99.6286,99.243,99.467,99.0506,98.8068,99.0959,99.825,100.138,100.367,100.039,100.413,100.249,100.361,100.631,100.902,100.133,100.069,100.194,100.692,100.61,100.376,100.388,100.067,99.9758,99.9611,100.259,100.214,100.094,99.9765,100.225,100.224,100.761,100.38,100.178,99.5221,99.5519,99.2435,99.3727,99.4606,100.076,99.7681,100.384,100.651,100.946,100.801,100.841,101.022,101.177,100.797,100.726,100.53,100.68,101.258,101.646,101.903,101.615,101.146,101.047,101.07,101.054,101.173,100.979,101.149,100.934,101.199,101.684,101.73,101.751,101.907,101.677,101.174,100.704,100.456,100.532,100.326,100.454,100.568,100.056,100.36,100.371,100.633,101.183,101.027,100.66,100.559,100.384,101.141,101.103,101.295,101.344,100.962,101.081,101.513,101.373,101.558,100.871,100.404,100.074,99.5795,99.2527,99.036,98.5477,98.2786,98.2959,98.3469,98.4871,98.6704,98.9122,99.2344,98.9119,98.6778,98.8529,98.4126,98.285,98.0808,97.9116,97.6321,97.4855,97.643,97.9416,97.7383,97.8453,98.1461,98.2897,98.2352,98.0513,97.8099,97.7666,97.666,97.8063,97.7864,97.3716,97.4915,97.6338,97.9856,98.3782,98.3699,98.2368,98.132,97.9898,98.1018,97.7517,97.4037,97.2137,96.7446,96.6112,96.5307,96.2681,96.2942,95.8476,95.6432,95.3592,95.0145,94.8897,94.6399,94.3894,94.1009,93.7045,93.5619,93.2558,92.7682,92.3946,91.9641,91.7088,91.3382,90.8766,90.7317,90.6402,90.6735,90.7891,90.9555,91.0191,91.05,91.0336,90.9842,90.8289,90.7531,90.6829,90.7883,91.0723,91.422,91.8607,92.3405,92.8439,93.3728,93.9032,94.4692,94.9791,95.3683,95.6312,95.5425,95.2372,95.0858,95.2182,95.4617,95.7835,96.142,96.5181,97.0574,97.9527,99.0068,99.8382,100.286,100.557,100.793,100.972,101.157,101.319,101.409,101.532,101.55,101.586,101.683,101.694,101.791,101.843,101.851,101.874,101.864,101.88,101.897,101.915,101.944,101.932,101.95,101.926,101.943,101.98,101.978,101.99,101.981,101.981,101.964,101.932,101.931,101.92,101.874,101.866,101.858,101.829,101.802,101.81,101.827,101.856,101.863,101.865,101.882,101.889,101.94,101.957,101.975,101.953,101.954,101.961,101.984,101.998,102.001,101.992,102.008,102.009,102.023,102.038,102.048,102.055,102.06,102.043,102.036,102.017,101.993,101.99,101.986,101.959,101.944,101.929,101.94,101.928,101.944,101.964,102,102.018,102.047,102.053,102.091,102.13,102.175,102.216,102.239,102.234,102.251,102.268,102.304,102.286,102.28,102.279,102.256,102.264,102.279,102.245,102.243,102.238,102.262,102.256,102.257,102.268,102.276,102.261,102.256,102.252,102.255,102.248,102.266,102.267,102.265,102.275,102.283,102.295,102.301,102.293,102.282,102.251,102.248,102.25,102.205,102.184,102.164,102.144,102.137,102.118,102.105,102.08,102.059,102.059,102.086,102.082,102.076,102.081,102.075,102.076,102.089,102.075,102.053,102.047,102.053,102.054,102.021,102.017,102.014,102.004,102.024,102.033,101.991,101.989,101.979,101.988,101.986,101.968,101.956,101.942,101.933,101.946,101.94,101.958,101.95,101.961,101.976,101.982,101.96,101.986,101.976,101.98,101.957,101.961,101.958,101.972,101.957,102.002,101.986,102.002,102.003,102.007,102.027,102.014,101.993,101.989,101.965,101.952,101.929,101.921,101.907,101.917,101.928,101.91,101.919,101.922,101.922,101.937,101.943,101.928,101.896,101.886,101.892,101.883,101.865,101.876,101.873,101.849,101.869,101.878,101.9,101.918,101.932,101.934,101.903,101.899,101.886,101.896,101.903,101.861,101.86,101.83,101.832,101.851,101.851,101.866,101.85,101.846,101.857,101.852,101.869,101.863,101.858,101.861,101.876,101.859,101.847,101.852,101.846,101.848,101.859,101.872,101.873,101.839,101.857,101.861,101.871,101.864,101.865,101.843,101.838,101.814,101.833,101.82,101.806,101.808,101.801,101.789,101.802,101.801,101.813,101.806,101.801,101.802,101.789,101.798,101.817,101.822,101.848,101.859,101.884,101.912,101.919,101.886,101.898,101.887,101.876,101.834,101.831,101.812,101.782,101.779,101.808,101.798,101.787,101.794,101.817,101.817,101.823,101.845,101.848,101.853,101.852,101.856,101.845,101.832,101.827,101.816,101.804,101.802,101.795,101.8,101.807,101.799,101.787,101.791,101.805,101.799,101.791,101.797,101.772,101.762,101.762,101.793,101.791,101.776,101.793,101.79,101.811,101.83,101.819,101.848,101.832,101.839,101.825,101.812,101.837,101.819,101.819,101.828,101.83,101.832,101.835,101.843,101.841,101.815,101.821,101.816,101.811,101.791,101.79,101.752,101.774,101.787,101.8,101.789,101.803,101.82,101.823,101.811,101.844,101.835,101.833,101.832,101.831,101.825,101.837,101.855,101.868,101.862,101.863,101.904,101.902,101.931,101.972,102.002,102.026,102.054,102.067,102.083,102.052,102.069,102.068,102.046,102.038,101.977,101.976,101.984,101.987,101.997,102.021,102.031,102.026,102.034,102.073,102.072,102.078,102.112,102.121,102.132,102.123,102.145,102.102,102.11,102.124,102.11,102.124,102.134,102.114,102.128,102.132,102.149,102.137,102.107,102.103,102.079,102.045,102.026,102.009,102.013,102.004,102.019,102.033,102.028,102.027,102.054,102.076,102.089,102.12,102.173,102.178,102.186,102.279,102.25,102.244,102.235,102.229,102.199,102.2,102.273,102.286,102.221,102.249,102.289,102.287,102.289,102.341,102.283,102.181,102.213,102.273,102.247,102.326,102.337,102.318,102.318,102.355,102.392,102.419,102.339,102.398,102.286,102.354,102.347,102.371,102.364,102.361,102.296,102.398,102.327,102.314,102.323,102.379,102.332,102.393,102.415,102.425,102.38,102.423,102.429,102.468,102.389,102.282,102.178,102.161,102.245,102.259,102.257,102.277,102.154,102.218,102.311,102.424,102.439,102.435,102.301,102.352,102.401,102.375,102.282,102.276,102.264,102.23,102.115,102.182,102.184,102.147,102.203,102.339,102.371,102.362,102.32,102.348,102.525,102.47,102.504,102.415,102.498,102.385,102.343,102.445,102.353,102.166,102.392,102.406,102.559,102.492,102.692,102.793,102.892,103.044,103.079,102.803,102.725,102.692,102.622,102.516,102.375,102.179,102.189,102.276,102.267,102.497,102.33,102.331,102.516,102.545,102.677,102.501,102.579,102.589,102.488,102.544,102.645,102.649,102.674,102.569,102.385,102.251,102.435,102.396,102.455,102.152,101.906,101.981,101.972,102.331,102.298,102.197,102.215,102.468,102.775,103.036,102.906,103.058,103.133,103.43,103.363,103.201,103.062,103.065,102.963,103.138,102.881,102.739,102.535,102.606,102.842,102.72,102.28,102.062,102.118,102.269,102.224,102.425,102.218,102.237,102.272,102.702,102.793,102.666,102.688,103.013,102.882,102.71,102.595,102.828,102.874,102.675,102.728,102.679,102.308,102.366,102.947,102.904,102.528,102.083,101.972,101.545,101.714,101.676,101.558,101.272,101.085,100.945,100.981,101.3,101.137,101.113,101.056,100.848,100.854,101.182,101.56,101.783,101.933,102.569,102.487,102.669,102.606,102.744,102.786,102.905,103.203,103.014,102.892,102.533,102.235,102.652,102.647,102.382,102.083,102.209,102.225,102.277,102.485,102.696,102.553,102.429,102.449,102.421,102.094,101.798,101.449,101.518,101.57,101.427,101.829,101.899,101.969,101.862,102.105,102.269,102.008,102.186,102.143,101.883,101.626,101.65,101.968,101.85,102.117,102.162,101.58,101.461,101.55,101.728,101.531,101.296,101.468,101.902,101.913,102.303,102.529,102.378,102.486,102.724,102.748,102.863,102.445,102.522,102.276,102.144,102.28,101.896,101.865,102.053,102.216,102.119,101.958,102.007,101.677,101.657,101.85,101.744,101.756,101.607,101.76,102.091,101.966,102.304,102.406,102.357,102.462,102.318,101.93,101.87,101.432,101.654,102.016,102.036,102.171,102.043,102.235,102.503,102.369,102.767,103.187,102.986,102.808,102.787,103.047,102.881,102.926,103.172,103.055,102.728,102.786,102.848,102.7,102.788,103.011,102.84,102.297,102.564,102.564,102.456,102.261,102.697,102.515,102.461,102.667,103.001,102.925,102.971,103.164,103.585,-101.13,-0.546448,148.485,98.6799,
F_3492A2/54_D_Faint_0.503_VVS2,102.781,5.51807,-47.7177,119.86,107.366,79.088,466.63,280.212,0.149819,0.805608,48.0357,-83.4036,3473.21, ,300,34.7222,129.167,-212.5,91.3628,90.7522,92.0185,92.3403,92.1285,91.8896,91.4492,91.4704,91.8521,91.4968,92.3149,91.9405,90.7275,90.8912,90.9103,91.5778,90.9701,90.5165,90.5374,90.2481,90.2201,91.2631,91.0139,91.3013,90.6633,90.298,91.0209,90.3203,90.2274,90.033,90.5828,90.9568,90.7888,91.6865,92.3725,92.0885,92.967,92.7123,92.4082,91.7379,91.6345,91.8204,91.2854,91.5324,91.0535,90.7512,91.1731,91.1483,90.9047,90.201,89.9563,89.8532,89.8237,89.9889,89.5286,89.5082,89.79,89.9367,89.9659,90.4341,90.1628,89.6409,89.8971,90.6906,90.413,90.7026,90.3114,91.2152,91.3263,91.5337,92.2157,92.0125,92.3915,92.9736,92.8385,93.0982,92.9211,92.1747,92.9134,93.3842,93.5867,93.4898,92.8204,92.6946,92.562,92.2941,93.4962,93.5411,92.8567,92.679,92.7942,92.7827,92.6597,93.4133,93.6919,92.8761,92.0987,91.6633,92.0476,91.1168,91.7369,91.6033,91.5901,91.63,92.1226,92.3519,92.8983,92.502,92.885,92.1307,92.4849,91.6003,91.0751,90.7545,90.6526,90.4832,90.7673,91.0336,91.2928,91.3853,91.7988,91.6396,91.8721,91.75,91.7298,91.4177,91.008,91.3552,91.1915,90.784,91.2046,91.333,91.4594,92.2838,92.4937,92.5266,92.2708,92.1056,92.1712,92.1511,91.6397,91.7494,91.2527,90.9753,90.9753,91.232,91.2406,91.1972,91.1597,91.3672,91.1157,90.8545,90.9836,91.0615,90.9054,90.8656,91.1816,91.0113,91.0613,91.2005,91.5365,91.4072,91.1803,91.2204,91.42,91.2319,91.2231,91.099,91.0837,91.0236,91.1252,91.2035,91.5488,91.727,91.8699,92.0021,91.969,91.9516,91.8142,91.8355,91.9477,91.7959,91.567,91.5342,91.5719,91.6262,91.6147,91.6215,91.6254,91.5635,91.6248,91.8196,91.8217,91.802,91.8461,92.0579,92.209,92.413,92.5592,92.7457,92.871,92.9973,93.1011,93.1433,93.0644,93.0311,92.9152,92.7498,92.6339,92.5174,92.4172,92.3067,92.2184,92.1289,92.0037,91.8813,91.7703,91.6105,91.4529,91.2796,91.0856,90.8887,90.6682,90.4749,90.2744,90.0933,89.963,89.8033,89.6498,89.5447,89.3546,89.2297,89.071,89.0068,88.8736,88.739,88.7027,88.6645,88.639,88.776,88.8399,88.9704,88.9433,89.0251,89.0253,88.9393,88.8972,88.8431,88.8189,88.9987,89.1839,89.369,89.6048,89.9859,90.3967,90.7696,91.0796,91.2961,91.562,91.7723,92.282,92.8085,93.293,94.0965,95.1081,96.0968,97.2201,98.442,100.215,102.211,105.135,109.847,116.123,121.68,126.586,131.296,135.316,138.944,142.564,145.467,146.687,145.857,146.859,149.816,153.397,158.895,166.064,173.703,181.506,188.669,195.126,199.987,203.983,207.016,208.531,208.316,206.882,205.928,205.471,206.072,208.471,211.655,215.513,218.689,221.131,224.053,225.554,226.549,226.876,226.291,224.55,222.532,221.478,220.86,220.224,220.193,220.64,221.259,222.077,223.404,224.315,225.335,226.422,226.779,226.501,225.654,224.541,222.616,220.768,219.143,216.932,215.167,213.356,212.495,211.794,210.682,209.881,209.337,207.832,206.992,205.604,204.747,203.188,201.084,199.508,198.133,196.348,195.197,193.51,191.519,189.659,187.801,186.514,185.455,183.635,181.892,180.227,178.846,177.366,175.857,174.158,172.41,170.703,169.076,167.558,165.756,164.032,162.363,160.684,159.021,157.57,155.847,154.728,153.186,151.989,150.566,149.298,148.098,146.816,145.516,144.077,142.663,141.656,140.564,139.217,138.308,137.369,136.5,135.483,134.582,133.694,132.68,131.787,130.815,129.996,128.956,128.244,127.629,126.564,125.805,125.381,124.439,124.005,123.273,122.656,121.891,121.101,120.88,120.38,119.849,119.331,118.843,118.015,117.715,117.359,116.887,116.252,115.778,114.991,114.475,114.15,114.146,113.754,113.305,112.836,112.296,111.522,111.371,111.017,110.372,109.824,109.069,108.765,108.544,108.759,108.873,108.362,108.375,108.313,108.221,108.197,107.939,107.81,107.282,107.114,106.909,106.687,106.639,106.523,106.347,106.289,106.149,105.978,105.778,105.948,105.893,105.617,105.506,105.508,105.043,104.688,104.71,104.748,104.285,104.3,104.468,104.292,104.186,104.439,104.51,104.396,104.269,104.515,104.476,104.366,104.554,104.569,104.463,104.491,104.575,104.31,104.383,104.055,103.896,103.799,103.553,103.535,103.465,103.219,103.395,103.197,103.168,103.148,102.952,103.054,103.23,103.353,103.373,103.165,103.188,103.128,102.831,102.907,103.085,102.887,102.945,103.196,102.725,102.615,102.628,102.99,103.151,102.762,102.737,102.275,102.259,103.061,103.246,103.357,103.404,103.295,103.657,103.626,103.701,103.745,104.016,103.979,103.778,103.71,103.697,103.532,103.892,104.111,104.402,104.074,104.333,104.584,104.26,104.303,104.301,104.157,104.226,103.81,103.639,102.863,103.351,103.7,103.426,103.846,103.933,103.953,104.074,104.286,104.85,104.308,104.689,104.885,104.749,104.631,104.575,104.303,104.169,104.282,104.297,103.653,103.813,103.697,103.828,103.526,103.836,104.169,104.036,103.966,103.983,104.006,104.322,104.319,104.667,105.09,104.515,104.471,104.944,105,104.873,105,105.079,104.651,104.173,105.056,105.086,104.686,104.71,104.521,104.643,104.326,104.709,104.798,103.787,103.756,103.66,104.308,104.503,104.097,104.543,105.041,104.902,105.2,105.322,105.834,105.486,105.887,106.345,105.376,104.534,104.515,104.712,105.052,104.862,105.144,105.289,104.514,106.057,106.689,106.506,107.209,107.556,107.302,107.394,106.333,106.313,105.878,105.744,106.391,105.807,104.796,104.908,104.167,105.537,106.17,106.635,107.375,106.455,106.699,107.279,107.048,108.404,107.445,106.693,106.519,105.642,106.405,106.111,106.268,107.068,105.784,105.726,106.999,105.846,105.827,106.056,106.981,107.485,106.677,108.585,109.715,108.179,109.354,110.434,110.939,110.103,110.144,111.722,110.574,109.099,110.84,111.318,111.144,109.172,110.474,109.79,108.711,108.141,108.542,107.904,106.93,106.563,108.554,107.61,107.958,108.792,110.952,110.483,110.482,110.621,110.117,110.684,109.73,109.286,108.037,106.629,108.353,108.745,108.506,110.644,110.033,112.106,113.203,114.363,114.477,113.78,112.572,113.364,110.822,112.184,110.064,109.724,109.45,109.292,109.191,110.722,109.367,110.031,108.787,111.8,108.936,110.537,110.498,112.962,113.07,114.033,114.468,112.824,112.255,115.838,117.405,118.827,115.82,115.366,115.98,117.617,118.005,117.841,116.413,114.23,113.694,116.141,116.327,118.813,120.396,120.19,116.253,118.304,120.027,120.717,121.613,123.848,120.843,122.799,122.386,127.981,123.878,122.255,121.181,121.794,119.773,117.758,112.24,116.012,116.057,119.638,117.666,119.44,115.764,113.935,116.552,116.654,117.103,117.008,116.038,118.107,113.139,114.184,115.814,121.023,124.863,123.894,125.149,120.685,119.893,127.873,127.393,124.173,122.056,122.356,121.924,117.223,122.101,124.855,122.101,122.096,127.51,128.1,124.951,123.712,125.539,123.37,121.596,120.885,120.867,122.274,122.276,115.075,115.952,120.479,125.282,123.93,118.079,117.236,110.011,106.582,111.592,111.167,107.363,105.182,106.141,114.471,116.944,117.426,122.33,121.776,124.943,126.395,130.432,126.162,122.278,121.717,125.664,119.399,121.8,119.772,117.43,110.354,113.833,117.33,117.522,117.389,121.776,123.949,120.973,119.139,113.986,112.698,110.859,106.511,107.912,103.236,100.402,102.26,104.409,111.631,114.626,114.502,116.328,112.939,116.978,114.893,116.319,110.986,112.064,112.269,105.402,109.237,109.397,107.335,109.94,103.256,104.571,102.579,102.906,107.302,106.291,105.772,105.828,106.071,107.114,110.755,109.655,105.646,106.231,105.443,105.067,103.301,102.341,103.415,98.1764,100.032,101.069,99.5229,95.5312,96.0013,99.0595,99.7866,96.9563,98.8529,96.4326,94.533,94.4474,96.1887,94.7301,93.874,91.3116,94.2182,93.2339,94.3452,95.0924,98.962,97.9873,99.516,98.709,98.4225,99.0733,100.79,98.8281,98.5435,94.54,95.6999,94.6747,94.6674,95.1389,93.3677,92.5944,94.3314,94.4321,95.0288,93.9013,94.978,93.7889,94.6673,95.5655,95.4865,96.1175,96.3611,95.9625,95.0376,93.8429,94.059,93.3026,92.9107,92.9342,91.5615,91.2895,92.2381,92.7406,92.9696,94.0611,93.9171,93.8365,93.1976,93.4385,94.5646,94.8335,95.0186,94.2869,94.0569,93.9714,95.4058,94.4575,94.2479,93.017,92.6554,91.4761,92.4771,91.108,91.6112,88.9015,89.4547,89.4915,89.6919,89.1692,89.2622,89.0235,90.5785,91.3985,92.3735,93.0055,93.0583,93.8418,94.2109,95.6473,95.5481,94.9341,92.5048,93.9134,95.1176,94.328,93.4028,94.6039,93.4008,92.8221,92.6147,95.5272,94.6294,94.4986,94.4776,94.2024,91.6235,92.1371,92.7202,92.8826,91.0051,91.2837,90.5359,90.343,90.8449,91.8027,91.4005,91.4558,91.1799,91.7171,90.6684,91.7326,92.3122,93.2335,94.3738,95.6027,94.927,94.399,93.3638,94.4141,91.8027,92.0899,90.3552,88.8787,87.753,88.2282,88.7416,64.5833,56.25,206.25,57.5,
W_3523A2/395_G_Faint_0.513_VVS2,100.667,-0.886989,2.01376,96.181,101.736,107.472,569.173,92.9799,0.0177283,0.442339,2.20045,113.772,6358.18, ,200,50.4274,-1966.67,101.709,96.8748,97.0894,96.9544,97.4695,97.3297,96.8654,96.841,97.5888,97.622,97.6812,97.9857,97.5799,96.9395,96.9873,97.4855,97.4551,97.371,97.6866,97.5015,97.3944,98.0921,98.1953,98.2537,98.0983,98.1719,97.8085,97.0343,97.3477,97.3356,97.0258,96.8334,96.3622,95.6233,95.7374,95.4909,96.0543,96.1051,95.7577,95.8735,96.0608,96.7954,97.5679,97.0155,97.41,97.5404,97.1308,97.1176,97.1524,97.1494,96.7796,96.9289,97.3441,97.6224,97.4671,98.0075,98.0306,98.2755,98.1894,98.2544,97.9159,97.4248,96.6413,96.3349,95.8248,96.262,96.2096,96.0339,96.5148,96.3961,97.1481,97.4561,97.8581,98.3577,97.8825,97.8084,98.3925,97.7475,98.1107,97.6327,97.5432,97.6054,97.5875,97.1603,96.8069,96.4723,96.3786,96.0046,96.3473,96.572,96.4877,96.0735,96.7396,97.1118,97.0329,96.8379,97.2456,97.2516,97.1397,96.961,97.0049,96.543,96.5463,96.5432,96.8849,96.6895,96.1473,96.2888,96.1993,96.4086,96.5592,96.72,96.662,96.8169,96.4523,96.6153,96.2122,96.5643,96.9332,97.1123,96.7535,97.402,97.6067,97.9797,98.5505,98.635,98.2105,97.7679,97.8239,97.7369,97.4276,97.2398,97.3888,97.3409,98.0411,98.4108,98.7721,98.4544,98.3533,98.0886,98.1222,98.2891,98.4797,97.9814,98.1211,97.899,98.272,98.4623,98.6398,98.6833,98.4613,97.933,97.7616,97.7576,97.7955,97.8637,98.2745,98.5605,98.6274,98.5363,99.0088,99.2013,98.74,98.4428,98.2886,98.1784,97.7189,97.5855,97.7968,97.6414,97.5257,98.0116,97.9119,97.7103,97.4621,97.1521,97.2002,96.7348,96.5095,96.1367,95.5391,95.4172,95.5707,95.1148,95.1492,94.9583,94.8092,94.395,94.4305,94.6513,94.5374,94.1619,93.8246,93.7203,93.4963,92.9978,92.8331,92.7816,92.2534,92.2181,91.8596,92.136,92.0952,91.6963,92.182,92.1743,92.0454,91.7804,91.1695,91.0518,90.8175,90.7068,90.5978,90.3231,90.0812,90.0088,90.1537,90.489,90.7014,90.472,90.1746,89.947,89.5417,89.0959,88.5283,88.291,87.8117,87.0952,86.6055,86.1202,85.7781,85.3283,84.8327,84.3702,83.5228,82.8958,82.2281,81.756,80.9141,80.1517,79.3323,78.608,77.7545,76.9454,76.0295,75.2539,74.4011,73.6418,73.1537,72.8823,72.8151,72.8482,73.0104,73.0808,73.0873,72.9955,72.8365,72.5578,72.3796,72.3391,72.5765,73.11,73.8938,74.8309,75.8172,76.809,77.8992,78.9912,80.1556,81.2376,82.11,82.576,82.4026,81.8081,81.5977,81.9191,82.5872,83.3422,84.244,85.263,86.7179,88.7624,91.2013,93.1567,94.3257,95.0923,95.7203,96.2125,96.6633,96.9879,97.3168,97.5573,97.6973,97.8903,98.1094,98.2762,98.4765,98.6527,98.8079,98.9197,99.0317,99.1194,99.1664,99.1935,99.2487,99.2601,99.2953,99.2919,99.31,99.3299,99.3319,99.3496,99.3795,99.3794,99.3826,99.3602,99.3227,99.2877,99.1973,99.1381,99.054,98.9921,98.9316,98.9135,98.8991,98.9316,98.9565,99.0047,99.0706,99.1795,99.27,99.3273,99.3662,99.3962,99.4165,99.4285,99.4641,99.4838,99.4857,99.4811,99.5273,99.5397,99.5707,99.6247,99.6812,99.7438,99.7922,99.8032,99.8124,99.7981,99.7772,99.7042,99.6023,99.4616,99.3281,99.2259,99.1823,99.1773,99.2171,99.3187,99.4891,99.6633,99.9108,100.139,100.349,100.556,100.723,100.844,100.935,101.013,101.123,101.185,101.262,101.298,101.322,101.363,101.405,101.44,101.468,101.466,101.478,101.487,101.526,101.546,101.561,101.572,101.606,101.634,101.654,101.666,101.697,101.72,101.746,101.761,101.775,101.798,101.787,101.772,101.807,101.801,101.797,101.794,101.776,101.787,101.748,101.753,101.767,101.77,101.778,101.781,101.775,101.788,101.795,101.813,101.828,101.84,101.818,101.807,101.803,101.811,101.828,101.825,101.826,101.836,101.833,101.846,101.844,101.852,101.847,101.837,101.849,101.852,101.824,101.821,101.82,101.816,101.808,101.812,101.809,101.813,101.801,101.796,101.791,101.793,101.812,101.826,101.839,101.829,101.799,101.829,101.834,101.84,101.828,101.821,101.812,101.821,101.833,101.857,101.826,101.835,101.851,101.85,101.859,101.86,101.847,101.836,101.826,101.842,101.836,101.839,101.841,101.842,101.846,101.842,101.852,101.865,101.854,101.863,101.843,101.828,101.813,101.809,101.805,101.809,101.797,101.792,101.82,101.833,101.864,101.872,101.896,101.914,101.915,101.939,101.939,101.938,101.936,101.936,101.935,101.903,101.888,101.882,101.86,101.866,101.851,101.846,101.838,101.843,101.866,101.873,101.885,101.87,101.873,101.864,101.873,101.851,101.833,101.822,101.827,101.82,101.869,101.879,101.903,101.899,101.925,101.948,101.959,101.959,101.968,101.932,101.922,101.894,101.904,101.89,101.885,101.889,101.875,101.87,101.88,101.887,101.896,101.883,101.886,101.87,101.861,101.876,101.877,101.881,101.889,101.887,101.897,101.912,101.929,101.896,101.896,101.891,101.882,101.876,101.915,101.906,101.898,101.89,101.921,101.926,101.948,101.954,101.96,101.939,101.942,101.945,101.975,101.979,101.99,101.976,101.965,101.957,101.922,101.916,101.919,101.898,101.903,101.896,101.913,101.915,101.911,101.953,101.967,101.957,101.958,101.981,101.953,101.95,101.961,101.993,101.985,101.996,102.034,102.04,102.033,102.062,102.059,102.06,102.053,102.053,102.039,102.019,102.038,102.044,102.053,102.048,102.056,102.065,102.074,102.079,102.078,102.074,102.05,102.022,102.015,102.004,101.961,101.926,101.932,101.932,101.914,101.906,101.916,101.927,101.959,101.988,102.056,102.046,102.053,102.051,102.047,102.059,102.081,102.067,102.064,102.056,102.074,102.076,102.097,102.167,102.195,102.183,102.227,102.288,102.261,102.26,102.292,102.284,102.242,102.224,102.235,102.206,102.173,102.206,102.209,102.192,102.236,102.261,102.292,102.316,102.318,102.298,102.264,102.328,102.353,102.353,102.363,102.337,102.332,102.375,102.419,102.447,102.433,102.423,102.41,102.441,102.483,102.482,102.465,102.435,102.426,102.425,102.419,102.42,102.387,102.358,102.355,102.33,102.333,102.331,102.335,102.398,102.381,102.403,102.452,102.495,102.526,102.542,102.594,102.593,102.542,102.545,102.531,102.453,102.446,102.471,102.495,102.499,102.495,102.533,102.548,102.535,102.591,102.601,102.559,102.57,102.584,102.588,102.632,102.68,102.718,102.742,102.701,102.73,102.773,102.72,102.755,102.725,102.735,102.692,102.7,102.782,102.749,102.78,102.806,102.731,102.718,102.671,102.649,102.665,102.645,102.679,102.577,102.641,102.675,102.634,102.761,102.824,102.785,102.771,102.731,102.823,102.75,102.77,102.85,102.719,102.655,102.634,102.667,102.673,102.746,102.649,102.64,102.557,102.59,102.547,102.672,102.706,102.724,102.521,102.636,102.602,102.585,102.68,102.881,102.818,102.755,102.715,102.914,103.053,103.121,103.322,103.414,103.507,103.539,103.478,103.705,103.61,103.381,103.401,103.311,103.156,103.086,103.086,103.225,103.052,103.097,103.357,103.299,103.352,103.351,103.194,103.133,103.085,102.935,103.031,103.001,103.054,102.985,103.002,102.92,102.932,102.977,103.11,102.922,102.987,102.974,103.134,103.238,103.403,103.507,103.369,103.471,103.395,103.152,103.322,103.071,102.93,102.548,102.514,102.634,102.657,102.793,103.02,102.765,102.655,102.578,102.962,102.995,103.089,103.104,103.022,103.053,103.038,103.174,103.274,103.292,103.077,102.838,102.8,102.935,102.832,103.022,103.021,103.288,102.651,102.797,103.27,103.227,103.175,103.307,103.23,103.49,103.212,103.82,103.694,103.386,103.222,103.244,103.148,102.67,102.639,102.482,102.585,102.565,102.661,102.779,102.838,102.856,103.672,103.441,103.729,103.585,103.564,103.136,103.206,102.926,102.669,102.397,102.326,101.967,101.742,102.007,101.98,102.001,101.498,101.304,101.261,101.196,101.353,101.49,101.68,101.617,101.4,102.03,102.315,102.131,102.657,102.919,103.206,102.413,102.929,102.84,102.565,102.418,102.537,102.136,101.77,101.929,102.149,101.767,102.132,102.032,102.222,102.179,102.348,102.378,102.155,102.349,102.535,102.266,102.637,102.398,102.732,102.382,102.464,102.11,101.793,101.782,101.557,101.435,101.774,101.469,101.641,101.723,101.994,102.12,102.109,102.282,102.058,101.811,101.714,101.502,101.5,101.379,101.494,102.146,102.214,102.593,102.658,103.02,103.37,103.47,103.425,103.655,103.053,103.027,102.79,102.827,102.861,102.361,101.947,102.123,102.163,102.101,101.928,102.342,101.923,101.737,102.082,102.487,102.322,102.45,102.47,102.647,102.277,102.202,102.419,102.465,102.413,102.686,102.171,102.348,102.329,102.703,103.456,103.203,103.223,102.888,102.622,102.727,102.422,102.51,102.422,102.273,102.298,102.278,102.746,103.06,103.124,103.049,103.174,103.107,103.077,103.285,103.243,103.331,103.004,103.007,103.196,102.865,102.875,102.699,102.649,103.065,102.613,102.77,102.87,102.985,103.165,103.244,103.497,103.316,304.52,230.055,82.9201,20.132,
F_3523A2/395_G_Faint_0.513_VVS2,101.164,4.22599,-27.3906,114.212,103.042,59.2971,456.611,206.071,0.0833826,-1.63761,27.7147,-81.2292,3174.92, ,50,56.5741,63.6111,90.8333,73.4954,73.3911,73.7483,73.8054,73.6573,73.5232,73.4407,74.2148,74.5043,73.5847,73.5075,73.635,73.1155,73.846,74.1512,73.7002,73.1681,73.4557,73.8149,73.7746,73.3072,73.9057,73.5265,72.7851,72.7666,72.2623,72.1561,71.367,71.409,71.6894,71.6342,71.5696,71.7453,72.4071,72.857,72.9998,73.677,73.574,73.2839,73.0213,72.6011,72.9952,72.5146,72.4931,71.9,72.0261,72.5987,72.7357,72.6674,73.0372,72.6682,72.4056,72.7892,73.2888,73.2023,72.6129,72.8073,72.9946,72.6668,73.3515,73.7142,73.3686,73.2745,73.4356,73.6566,73.6897,72.9711,73.3739,72.9741,72.7788,73.1328,73.4897,73.8321,73.9646,73.9302,74.7696,74.854,74.7909,75.1227,74.6825,74.5833,74.5348,74.1077,73.6159,73.1557,72.8182,72.7982,72.4061,72.7,72.474,72.442,72.611,72.9136,73.1153,73.1646,73.091,73.168,73.1667,73.2153,72.5328,72.3602,72.5553,72.5992,72.502,72.2264,72.0464,71.867,71.4956,71.8398,71.691,71.5517,71.3159,71.1867,71.2908,71.8916,72.1916,72.2874,72.668,73.2059,73.327,73.2588,72.8786,73.124,72.8057,72.4925,73.0933,73.0589,72.6933,72.7817,72.8756,73.6884,74.1946,74.3077,74.4515,74.0877,73.7038,73.7631,73.4537,73.831,73.8428,73.4538,73.5879,73.8156,73.6171,73.7761,73.9237,74.0788,73.9249,74.0028,74.0343,73.708,73.2965,73.1313,73.0715,72.9119,72.8794,73.0123,72.7412,72.5392,72.5095,72.8103,73.0239,72.8887,72.9222,72.9089,72.6048,72.6525,72.8997,72.937,72.9518,73.1647,73.3903,73.6311,73.6538,73.9519,73.9761,73.7701,73.8266,73.7485,73.655,73.6348,73.4806,73.4795,73.4912,73.5676,73.5408,73.4942,73.4772,73.5438,73.5713,73.7144,73.7559,73.833,73.8682,74.0834,74.4498,74.8181,75.3245,75.7277,76.1731,76.4916,76.6938,76.8559,76.9241,76.7741,76.6424,76.3725,76.1213,75.8308,75.5594,75.2904,75.0253,74.7727,74.5185,74.2361,73.9627,73.6416,73.3062,72.9406,72.5536,72.1487,71.7237,71.3152,70.9218,70.5361,70.2077,69.9086,69.6302,69.3919,69.1681,68.9301,68.7087,68.4669,68.2522,68.0305,67.8519,67.7408,67.6679,67.6839,67.8225,67.9436,68.1048,68.2288,68.3556,68.3286,68.3133,68.2113,68.1726,68.2039,68.3286,68.6446,68.9376,69.3387,69.9569,70.4889,71.1053,71.4414,71.7044,71.93,72.0875,72.5372,73.1964,73.8809,74.8731,76.1221,77.4138,79.0029,80.706,82.4537,84.1977,85.7731,87.6003,90.0744,92.3859,94.98,97.5556,99.8649,102.262,104.604,107.181,109.818,111.673,114.096,116.436,119.259,122.936,127.235,131.956,136.695,140.949,144.694,147.391,149.978,151.884,152.721,153.029,152.362,152.069,151.67,152.648,154.554,156.801,159.088,161.208,162.401,164.308,164.87,165.761,165.955,165.199,164.196,162.992,162.291,161.929,161.799,162.009,161.974,162.221,162.987,163.794,164.08,164.628,165.282,165.11,164.89,164.646,163.914,162.65,161.688,160.852,159.842,159.144,158.171,157.667,157.088,156.318,155.973,155.734,154.922,154.369,153.444,152.73,152.057,150.672,150.017,149.388,148.109,147.518,146.742,145.661,144.725,143.24,142.729,142.187,140.954,139.911,138.573,137.697,136.939,136.358,135.683,134.798,133.876,133.131,132.477,131.916,131.003,130.028,129.104,128.347,127.89,126.961,126.37,125.803,125.145,124.311,123.728,123.187,122.414,121.457,120.631,119.782,119.122,118.666,118.236,118.018,117.365,116.974,116.577,116.185,115.833,115.453,115.057,114.243,113.564,113.058,112.597,112.248,111.571,111.316,111.05,110.408,110.31,109.859,109.436,109.104,108.509,108.331,107.922,107.355,106.78,106.597,106.124,106.072,105.89,105.958,106.04,105.879,105.648,105.685,105.695,105.71,105.516,105.236,104.871,104.233,104.02,103.848,103.681,103.222,103.235,103.103,103.092,102.857,103.206,103.032,102.85,102.869,102.703,102.687,102.608,102.284,102.389,101.902,101.566,101.742,101.696,101.985,101.612,101.365,101.531,101.367,101.258,101.377,101.101,101.168,100.842,101.003,101.155,100.94,101.042,101.135,101.157,101.054,100.951,101.018,101.021,100.692,101.008,100.967,101.005,101.251,101.359,101.518,101.491,101.684,101.935,101.663,101.476,101.687,101.46,101.568,101.342,101.126,100.923,100.766,100.849,101.054,100.842,100.998,100.966,100.934,101.134,101.134,101.277,101.539,101.579,101.458,101.363,101.338,101.299,101.088,101.039,101.178,101.048,100.99,101.14,100.769,100.602,100.584,100.962,101.24,100.77,100.877,100.908,101.123,101.781,102.015,102.17,101.996,101.889,102.436,102.295,102.241,102.095,102.211,102.317,102.164,102.55,102.441,102.19,102.299,102.422,102.796,102.697,102.79,102.96,102.474,102.437,102.733,103.064,103.143,103.073,102.819,102.628,103.012,103.742,103.79,104.018,103.93,104.391,104.483,104.861,105.158,105.349,105.017,105.062,105.02,105.332,105.111,105.282,105.397,105.559,105.12,105.222,105.254,105.933,105.594,105.845,105.495,105.444,105.26,105.576,105.483,106.118,105.509,105.786,105.625,105.942,105.754,105.758,105.983,105.962,105.483,106.006,106.025,105.949,106.414,106.657,107.248,107.002,107.56,108.584,108.283,107.557,107.48,107.115,106.895,106.477,106.645,106.419,105.564,105.378,106.595,107.22,107.211,107.557,107.773,108.205,108.038,108.755,109.147,108.149,107.473,107.579,107.871,107.964,107.426,108.156,107.73,107.611,108.708,109.323,109.527,109.354,109.213,110.024,110.13,109.881,109.907,109.878,109.976,110.044,109.519,108.471,107.683,107.305,107.891,107.709,107.172,107.284,106.724,106.85,107.931,108.096,108.521,108.089,107.787,108.359,107.492,108.025,108.368,108.421,108.084,106.658,106.614,106.88,105.676,105.546,105.719,106.8,107.468,108.006,110.353,110.516,109.749,111.433,112.55,112.846,112.607,113.352,114.111,113.043,111.657,113.545,112.932,112.641,110.666,111.034,110.352,109.342,108.192,110.167,108.934,109.264,109.47,112.249,111.586,111.989,114.319,115.592,116.122,117.699,118.287,117.981,117.652,118.059,119.543,117.512,117.318,116.476,115.53,113.69,114.727,114.399,115.649,114.035,112.895,113.427,114.201,114.726,116.666,117.081,117.81,115.959,115.877,118.469,116.496,116.491,117.727,116.236,115.553,116.1,117.353,116.349,118.048,121.83,121.699,121.828,121.628,122.699,121.69,121.668,124.63,124.066,122.113,119.935,117.728,119.473,117.563,116.298,113.241,111.202,109.931,111.016,114.723,114.876,117.742,120.334,119.511,120.451,121.812,122.973,124.531,127.274,129.624,127.336,129.771,131.929,136.878,135.596,134.322,132.069,126.12,126.708,125.351,118.656,120.062,118.46,120.405,119.314,120.246,120.126,118.074,118.601,121.177,120.307,120.25,120.254,121.441,122.947,127.551,125.78,128.96,133.148,134.933,136.185,131.28,127.558,129.365,125.322,126.78,126.959,125.317,124.541,120.544,117.804,117.374,113.622,114.892,115.092,110.091,105.768,108.712,109.735,115.741,121.067,123.677,123.602,123.796,125.566,123.959,113.734,114.394,114.786,113.435,103.788,99.9229,95.1623,95.0306,96.0791,101.7,101.29,95.2244,94.2717,101.723,105.7,107.977,109.466,110.328,107.161,111.083,118.143,114.082,111.478,111.44,112.476,110.767,112.959,117.224,113.533,107.65,107.922,103.557,96.4301,99.0333,101.278,102.135,98.6715,99.0975,97.8791,98.7451,100.705,101.835,100.309,95.328,95.2946,95.8764,94.4818,96.8436,100.334,97.1973,96.4438,96.416,100.325,94.4629,95.9623,93.6816,93.343,91.0463,90.6518,92.2151,92.0234,87.4392,89.7014,87.082,85.7039,86.6111,85.6131,90.7013,94.0214,92.6194,95.1206,97.4048,98.0145,101.242,101.867,97.7648,94.0635,94.542,90.4808,86.2982,83.8112,85.0211,83.2427,79.9545,81.8199,86.4695,82.4563,86.102,89.7633,88.7378,85.5378,84.6647,85.5787,85.2363,83.4388,85.2505,82.2454,81.7113,81.785,84.2369,84.7385,84.9496,85.3565,86.8949,85.7331,86.8392,84.0697,83.3586,82.4645,82.5616,80.9263,80.8001,76.9417,77.413,78.6062,80.0857,81.4126,81.0938,79.7949,80.9851,79.6732,81.8191,80.4873,78.9452,79.1812,78.4608,78.2231,78.4364,77.567,78.0542,75.9029,74.6325,75.2943,74.1376,74.4771,74.6754,76.0868,76.1608,76.4258,78.0589,78.484,78.103,80.8252,80.516,81.1315,80.2796,80.8934,81.071,81.0597,81.2779,80.2572,77.9336,76.6484,76.7356,76.7112,75.8726,75.2906,74.2824,73.8643,74.7276,74.803,75.5968,73.6187,72.6917,72.3272,71.9264,72.372,72.9031,72.51,73.2696,72.953,74.7842,74.8574,74.6156,76.0847,77.5639,76.9668,77.4628,76.0571,74.8628,74.0392,74.5513,74.2606,72.7802,72.3743,72.0507,71.6923,72.9237,75.6512,75.9042,76.029,76.4146,77.031,75.9496,77.4976,77.5402,77.74,75.7498,75.6569,75.4209,75.9507,76.0023,75.8232,75.7245,75.9729,75.7889,77.2437,76.5796,77.8442,77.5348,76.864,76.3239,75.8748,75.9722,74.7264,74.1409,73.8923,72.7449,73.1431,73.5214,74.2463,74.0268,73.2074,73.7079,15.1389,-95.4167,-45.4167,98.1667,
W_Calibration,100,0,0,95.0422,100,108.876,565.016,99.9909,1.74827e-05,0.00127928,0,0,6504.1, ,100,100,100,100,100,100,100,100,100,100,100,100,100,100,100,100,100,100,100,100,100,100,100,100,100,100,100,100,100,100,100,100,100,100,100,100,100,100,100,100,100,100,100,100,100,100,100,100,100,100,100,100,100,100,100,100,100,100,100,100,100,100,100,100,100,100,100,100,100,100,100,100,100,100,100,100,100,100,100,100,100,100,100,100,100,100,100,100,100,100,100,100,100,100,100,100,100,100,100,100,100,100,100,100,100,100,100,100,100,100,100,100,100,100,100,100,100,100,100,100,100,100,100,100,100,100,100,100,100,100,100,100,100,100,100,100,100,100,100,100,100,100,100,100,100,100,100,100,100,100,100,100,100,100,100,100,100,100,100,100,100,100,100,100,100,100,100,100,100,100,100,100,100,100,100,100,100,100,100,100,100,100,100,100,100,100,100,100,100,100,100,100,100,100,100,100,100,100,100,100,100,100,100,100,100,100,100,100,100,100,100,100,100,100,100,100,100,100,100,100,100,100,100,100,100,100,100,100,100,100,100,100,100,100,100,100,100,100,100,100,100,100,100,100,100,100,100,100,100,100,100,100,100,100,100,100,100,100,100,100,100,100,100,100,100,100,100,100,100,100,100,100,100,100,100,100,100,100,100,100,100,100,100,100,100,100,100,100,100,100,100,100,100,100,100,100,100,100,100,100,100,100,100,100,100,100,100,100,100,100,100,100,100,100,100,100,100,100,100,100,100,100,100,100,100,100,100,100,100,100,100,100,100,100,100,100,100,100,100,100,100,100,100,100,100,100,100,100,100,100,100,100,100,100,100,100,100,100,100,100,100,100,100,100,100,100,100,100,100,100,100,100,100,100,100,100,100,100,100,100,100,100,100,100,100,100,100,100,100,100,100,100,100,100,100,100,100,100,100,100,100,100,100,100,100,100,100,100,100,100,100,100,100,100,100,100,100,100,100,100,100,100,100,100,100,100,100,100,100,100,100,100,100,100,100,100,100,100,100,100,100,100,100,100,100,100,100,100,100,100,100,100,100,100,100,100,100,100,100,100,100,100,100,100,100,100,100,100,100,100,100,100,100,100,100,100,100,100,100,100,100,100,100,100,100,100,100,100,100,100,100,100,100,100,100,100,100,100,100,100,100,100,100,100,100,100,100,100,100,100,100,100,100,100,100,100,100,100,100,100,100,100,100,100,100,100,100,100,100,100,100,100,100,100,100,100,100,100,100,100,100,100,100,100,100,100,100,100,100,100,100,100,100,100,100,100,100,100,100,100,100,100,100,100,100,100,100,100,100,100,100,100,100,100,100,100,100,100,100,100,100,100,100,100,100,100,100,100,100,100,100,100,100,100,100,100,100,100,100,100,100,100,100,100,100,100,100,100,100,100,100,100,100,100,100,100,100,100,100,100,100,100,100,100,100,100,100,100,100,100,100,100,100,100,100,100,100,100,100,100,100,100,100,100,100,100,100,100,100,100,100,100,100,100,100,100,100,100,100,100,100,100,100,100,100,100,100,100,100,100,100,100,100,100,100,100,100,100,100,100,100,100,100,100,100,100,100,100,100,100,100,100,100,100,100,100,100,100,100,100,100,100,100,100,100,100,100,100,100,100,100,100,100,100,100,100,100,100,100,100,100,100,100,100,100,100,100,100,100,100,100,100,100,100,100,100,100,100,100,100,100,100,100,100,100,100,100,100,100,100,100,100,100,100,100,100,100,100,100,100,100,100,100,100,100,100,100,100,100,100,100,100,100,100,100,100,100,100,100,100,100,100,100,100,100,100,100,100,100,100,100,100,100,100,100,100,100,100,100,100,100,100,100,100,100,100,100,100,100,100,100,100,100,100,100,100,100,100,100,100,100,100,100,100,100,100,100,100,100,100,100,100,100,100,100,100,100,100,100,100,100,100,100,100,100,100,100,100,100,100,100,100,100,100,100,100,100,100,100,100,100,100,100,100,100,100,100,100,100,100,100,100,100,100,100,100,100,100,100,100,100,100,100,100,100,100,100,100,100,100,100,100,100,100,100,100,100,100,100,100,100,100,100,100,100,100,100,100,100,100,100,100,100,100,100,100,100,100,100,100,100,100,100,100,100,100,100,100,100,100,100,100,100,100,100,100,100,100,100,100,100,100,100,100,100,100,100,100,100,100,100,100,100,100,100,100,100,100,100,100,100,100,100,100,100,100,100,100,100,100,100,100,100,100,100,100,100,100,100,100,100,100,100,100,100,100,100,100,100,100,100,100,100,100,100,100,100,100,100,100,100,100,100,100,100,100,100,100,100,100,100,100,100,100,100,100,100,100,100,100,100,100,100,100,100,100,100,100,100,100,100,100,100,100,100,100,100,100,100,100,100,0,100,100,
F_Calibration,100,0,0,108.104,100,39.2965,491.07,99.9909,0.000170256,0.00127928,0,0,3000.62, ,100,100,100,100,100,100,100,100,100,100,100,100,100,100,100,100,100,100,100,100,100,100,100,100,100,100,100,100,100,100,100,100,100,100,100,100,100,100,100,100,100,100,100,100,100,100,100,100,100,100,100,100,100,100,100,100,100,100,100,100,100,100,100,100,100,100,100,100,100,100,100,100,100,100,100,100,100,100,100,100,100,100,100,100,100,100,100,100,100,100,100,100,100,100,100,100,100,100,100,100,100,100,100,100,100,100,100,100,100,100,100,100,100,100,100,100,100,100,100,100,100,100,100,100,100,100,100,100,100,100,100,100,100,100,100,100,100,100,100,100,100,100,100,100,100,100,100,100,100,100,100,100,100,100,100,100,100,100,100,100,100,100,100,100,100,100,100,100,100,100,100,100,100,100,100,100,100,100,100,100,100,100,100,100,100,100,100,100,100,100,100,100,100,100,100,100,100,100,100,100,100,100,100,100,100,100,100,100,100,100,100,100,100,100,100,100,100,100,100,100,100,100,100,100,100,100,100,100,100,100,100,100,100,100,100,100,100,100,100,100,100,100,100,100,100,100,100,100,100,100,100,100,100,100,100,100,100,100,100,100,100,100,100,100,100,100,100,100,100,100,100,100,100,100,100,100,100,100,100,100,100,100,100,100,100,100,100,100,100,100,100,100,100,100,100,100,100,100,100,100,100,100,100,100,100,100,100,100,100,100,100,100,100,100,100,100,100,100,100,100,100,100,100,100,100,100,100,100,100,100,100,100,100,100,100,100,100,100,100,100,100,100,100,100,100,100,100,100,100,100,100,100,100,100,100,100,100,100,100,100,100,100,100,100,100,100,100,100,100,100,100,100,100,100,100,100,100,100,100,100,100,100,100,100,100,100,100,100,100,100,100,100,100,100,100,100,100,100,100,100,100,100,100,100,100,100,100,100,100,100,100,100,100,100,100,100,100,100,100,100,100,100,100,100,100,100,100,100,100,100,100,100,100,100,100,100,100,100,100,100,100,100,100,100,100,100,100,100,100,100,100,100,100,100,100,100,100,100,100,100,100,100,100,100,100,100,100,100,100,100,100,100,100,100,100,100,100,100,100,100,100,100,100,100,100,100,100,100,100,100,100,100,100,100,100,100,100,100,100,100,100,100,100,100,100,100,100,100,100,100,100,100,100,100,100,100,100,100,100,100,100,100,100,100,100,100,100,100,100,100,100,100,100,100,100,100,100,100,100,100,100,100,100,100,100,100,100,100,100,100,100,100,100,100,100,100,100,100,100,100,100,100,100,100,100,100,100,100,100,100,100,100,100,100,100,100,100,100,100,100,100,100,100,100,100,100,100,100,100,100,100,100,100,100,100,100,100,100,100,100,100,100,100,100,100,100,100,100,100,100,100,100,100,100,100,100,100,100,100,100,100,100,100,100,100,100,100,100,100,100,100,100,100,100,100,100,100,100,100,100,100,100,100,100,100,100,100,100,100,100,100,100,100,100,100,100,100,100,100,100,100,100,100,100,100,100,100,100,100,100,100,100,100,100,100,100,100,100,100,100,100,100,100,100,100,100,100,100,100,100,100,100,100,100,100,100,100,100,100,100,100,100,100,100,100,100,100,100,100,100,100,100,100,100,100,100,100,100,100,100,100,100,100,100,100,100,100,100,100,100,100,100,100,100,100,100,100,100,100,100,100,100,100,100,100,100,100,100,100,100,100,100,100,100,100,100,100,100,100,100,100,100,100,100,100,100,100,100,100,100,100,100,100,100,100,100,100,100,100,100,100,100,100,100,100,100,100,100,100,100,100,100,100,100,100,100,100,100,100,100,100,100,100,100,100,100,100,100,100,100,100,100,100,100,100,100,100,100,100,100,100,100,100,100,100,100,100,100,100,100,100,100,100,100,100,100,100,100,100,100,100,100,100,100,100,100,100,100,100,100,100,100,100,100,100,100,100,100,100,100,100,100,100,100,100,100,100,100,100,100,100,100,100,100,100,100,100,100,100,100,100,100,100,100,100,100,100,100,100,100,100,100,100,100,100,100,100,100,100,100,100,100,100,100,100,100,100,100,100,100,100,100,100,100,100,100,100,100,100,100,100,100,100,100,100,100,100,100,100,100,100,100,100,100,100,100,100,100,100,100,100,100,100,100,100,100,100,100,100,100,100,100,100,100,100,100,100,100,100,100,100,100,100,100,100,100,100,100,100,100,100,100,100,100,100,100,100,100,100,100,100,100,100,100,100,100,100,100,100,100,100,100,100,100,100,100,100,100,100,100,100,100,100,100,100,100,100,100,100,100,100,100,100,100,100,100,100,100,100,100,100,100,100,100,100,100,100,100,100,100,100,100,100,100,100,100,100,100,100,100,100,100,100,100,
W_3517A2/60_G_None_0.525_VVS2,100.261,-0.670344,1.31681,95.3025,100.677,107.467,568.008,94.9309,0.0114673,0.440999,1.47762,116.979,6412.83, ,-0,53.125,37.5,3.125,97.4241,97.5971,96.5666,96.2373,96.309,96.38,96.3162,97.1497,97.0411,97.1185,96.4599,96.9005,96.7054,96.8796,96.5546,96.5813,96.9104,97.2962,97.2432,97.6825,98.0208,98.7055,98.3799,98.8601,98.7942,97.9429,97.7702,98.3065,98.2662,98.1831,97.9039,98.0248,97.896,97.7685,98.0456,97.6561,97.1395,97.1841,97.3795,97.6687,97.727,97.0158,96.9008,96.8856,96.9971,96.8809,96.9551,96.9803,96.8982,96.8763,97.2997,97.2809,97.408,97.054,97.3564,97.5473,97.3317,97.4547,97.5604,97.4329,97.5229,97.3906,97.7116,97.9729,97.7575,97.8659,97.3473,96.8773,97.2286,97.1023,97.3599,97.4973,97.0661,96.7939,96.7106,97.2758,97.7779,97.268,97.2487,96.7473,96.2373,96.1484,96.6236,96.6052,96.1324,96.1148,96.4218,96.373,96.5633,97.3001,96.9538,96.8614,96.8479,96.875,96.9334,96.9677,97.2752,97.0993,97.0771,97.6241,97.6054,97.7878,98.0694,97.7192,97.6459,97.5701,97.9254,97.6429,97.5498,97.7825,97.7773,97.8028,98.1829,98.0595,98.0028,97.4821,97.744,97.9725,97.6383,97.5785,97.8504,97.6795,97.7421,98.0908,98.5553,98.2108,97.8446,97.4647,97.6282,97.7413,97.664,98.1768,98.1141,98.0227,98.1151,98.4075,98.8601,98.9328,98.3785,98.3833,98.0313,97.8563,97.9257,98.2542,98.1655,97.8385,97.5558,97.8593,97.9218,97.7979,97.5977,97.3128,97.2856,97.0576,97.5211,97.529,97.5882,97.4411,97.4285,97.424,97.7026,97.2452,97.6474,97.5157,97.2193,96.81,96.6858,96.8083,97.1094,97.1071,97.1172,96.8197,96.7021,96.8092,97.1801,97.719,97.3925,96.9021,96.899,96.7537,96.7661,96.7,96.6301,96.0714,95.668,96.0151,96.5293,96.4129,96.2023,96.2385,96.1127,95.746,95.783,95.6306,95.1469,94.6398,94.2511,94.3302,94.1559,94.2303,94.1088,93.8779,93.9254,93.9536,93.9492,94.0594,93.6661,93.4493,93.3997,93.543,93.5957,93.3047,93.0571,92.8706,92.7089,93.0593,92.7994,92.0879,91.9078,91.7142,91.7673,91.647,91.1931,91.0322,90.5592,90.4953,90.3025,90.1495,89.7852,89.2687,88.998,88.7419,88.114,87.7115,87.1427,86.6212,86.0912,85.732,85.4551,84.9157,84.4534,83.8471,83.2482,82.6239,82.056,81.4496,80.8906,80.4685,80.2639,80.3175,80.3764,80.5629,80.6445,80.7476,80.7163,80.5637,80.3778,80.2513,80.2046,80.3991,80.7972,81.3519,82.0047,82.7255,83.4514,84.2381,85.0596,85.8766,86.6452,87.2525,87.6049,87.483,87.0257,86.8521,87.0911,87.478,88.0121,88.5441,89.235,90.1392,91.5278,93.2087,94.4982,95.1941,95.6733,96.03,96.3777,96.6169,96.9194,97.113,97.3052,97.456,97.5905,97.7454,97.9413,98.1066,98.2397,98.3263,98.4295,98.4977,98.5499,98.6355,98.687,98.6893,98.7072,98.751,98.8189,98.8605,98.8999,98.9523,98.9692,99.0092,99.0217,99.0368,99.0324,99.004,99.0016,98.9483,98.9287,98.9123,98.9123,98.9094,98.9223,98.946,98.9905,99.0211,99.1105,99.1641,99.2527,99.2788,99.3459,99.3565,99.3918,99.3943,99.4021,99.4235,99.4407,99.4156,99.4192,99.4258,99.476,99.5119,99.5862,99.6335,99.6467,99.6794,99.7096,99.7694,99.7904,99.7865,99.7799,99.7111,99.6807,99.6318,99.5879,99.5847,99.5665,99.5657,99.6146,99.6538,99.7484,99.8383,99.9618,100.064,100.175,100.27,100.352,100.413,100.455,100.484,100.508,100.532,100.584,100.569,100.559,100.579,100.576,100.601,100.626,100.643,100.63,100.606,100.609,100.641,100.635,100.666,100.704,100.71,100.722,100.747,100.764,100.775,100.795,100.816,100.833,100.812,100.794,100.798,100.795,100.792,100.801,100.765,100.781,100.765,100.754,100.779,100.782,100.8,100.823,100.833,100.839,100.843,100.849,100.853,100.837,100.837,100.825,100.814,100.794,100.802,100.795,100.804,100.791,100.806,100.804,100.806,100.775,100.781,100.769,100.765,100.749,100.751,100.746,100.725,100.724,100.72,100.716,100.719,100.715,100.709,100.725,100.701,100.714,100.719,100.745,100.74,100.753,100.749,100.742,100.755,100.778,100.757,100.738,100.725,100.737,100.705,100.714,100.733,100.714,100.681,100.714,100.704,100.7,100.7,100.718,100.701,100.664,100.647,100.671,100.651,100.662,100.664,100.65,100.66,100.664,100.691,100.703,100.706,100.713,100.717,100.744,100.752,100.748,100.739,100.731,100.709,100.714,100.7,100.712,100.679,100.668,100.654,100.647,100.658,100.67,100.646,100.664,100.683,100.704,100.735,100.736,100.752,100.743,100.737,100.77,100.742,100.72,100.711,100.705,100.709,100.704,100.72,100.721,100.709,100.737,100.734,100.731,100.721,100.732,100.726,100.709,100.702,100.685,100.671,100.68,100.677,100.673,100.685,100.719,100.709,100.704,100.713,100.72,100.707,100.697,100.691,100.688,100.657,100.657,100.688,100.692,100.706,100.727,100.766,100.784,100.789,100.795,100.811,100.807,100.797,100.789,100.779,100.757,100.745,100.714,100.712,100.723,100.713,100.728,100.723,100.718,100.719,100.711,100.737,100.739,100.736,100.766,100.758,100.761,100.747,100.75,100.761,100.761,100.78,100.769,100.752,100.761,100.759,100.787,100.799,100.781,100.769,100.743,100.753,100.758,100.756,100.76,100.738,100.716,100.724,100.731,100.746,100.73,100.728,100.715,100.714,100.701,100.711,100.731,100.745,100.721,100.711,100.714,100.716,100.722,100.749,100.755,100.742,100.718,100.734,100.735,100.705,100.714,100.714,100.693,100.677,100.671,100.654,100.625,100.641,100.651,100.649,100.627,100.653,100.652,100.651,100.687,100.707,100.696,100.708,100.706,100.685,100.667,100.685,100.707,100.695,100.701,100.745,100.745,100.746,100.759,100.783,100.773,100.768,100.759,100.753,100.705,100.676,100.69,100.712,100.721,100.715,100.712,100.724,100.746,100.747,100.757,100.769,100.764,100.731,100.747,100.765,100.743,100.741,100.77,100.805,100.779,100.797,100.809,100.83,100.816,100.835,100.864,100.843,100.883,100.87,100.833,100.795,100.777,100.801,100.808,100.765,100.783,100.743,100.788,100.805,100.829,100.857,100.836,100.796,100.8,100.75,100.712,100.682,100.697,100.712,100.682,100.669,100.756,100.773,100.848,100.9,100.938,100.937,100.98,100.993,101.046,101.036,101.089,101.115,101.101,101.058,101.081,101.051,101.062,101.069,101.014,100.999,101.008,100.994,101.041,101.033,101,100.98,100.984,101.091,101.018,101.015,101.052,101.074,101.121,101.223,101.233,101.168,101.142,101.141,101.085,101.132,101.11,101.13,101.071,101.063,101.099,101.046,101.151,101.23,101.207,101.253,101.206,101.299,101.344,101.383,101.448,101.4,101.432,101.456,101.483,101.466,101.453,101.541,101.548,101.518,101.518,101.416,101.398,101.342,101.45,101.352,101.357,101.281,101.263,101.295,101.27,101.226,101.299,101.311,101.368,101.085,101.163,101.196,101.308,101.295,101.478,101.367,101.259,101.272,101.566,101.522,101.457,101.287,101.446,101.37,101.479,101.474,101.554,101.417,101.544,101.651,101.766,101.923,101.8,101.788,101.95,101.976,101.95,101.862,101.743,101.756,101.461,101.623,101.533,101.505,101.515,101.616,101.736,102.015,101.881,101.878,101.665,101.709,101.485,101.529,101.411,101.218,101.143,101.35,101.269,101.497,101.394,101.566,101.206,101.343,101.268,100.984,100.76,100.941,100.676,100.788,100.828,100.977,101.107,101.359,101.426,101.528,101.618,101.937,101.861,101.796,101.929,101.723,101.592,101.876,101.85,101.801,101.783,101.709,101.88,101.934,101.947,101.961,101.808,101.862,101.907,101.649,101.686,101.43,101.247,101.37,101.686,101.579,101.373,101.169,101.182,101.312,101.283,101.431,101.516,101.209,101.127,101.396,101.498,101.677,101.497,101.565,101.862,101.756,101.819,102.11,101.897,102.067,102.036,101.985,101.959,101.919,101.97,102.028,102.113,102.144,101.931,101.877,101.793,101.669,101.161,101.074,101.089,101.021,100.758,100.374,100.29,100.356,100.631,100.911,100.882,101.054,100.878,101.238,101.833,102.207,102.165,102.041,101.765,101.72,101.704,101.916,101.902,101.465,101.042,101.068,100.839,100.946,101.101,100.729,100.464,100.394,100.36,100.687,100.629,101.226,101.389,101.154,101.364,101.949,101.961,102.371,102.026,102.32,101.965,101.174,101.043,101.345,100.634,100.678,100.481,100.48,100.227,100.342,101.318,101.506,100.917,101.031,100.879,100.946,101.498,101.473,101.318,101.301,101.42,101.643,102.012,102.034,101.95,101.807,101.859,101.764,101.405,101.061,100.847,100.35,100.359,100.447,100.217,100.282,99.9119,99.9662,99.9879,100.3,100.6,100.588,100.637,100.74,100.949,101.486,101.448,101.671,101.746,101.96,102.045,102.341,102.11,101.967,101.732,101.847,101.843,101.819,101.359,101.272,100.97,101.257,100.995,101.2,101.363,101.533,101.359,101.695,101.826,101.81,101.561,102.05,102.037,101.92,101.88,102.178,102.13,102.292,102.68,102.752,102.701,102.726,102.604,102.588,102.209,102.146,101.985,101.642,101.756,101.339,112.5,0,110.938,-412.5,
F_3517A2/60_G_None_0.525_VVS2,99.6888,1.41879,-1.29178,108.154,99.1973,39.7433,561.848,103.621,0.0111022,-2.70964,1.91876,-42.3171,2965.57, ,66.6667,38.208,100,237.536,81.1926,80.4296,80.4393,80.3286,80.4847,80.5046,79.8877,80.6142,80.795,80.6019,81.0478,80.9218,80.714,80.2305,79.5231,80.0288,80.0696,80.0489,79.5352,79.1679,79.7651,79.3127,79.502,80.2796,79.6661,78.6007,78.909,79.0261,79.3273,78.4962,78.5703,78.8255,77.8431,77.8993,78.1371,78.0645,78.0485,77.827,78.23,78.8744,79.1767,79.7437,80.2343,81.0456,81.4177,81.7606,81.8912,81.9577,81.8716,81.7448,82.4178,81.4858,80.9718,80.4707,80.5343,80.669,80.2823,79.9369,79.5149,79.1328,79.6562,79.8745,79.527,79.7731,79.4562,79.1406,79.367,79.3123,79.4933,79.4011,79.1783,79.651,79.1783,79.031,79.1876,79.5649,79.3325,79.2609,79.4868,79.7691,79.6499,80.2096,80.679,81.0805,80.859,81.1631,80.9494,80.6514,80.0228,79.8594,79.5236,79.7186,79.8165,79.8871,79.6914,80.0172,80.5172,80.6146,80.3803,80.0764,79.8665,79.9633,79.6565,79.9849,80.2853,79.9475,80.2739,80.473,80.7464,80.5024,80.2613,80.1968,79.7428,79.381,79.5238,79.3465,79.4687,79.159,79.1027,78.6793,79.143,79.5058,79.4298,79.6911,80.0304,79.9476,80.4361,81.1933,81.5815,81.3209,81.2047,81.1203,80.6433,80.477,80.4191,80.2221,79.4732,79.4404,79.8297,80.1195,79.9841,80.085,80.0823,80.0301,80.0028,80.294,80.1861,79.996,79.9836,79.9759,79.9806,80.0655,80.0208,79.9768,79.6916,79.8217,80.0251,79.8505,79.9346,79.9957,79.8949,80.1074,79.989,80.2836,80.1074,79.8831,79.9078,80.1122,80.3,80.242,80.3364,80.4329,80.1552,80.3137,80.4909,80.5786,80.4058,80.2748,80.4476,80.3999,80.3815,80.6802,80.6894,80.5,80.3184,80.2207,80.2135,80.1942,80.138,80.1966,80.2691,80.3223,80.4478,80.6173,80.8905,81.0582,81.3295,81.6226,81.9863,82.4257,82.6828,82.9465,83.1345,83.0619,83.075,82.9319,82.784,82.5854,82.3542,82.1693,81.9834,81.7911,81.6274,81.4328,81.2427,81.0427,80.8379,80.6095,80.3336,80.0461,79.7472,79.4413,79.1438,78.8562,78.5922,78.3277,78.0919,77.9163,77.7297,77.5826,77.4265,77.2615,77.1114,76.9004,76.7252,76.6251,76.5329,76.5192,76.4996,76.5317,76.6176,76.6956,76.826,76.906,76.8292,76.7659,76.7034,76.6499,76.7979,76.8908,77.0596,77.347,77.7568,78.2689,78.7155,78.9898,79.2529,79.2672,79.4196,79.5446,79.6712,79.7554,80.0507,80.4734,81.2901,82.0859,82.9964,83.9001,84.6922,85.1074,85.6224,85.6342,85.7101,86.0034,86.5318,86.847,87.0466,87.7341,88.549,89.3259,90.6233,91.7456,92.6947,93.2906,94.1016,94.8386,95.6981,96.6562,97.5004,97.8487,98.756,99.1736,99.7983,99.9722,100.222,100.042,100.228,100.443,100.872,101.196,101.652,101.631,102.29,102.601,103.003,103.034,103.265,103.181,102.798,102.65,102.838,102.604,102.515,102.384,102.358,102.381,102.558,102.999,102.969,102.967,103.101,103.103,103.155,103.366,103.247,103.153,102.93,102.87,102.985,102.65,102.417,102.254,102.053,102.18,101.989,101.988,102.096,101.582,101.714,102.142,102.112,101.95,101.726,101.895,101.762,101.388,101.48,101.271,100.926,100.792,100.473,100.491,100.305,99.8627,99.8925,99.5956,99.6309,99.6668,99.6967,99.8691,99.6612,99.3171,99.2998,99.2516,99.4585,99.1448,98.8964,98.9244,98.9054,98.5894,98.6303,98.6954,98.6854,98.3611,98.4422,98.6919,98.2834,98.0201,97.9327,98.0337,97.9949,98.1482,98.1066,98.1468,97.9802,97.983,98.3519,98.5737,98.4486,98.4049,98.2237,98.4896,98.3545,98.314,98.3134,98.1338,97.8721,97.8252,97.7286,97.7077,97.5638,97.5861,97.311,97.4833,97.3398,97.6132,97.7968,97.9229,97.802,97.9213,97.8257,97.8731,98.0113,98.2151,98.1464,97.9143,98.1189,98.0583,98.0167,98.1484,98.1752,97.9167,97.6417,97.5642,97.6577,97.4243,97.5506,97.5572,97.404,97.6297,97.6702,97.8731,97.8659,97.9271,97.9114,97.9992,98.1935,98.3131,98.1713,98.3264,98.2844,98.4815,98.4575,98.5679,98.4641,98.2828,98.3461,98.6005,98.3996,98.35,98.2376,98.1266,98.237,98.0232,98.2342,98.2644,97.9322,97.863,97.995,98.0962,98.3877,98.1221,98.4249,98.2796,98.1792,98.2221,98.4392,98.4137,98.3963,98.2248,98.381,98.3117,98.1131,98.5514,98.7158,98.6046,98.8577,99.1097,99.2997,99.3189,99.6287,99.7794,99.5202,99.4364,99.6814,99.617,99.1419,99.0543,99.1998,99.1632,99.3056,99.222,99.2632,99.3643,98.9939,99.4552,99.6537,99.378,99.2978,99.2796,99.3995,99.6268,99.5174,99.714,99.2034,99.0247,99.0312,99.0242,99.2001,99.2976,99.268,99.2006,99.4536,99.9844,100.142,100.621,100.651,100.609,100.475,100.414,100.645,100.381,100.163,100.086,100.122,100.186,100.278,100.49,100.743,100.52,100.487,100.588,100.672,100.446,100.56,100.466,100.15,99.8279,99.9183,100.166,100.042,99.8411,100.172,100.011,99.7907,100.011,100.418,100.723,100.849,101.013,101.436,101.013,101.292,101.686,102.177,102.196,102.292,102.323,102.217,102.109,102.828,102.657,102.871,102.348,102.075,101.939,101.965,102.172,102.333,101.918,101.586,101.136,101.133,101.419,101.782,101.785,102.135,102.279,102.286,102.801,102.913,103.488,103.531,103.184,103.756,103.908,104.18,104.307,104.624,104.662,105.176,105.77,105.839,104.904,104.58,104.107,104.498,103.905,104.664,104.431,104.427,104.652,105.533,106.024,106.212,106.034,107.014,106.245,106.2,105.71,105.195,104.716,104.379,104.814,105.13,105.463,105.589,105.129,104.839,105.357,105.411,105.36,104.159,103.733,102.85,103.48,103.637,104.477,104.781,105.194,105.563,106.702,106.55,106.86,107.231,107.748,107.483,107.201,107.071,106.907,107.209,107.86,107.818,107.2,107.408,107.089,106.907,106.693,106.621,106.192,104.937,105.096,105.795,105.841,106.399,105.634,106.983,106.69,107.089,108.575,109.025,108.379,107.423,107.979,109.069,108.051,109.841,109.758,109.511,108.643,108.736,109.232,108.946,109.023,109.63,109.566,109.706,109.55,110.544,109.751,110.302,109.816,109.698,109.575,108.64,107.438,106.529,104.473,104.238,104.063,104.22,103.571,102.998,103.868,104.406,105.775,106.453,109.056,109.709,109.867,112.866,114.254,115.168,116.384,115.708,117.753,116.501,116.387,115.952,115.053,114.609,112.025,110.994,110.978,113.956,113.388,114.158,116.233,118.465,119.144,121.823,122.856,125.962,123.371,125.814,126.073,124.212,121.187,122.699,123.795,125.625,124.061,124.308,121.579,120.563,124.777,125.213,122.728,121.12,119.745,119.922,120.251,124.368,124.744,121.477,119.567,122.127,121.767,123.752,124.412,123.068,118.691,117.358,118.04,118.77,116.18,115.676,113.478,112.324,114.548,118.833,121.966,122.522,129.568,133.23,136.695,136.853,135.737,132.861,128.677,127.182,127.465,125.411,125.202,123.218,127.045,130.753,136.667,143.828,141.309,134.174,131.457,128.273,127.346,121.258,122.14,119.364,114.796,119.364,123.593,123.439,122.987,128.162,130.295,131.895,129.414,134.188,134.922,139.368,139.437,141.511,132.563,136.551,139.243,141.292,140.634,135.244,133.448,137.69,134.428,142.119,137.041,134.457,133.018,130.544,134.487,134.035,129.216,133.746,129.39,137.025,131.993,136.453,144.363,147.126,148.348,155.095,153.008,159.849,149.959,154.716,141.251,134.814,129.543,125.288,122.067,126.341,117.397,119.395,114.098,125.427,124.98,124.166,122.796,116.342,111.839,117.417,115.896,119.804,114.457,111.328,107.11,111.148,116.323,114.614,114.744,107.026,108.234,108.773,110.973,114.719,113.051,109.02,108.736,108.158,112.188,107.216,111.778,108.557,103.64,100.33,101.677,102.019,102.332,100.326,103.457,98.1548,98.7584,99.0202,103.049,95.8223,92.2161,87.0734,90.9987,90.6593,90.3082,95.6545,97.5623,99.0996,106.021,113.264,117.422,118.702,119.691,119.929,114.527,109.664,104.985,104.735,101.522,98.3017,92.5956,88.6409,90.026,91.2613,96.7404,95.7821,93.7014,91.9478,92.7759,96.8943,94.7087,93.2007,92.8984,90.1956,91.0044,91.4598,92.8354,93.0888,91.6951,93.9738,93.4067,93.6284,93.1002,92.6919,92.4657,89.2334,87.2633,89.6529,89.9056,91.2183,88.5402,88.1691,86.6697,86.6022,86.855,88.2231,85.395,84.0835,80.566,82.6779,82.1052,82.11,83.4864,83.428,82.8294,83.1358,83.5351,86.1498,84.4783,85.1959,87.8548,86.4432,87.25,87.8648,86.9728,85.8643,84.1282,83.5686,82.6896,80.3004,79.0086,78.2216,77.0852,78.6244,78.7612,79.0688,79.0759,79.4698,80.2492,80.2694,81.9806,82.5032,81.812,81.9448,82.028,82.6835,81.8214,82.1204,83.1825,82.493,80.7499,79.8074,79.518,80.1005,80.4297,80.3501,79.7744,80.2303,81.481,83.4175,82.7249,82.8079,82.3784,81.6318,81.5993,81.9807,80.3554,78.9604,77.9604,78.7748,79.3324,79.5673,79.3726,81.0076,80.9729,82.1457,82.11,84.2712,83.3661,83.0098,82.6422,82.4495,81.2145,80.7047,80.3034,80.5734,78.6191,79.7341,78.9507,79.0458,79.9668,80.4221,79.5801,79.8382,79.2348,80.4661,80.17,79.9111,79.8181,79.4261,78.941,80.2971,79.3637,79.0106,78.1108,2.96496,-1.55148,-4.80349,430.275,
W_VC12/6_F_None_0.57_VS1,100.53,-0.525426,1.12394,96.0489,101.377,108.533,568.735,96.4848,0.00985162,0.295808,1.24069,115.055,6423.09, ,100,51.875,-1.5,-48.125,99.4204,98.8323,97.1635,97.4654,97.399,97.2643,97.7698,97.9352,97.7478,97.6259,97.312,98.3484,97.7727,97.7252,97.7618,97.1736,97.5723,97.5,97.7329,98.1466,98.5554,99.3381,99.3419,99.2734,99.0171,98.537,98.7317,98.6643,98.8766,98.5379,97.9141,98.3524,97.9739,98.4089,98.3922,98.1789,97.9912,97.4797,97.7165,97.7437,97.4773,97.1756,97.0589,97.4455,97.7461,97.3714,97.7146,97.7804,97.8786,97.481,98.0855,98.3931,97.9835,97.1631,97.5655,97.6957,97.8737,98.3309,99.1613,99.0079,98.9541,99.0919,99.6963,99.7749,99.6233,99.2068,98.7279,98.0187,97.9384,97.8436,97.7865,97.6504,97.5958,97.1599,96.9674,97.5685,97.7859,97.9275,97.887,97.7112,97.8321,97.7301,98.54,98.8181,97.897,97.5328,97.6544,97.8139,98.3127,98.6973,98.6704,98.6956,98.607,98.8521,99.4146,99.2119,99.5619,98.9239,98.8804,99.1517,99.1251,99.0994,99.4539,99.0782,99.1907,98.641,98.6329,98.3606,98.1759,98.1412,98.1053,98.3618,98.7413,98.9196,98.9854,98.9039,99.2342,99.3912,99.1232,99.0424,99.2133,98.8944,98.6593,98.8966,99.0659,98.8874,98.6289,98.4954,99.1452,98.8968,98.9548,99.0248,98.9592,99.1401,98.6262,98.6856,98.7036,98.1296,97.7687,97.9355,98.0107,97.9152,98.2089,98.8415,99.1472,99.3985,99.7548,99.8599,99.4427,99.5355,99.4851,99.1004,99.3228,99.1347,99.3274,99.2531,99.5348,99.7762,99.2482,99.3008,99.6779,98.8081,98.8347,98.633,98.0818,97.7769,97.9654,98.4028,98.3652,98.4312,98.3282,98.1737,98.091,98.3431,98.3488,98.2495,97.8717,97.9044,97.7432,98.1148,98.1353,98.1334,98.2632,98.0622,97.8766,97.887,97.8982,97.5706,97.3125,97.1291,96.9718,96.7836,96.5396,96.3273,96.0142,95.8423,95.9108,95.9212,95.9689,95.8838,95.41,95.4012,95.3367,95.3719,95.2475,95.0939,94.8029,94.551,94.5459,94.5355,94.5505,94.5165,94.2404,94.0762,93.6593,93.8419,93.5454,93.2267,93.2722,93.1976,93.1718,93.0198,92.6983,92.639,92.1667,92.2544,92.0863,91.7407,91.2465,90.8936,90.8173,90.4296,90.0495,89.777,89.2732,88.8847,88.5821,88.1124,87.5934,87.0344,86.5555,85.8705,85.4069,84.7841,84.1824,83.5425,83.1474,82.7826,82.656,82.7149,82.7497,82.8861,82.9749,82.9918,82.9615,82.8107,82.603,82.4291,82.3965,82.5878,82.9598,83.5007,84.1464,84.8584,85.5767,86.3677,87.1895,87.9951,88.7425,89.3328,89.6635,89.573,89.1345,88.9589,89.1507,89.4978,89.9904,90.519,91.1951,92.0993,93.4123,95.0397,96.2942,96.9711,97.4604,97.8121,98.1291,98.3923,98.6242,98.7995,98.9546,99.065,99.186,99.3044,99.4159,99.5443,99.61,99.6664,99.7364,99.7737,99.8178,99.883,99.9031,99.9145,99.9345,99.9722,100.008,100.039,100.062,100.1,100.072,100.113,100.118,100.09,100.077,100.097,100.073,100.016,99.9385,99.9292,99.8811,99.8563,99.8678,99.8652,99.8526,99.8713,99.9315,99.9894,100.063,100.101,100.148,100.16,100.191,100.181,100.18,100.194,100.21,100.18,100.181,100.193,100.239,100.262,100.307,100.348,100.375,100.387,100.398,100.422,100.438,100.412,100.387,100.326,100.254,100.171,100.131,100.112,100.121,100.113,100.153,100.217,100.336,100.486,100.612,100.719,100.831,100.899,100.992,101.052,101.077,101.122,101.13,101.165,101.207,101.23,101.267,101.288,101.292,101.325,101.329,101.333,101.35,101.342,101.34,101.33,101.309,101.34,101.356,101.371,101.401,101.408,101.423,101.422,101.444,101.457,101.472,101.483,101.463,101.467,101.468,101.456,101.466,101.448,101.462,101.449,101.436,101.464,101.459,101.441,101.454,101.457,101.472,101.468,101.465,101.465,101.434,101.441,101.435,101.433,101.415,101.399,101.396,101.392,101.383,101.399,101.383,101.399,101.387,101.401,101.414,101.433,101.443,101.456,101.453,101.469,101.479,101.482,101.487,101.472,101.468,101.446,101.453,101.455,101.442,101.431,101.443,101.444,101.463,101.443,101.44,101.448,101.44,101.424,101.409,101.382,101.38,101.356,101.366,101.389,101.364,101.359,101.385,101.394,101.4,101.389,101.406,101.401,101.395,101.413,101.433,101.422,101.426,101.432,101.428,101.435,101.428,101.424,101.407,101.404,101.413,101.401,101.422,101.436,101.43,101.42,101.421,101.4,101.406,101.393,101.417,101.39,101.384,101.376,101.374,101.396,101.427,101.405,101.401,101.404,101.409,101.415,101.41,101.439,101.429,101.413,101.426,101.437,101.419,101.436,101.418,101.434,101.426,101.441,101.448,101.457,101.459,101.466,101.462,101.481,101.485,101.482,101.459,101.437,101.422,101.41,101.414,101.417,101.407,101.391,101.417,101.419,101.439,101.447,101.444,101.424,101.426,101.449,101.455,101.438,101.426,101.445,101.455,101.478,101.51,101.514,101.514,101.53,101.519,101.549,101.54,101.517,101.515,101.492,101.482,101.465,101.445,101.449,101.438,101.418,101.432,101.415,101.429,101.434,101.434,101.433,101.447,101.46,101.482,101.48,101.508,101.506,101.511,101.51,101.528,101.524,101.506,101.496,101.496,101.482,101.49,101.486,101.484,101.477,101.462,101.473,101.504,101.51,101.513,101.493,101.497,101.504,101.517,101.542,101.532,101.526,101.534,101.548,101.567,101.575,101.587,101.575,101.556,101.549,101.546,101.543,101.539,101.554,101.558,101.553,101.548,101.573,101.607,101.593,101.605,101.6,101.589,101.589,101.587,101.618,101.602,101.601,101.605,101.599,101.59,101.596,101.581,101.591,101.569,101.589,101.577,101.597,101.605,101.603,101.612,101.646,101.677,101.688,101.673,101.714,101.71,101.732,101.763,101.769,101.757,101.718,101.752,101.749,101.713,101.7,101.684,101.691,101.709,101.715,101.738,101.704,101.735,101.729,101.727,101.75,101.739,101.717,101.707,101.71,101.719,101.703,101.734,101.755,101.729,101.749,101.76,101.779,101.785,101.804,101.807,101.798,101.862,101.847,101.821,101.8,101.808,101.82,101.833,101.807,101.827,101.761,101.772,101.782,101.773,101.77,101.721,101.708,101.753,101.708,101.723,101.742,101.702,101.756,101.752,101.846,101.887,101.907,101.947,101.937,101.921,101.984,101.941,101.937,101.922,101.934,101.975,102.013,102.025,102.062,102.085,102.116,102.107,102.079,102.062,102.048,102.033,102.053,102.121,102.091,102.046,102.107,102.086,102.065,101.999,101.947,101.952,101.847,101.839,101.919,101.891,101.918,101.933,101.982,102.053,102.095,102.147,102.199,102.157,102.12,102.22,102.273,102.285,102.293,102.175,102.22,102.272,102.43,102.408,102.353,102.36,102.338,102.353,102.479,102.388,102.292,102.215,102.352,102.26,102.097,102.127,102.113,102.124,102.132,102.272,102.199,102.236,102.33,102.445,102.49,102.434,102.378,102.468,102.413,102.443,102.288,102.313,102.339,102.343,102.455,102.573,102.464,102.468,102.527,102.61,102.707,102.704,102.718,102.836,102.676,102.824,102.709,102.634,102.648,102.666,102.601,102.671,102.698,102.759,102.679,102.713,102.799,102.825,102.785,102.673,102.477,102.24,102.425,102.504,102.611,102.794,102.704,102.703,103.013,103.05,102.968,102.608,102.515,102.443,102.316,102.342,102.315,102.303,102.33,102.287,102.496,102.407,102.352,102.309,102.267,102.288,102.152,101.869,102.242,102.139,102.303,102.379,102.515,102.824,102.683,102.621,102.892,102.738,102.886,102.916,102.916,102.839,102.505,102.391,102.664,102.571,102.515,102.395,102.178,102.377,102.184,102.208,102.649,102.288,102.371,102.401,102.303,102.439,102.129,102.307,102.288,102.215,102.067,101.995,102.132,102.304,102.363,102.361,102.155,102.549,102.388,102.715,102.778,102.573,102.61,102.327,102.247,102.746,102.498,102.191,102.048,101.959,102.09,102.118,102.235,102.161,101.933,101.895,102.325,102.372,102.435,102.43,102.109,102.036,102.018,101.585,101.648,101.571,101.878,101.672,101.312,101.674,101.682,101.9,102.509,102.445,102.77,102.396,102.326,102.412,102.416,102.341,102.159,101.635,101.329,101.209,101.533,101.643,101.688,101.436,101.107,100.822,100.905,101.35,101.232,101.155,101.435,101.543,101.45,101.357,101.664,101.897,101.626,101.498,101.72,101.557,101.862,102.206,102.652,102.913,102.447,102.21,102.569,102.187,102.146,101.783,101.115,100.701,100.702,101.231,101.649,101.45,101.392,100.85,100.677,101.263,101.638,101.516,101.555,101.606,101.457,101.758,102.186,102.101,101.902,101.919,101.725,101.355,101.342,101.161,100.629,100.561,100.812,101.095,101.169,101.012,101.182,101.123,101.304,101.752,102.178,102.122,102.004,102.231,102.492,102.586,102.627,102.843,102.951,103.063,103.337,103.089,103.002,102.74,102.761,102.916,102.99,102.853,102.471,102.253,102.559,102.518,102.741,102.634,102.358,102.199,102.135,102.11,102.268,102.083,102.102,102.328,102.298,102.505,102.469,102.956,103.185,103.478,103.773,103.788,103.774,104.064,103.949,103.947,103.224,103.218,102.865,102.627,102.416,-92.5,0,61.5625,-507.5,
F_VC12/6_F_None_0.57_VS1,100.85,2.77786,-18.1021,112.336,102.215,51.996,455.184,171.574,0.0544052,-1.2477,18.314,-81.2757,3103.63, ,100,50.7724,101.527,305.731,84.5448,82.9882,83.1226,82.7167,82.4344,82.2007,82.6492,83.5666,83.3409,83.3173,84.7198,84.3246,84.4122,84.3251,84.0221,84.2317,83.9958,83.3462,82.6707,81.7837,82.1208,82.7166,83.0576,83.1249,82.5519,81.8351,82.4356,83.2094,83.313,82.4807,81.7848,81.9383,81.7125,81.6205,82.0184,82.1649,81.6506,81.837,82.1919,82.2989,81.9201,82.1294,82.1019,82.6077,82.517,82.9516,83.1975,83.8732,85.0555,85.5548,86.0083,86.1098,85.8807,85.6681,85.3889,85.0983,84.7312,83.6943,83.1273,83.2382,83.1287,82.659,82.578,82.7601,82.63,82.1082,81.8817,82.074,82.0841,82.3679,82.696,82.8925,82.7242,82.7553,83.5029,83.7819,83.5342,83.3162,83.6571,83.1322,82.8546,83.4444,83.8445,83.9129,84.1276,84.4362,84.0882,83.6534,84.025,84.0195,83.7233,83.5427,83.1492,82.8918,83.1626,83.5379,83.7467,84.0857,84.2243,84.0895,84.1365,84.3162,84.7652,84.3751,84.3583,84.3283,83.9903,84.2242,84.2552,83.4324,83.339,82.9992,82.9789,82.8442,82.1416,82.2482,81.891,81.4678,82.0063,82.031,82.093,82.0031,82.0541,82.635,82.5661,82.8501,83.3504,83.5937,83.5886,83.9667,83.9948,83.5546,83.3014,83.1373,82.9556,82.7237,82.6897,82.5928,82.3157,82.5546,82.4583,82.4089,82.3048,82.1701,82.0318,81.8757,81.7507,81.9439,82.0613,82.2593,82.3715,82.4888,82.6039,82.685,82.7068,82.6872,82.7236,82.4254,82.5618,82.6714,82.7362,82.8271,82.9645,83.1228,83.2064,83.0386,83.3305,83.3408,83.3983,83.4175,83.5353,83.4877,83.4471,83.5831,83.8147,83.7327,83.7573,83.6741,83.6799,83.6918,83.7376,83.7123,83.7974,83.4309,83.3236,83.1324,83.1659,83.0867,82.966,83.0272,83.0795,83.0136,83.3161,83.432,83.7894,83.9293,84.2104,84.4412,84.7645,85.102,85.3245,85.5052,85.6872,85.6962,85.6902,85.5478,85.4256,85.2605,85.0433,84.8782,84.7383,84.5768,84.4323,84.2752,84.1261,83.9598,83.7769,83.5868,83.3356,83.0659,82.7856,82.4925,82.1983,81.9161,81.6499,81.3852,81.1669,81.0147,80.8324,80.6802,80.5005,80.3488,80.1519,79.9575,79.7661,79.5833,79.4385,79.3795,79.3746,79.4492,79.4858,79.6423,79.7118,79.8523,79.8993,79.8682,79.9125,79.859,79.9902,80.1902,80.2895,80.4568,80.7717,81.1097,81.4975,81.6628,81.8738,81.8334,81.8812,82.0716,82.4181,82.6405,82.9889,83.637,84.3782,85.4223,86.6565,87.8383,88.7826,89.7786,91.0585,92.3856,94.3186,96.4685,98.0612,99.4823,101.033,103.036,104.739,106.003,107.442,108.099,108.952,110.232,112.312,114.416,116.941,119.945,123.158,125.718,128.437,130.403,132.238,132.992,133.376,133.189,133.489,133.18,133.415,133.834,134.827,135.644,137.296,138.852,140.011,140.508,141.36,141.529,141.651,141.358,140.981,140.351,139.435,139.23,138.927,138.652,138.704,139.038,139.104,139.316,139.598,140.375,140.588,140.416,140.497,140.361,139.634,139.256,139.069,138.706,137.744,136.898,136.826,136.713,136.145,136.302,135.984,135.317,134.991,135.135,135.116,134.439,133.802,133.599,132.48,131.747,131.422,130.541,129.829,129.242,128.555,127.797,126.893,126.315,125.842,124.919,124.683,124.245,123.504,123.224,122.524,122.31,121.51,121.156,120.761,120.031,119.211,119.046,118.501,118.218,117.674,117.655,117.041,116.608,116.261,115.899,115.188,114.749,114.282,113.863,113.312,112.805,112.399,112.071,111.958,111.601,111.536,111.218,110.831,110.629,110.54,110.373,109.877,109.201,108.851,108.383,107.86,107.67,107.276,106.855,106.506,106.176,105.847,105.908,105.47,105.565,105.221,105.148,105.099,104.996,104.95,104.92,104.626,104.72,104.613,104.534,104.422,104.24,104.046,103.984,103.624,103.77,103.397,102.908,102.55,102.292,102.225,102.199,102.163,102.31,101.887,101.813,102.054,102.197,102.008,102.045,101.951,101.706,101.638,101.718,101.493,101.331,101.314,101.563,101.327,101.258,101.453,101.594,101.285,101.592,101.819,101.538,101.357,100.924,101.015,100.709,100.406,100.477,100.274,99.8423,100.157,100.168,100.641,100.516,100.628,100.608,100.685,100.896,101.04,100.721,100.814,100.715,100.657,101.113,101.26,101.184,101.377,101.631,101.873,101.428,101.569,101.66,101.149,101.368,101.386,101.104,100.624,100.551,100.876,100.907,101.005,101.182,100.815,100.906,100.825,101.237,101.472,101.462,101.403,101.273,100.969,101.154,101.106,101.05,100.81,100.512,100.713,100.556,100.532,100.828,100.882,100.753,101.107,101.362,101.746,101.782,101.76,101.964,101.949,101.979,102.169,102.169,101.856,101.642,101.563,101.83,102.081,102.169,102.117,102.328,101.945,102.169,102.303,102.179,102.198,102.08,102.013,101.791,101.714,101.832,102.084,101.926,102.388,102.691,102.632,102.586,102.961,102.959,103.02,103.18,103.695,103.002,102.766,102.762,103.106,103.178,103.132,103.371,102.985,102.712,103.113,103.25,103.345,102.685,102.603,102.545,102.549,102.78,103.083,103.225,102.83,102.705,102.877,103.027,103.611,103.158,103.257,102.829,102.91,103.125,103.187,103.467,103.706,103.145,103.973,104.11,104.535,104.361,104.447,104.541,105.273,105.564,105.836,105.418,105.268,104.717,105.464,105.312,105.744,105.972,105.853,105.823,106.491,106.71,106.692,107.011,107.887,107.606,106.888,106.533,106.634,106.064,105.88,106.478,105.736,106.163,106.554,106.451,105.885,106.424,106.706,107.101,107.204,106.933,106.133,105.742,106.296,107.358,107.806,107.718,107.574,107.73,107.848,107.666,108.807,108.969,108.602,107.782,107.86,107.985,107.977,108.185,108.442,107.236,107.102,107.083,107.648,107.445,107.067,106.782,106.793,107.024,106.745,106.521,106.842,105.373,106.51,105.951,105.812,106.302,106.816,107.253,107.246,108.372,109.525,109.7,110.804,112.219,112.442,111.283,111.596,111.497,111.173,111.436,111.259,112.139,111.551,110.335,110.091,110.49,110.972,109.424,108.686,109.642,108.864,106.878,106.675,106.895,106.895,107.318,108.753,108.996,106.875,107.147,108.63,109.037,109.8,111.075,110.722,109.477,109.709,111.408,112.366,112.167,112.508,113.598,111.816,113.491,114.025,115.373,114.82,113.726,113.726,114.383,116.705,117.791,116.624,118.92,119.765,119.257,119.757,119.329,121.207,117.723,120.122,120.496,120.752,120.222,123.48,124.1,126.948,126.238,125.309,120.205,119.2,119.245,119.368,115.777,115.462,114.382,113.793,116.91,121.077,122.141,119.495,117.213,120.517,117.504,117.938,117.646,116.201,113.619,112.725,114.612,117.428,115.26,120.867,120.183,120.962,120.144,120.004,123.163,123.496,123.772,126.333,127.617,125.923,125.923,127.343,130.027,127.423,126.29,126.781,125.732,124.874,129.94,133.474,138.89,142.118,140.26,138.317,138.29,136.114,132.831,125.97,122.725,114.32,109.013,110.885,107.16,103.207,100.616,103.726,109.001,114.831,116.958,122.11,124.092,133.633,137.082,141.453,132.132,132.215,127.855,131.733,131.45,127.718,122.515,126.668,122.19,129.058,127.932,133.531,132.084,130.043,135.305,136.151,129.999,138.063,133.106,136.512,124.915,125.239,124.917,125.679,125.717,128.411,128.076,140.485,137.283,144.653,138.432,141.076,134.691,132.569,131.165,128.786,122.191,123.548,120.255,132.051,129.454,126.42,129.029,127.478,130.236,124.682,126.275,126.488,120.772,117.336,115.345,115.865,118.652,113.765,118.368,113.214,116.412,114.055,119.144,125.893,124.182,119.789,119.516,117.286,119.448,115.46,120.291,116.035,108.224,109.846,113.365,113.746,115.608,108.415,109.382,104.259,104.609,108.769,106.725,101.237,99.3306,96.4846,98.7119,99.6419,96.623,101.195,100.564,101.756,105.374,108.591,110.652,114.363,115.171,119.28,111.869,109.07,107.569,105.484,101.992,96.567,93.0237,89.5155,87.998,89.7373,93.6655,93.4307,92.0455,93.0967,94.1133,96.4769,94.3025,95.1946,96.513,94.1962,93.1854,95.956,95.4763,96.1185,94.022,94.5687,93.8437,93.1505,92.6377,91.5007,89.691,87.954,87.7906,90.8903,91.6825,91.3331,90.1011,88.9297,89.0858,88.4792,88.1,87.2021,84.6647,83.5942,82.3046,82.6605,81.5107,80.2814,81.8968,81.8751,82.9217,82.7908,84.3854,85.3761,84.8904,86.3599,88.4892,85.4741,86.0653,86.6674,85.3682,83.5788,82.6977,81.1636,80.486,79.0977,80.088,79.3947,78.2456,79.8902,80.249,80.9841,82.7711,83.5604,84.0203,84.1388,84.0245,82.4876,82.3161,83.599,83.0454,83.3896,83.8486,83.0298,82.7569,82.9838,83.7798,84.3017,83.8717,84.5512,84.0967,82.9364,84.244,84.7565,86.2643,86.9144,85.6057,85.6748,85.4287,84.3634,84.2139,83.7226,83.3994,83.3375,82.4266,83.1869,82.6727,82.8229,83.5026,84.8289,85.2585,85.6113,83.9126,86.3729,85.251,84.5976,84.4887,84.1204,82.957,82.1826,82.3216,83.0552,81.4448,82.9489,83.4736,83.1869,83.7776,83.2313,83.5215,83.307,84.0693,83.8776,83.214,83.3068,83.137,82.7635,83.3065,82.9015,82.7853,81.8897,82.8235,165.229,82.7927,99.1266,538.532,
W_Calibration,100,0,0,95.0422,100,108.876,565.016,99.9909,1.74827e-05,0.00127928,0,0,6504.1, ,100,100,100,100,100,100,100,100,100,100,100,100,100,100,100,100,100,100,100,100,100,100,100,100,100,100,100,100,100,100,100,100,100,100,100,100,100,100,100,100,100,100,100,100,100,100,100,100,100,100,100,100,100,100,100,100,100,100,100,100,100,100,100,100,100,100,100,100,100,100,100,100,100,100,100,100,100,100,100,100,100,100,100,100,100,100,100,100,100,100,100,100,100,100,100,100,100,100,100,100,100,100,100,100,100,100,100,100,100,100,100,100,100,100,100,100,100,100,100,100,100,100,100,100,100,100,100,100,100,100,100,100,100,100,100,100,100,100,100,100,100,100,100,100,100,100,100,100,100,100,100,100,100,100,100,100,100,100,100,100,100,100,100,100,100,100,100,100,100,100,100,100,100,100,100,100,100,100,100,100,100,100,100,100,100,100,100,100,100,100,100,100,100,100,100,100,100,100,100,100,100,100,100,100,100,100,100,100,100,100,100,100,100,100,100,100,100,100,100,100,100,100,100,100,100,100,100,100,100,100,100,100,100,100,100,100,100,100,100,100,100,100,100,100,100,100,100,100,100,100,100,100,100,100,100,100,100,100,100,100,100,100,100,100,100,100,100,100,100,100,100,100,100,100,100,100,100,100,100,100,100,100,100,100,100,100,100,100,100,100,100,100,100,100,100,100,100,100,100,100,100,100,100,100,100,100,100,100,100,100,100,100,100,100,100,100,100,100,100,100,100,100,100,100,100,100,100,100,100,100,100,100,100,100,100,100,100,100,100,100,100,100,100,100,100,100,100,100,100,100,100,100,100,100,100,100,100,100,100,100,100,100,100,100,100,100,100,100,100,100,100,100,100,100,100,100,100,100,100,100,100,100,100,100,100,100,100,100,100,100,100,100,100,100,100,100,100,100,100,100,100,100,100,100,100,100,100,100,100,100,100,100,100,100,100,100,100,100,100,100,100,100,100,100,100,100,100,100,100,100,100,100,100,100,100,100,100,100,100,100,100,100,100,100,100,100,100,100,100,100,100,100,100,100,100,100,100,100,100,100,100,100,100,100,100,100,100,100,100,100,100,100,100,100,100,100,100,100,100,100,100,100,100,100,100,100,100,100,100,100,100,100,100,100,100,100,100,100,100,100,100,100,100,100,100,100,100,100,100,100,100,100,100,100,100,100,100,100,100,100,100,100,100,100,100,100,100,100,100,100,100,100,100,100,100,100,100,100,100,100,100,100,100,100,100,100,100,100,100,100,100,100,100,100,100,100,100,100,100,100,100,100,100,100,100,100,100,100,100,100,100,100,100,100,100,100,100,100,100,100,100,100,100,100,100,100,100,100,100,100,100,100,100,100,100,100,100,100,100,100,100,100,100,100,100,100,100,100,100,100,100,100,100,100,100,100,100,100,100,100,100,100,100,100,100,100,100,100,100,100,100,100,100,100,100,100,100,100,100,100,100,100,100,100,100,100,100,100,100,100,100,100,100,100,100,100,100,100,100,100,100,100,100,100,100,100,100,100,100,100,100,100,100,100,100,100,100,100,100,100,100,100,100,100,100,100,100,100,100,100,100,100,100,100,100,100,100,100,100,100,100,100,100,100,100,100,100,100,100,100,100,100,100,100,100,100,100,100,100,100,100,100,100,100,100,100,100,100,100,100,100,100,100,100,100,100,100,100,100,100,100,100,100,100,100,100,100,100,100,100,100,100,100,100,100,100,100,100,100,100,100,100,100,100,100,100,100,100,100,100,100,100,100,100,100,100,100,100,100,100,100,100,100,100,100,100,100,100,100,100,100,100,100,100,100,100,100,100,100,100,100,100,100,100,100,100,100,100,100,100,100,100,100,100,100,100,100,100,100,100,100,100,100,100,100,100,100,100,100,100,100,100,100,100,100,100,100,100,100,100,100,100,100,100,100,100,100,100,100,100,100,100,100,100,100,100,100,100,100,100,100,100,100,100,100,100,100,100,100,100,100,100,100,100,100,100,100,100,100,100,100,100,100,100,100,100,100,100,100,100,100,100,100,100,100,100,100,100,100,100,100,100,100,100,100,100,100,100,100,100,100,100,100,100,100,100,100,100,100,100,100,100,100,100,100,100,100,100,100,100,100,100,100,100,100,100,100,100,100,100,100,100,100,100,100,100,100,100,100,100,100,100,100,100,100,100,100,100,100,100,100,100,100,100,100,100,100,100,100,100,100,100,100,100,100,100,100,100,100,100,100,100,100,100,100,100,100,100,100,100,100,100,100,100,100,100,100,100,100,100,100,100,100,100,100,100,100,100,100,100,100,100,100,100,100,100,100,100,100,100,100,100,100,100,100,100,100,100,100,100,100,100,100,100,100,100,100,100,100,100,100,100,100,100,
F_Calibration,100,0,0,108.104,100,39.2965,491.07,99.9909,0.000170256,0.00127928,0,0,3000.62, ,0,100,100,100,100,100,100,100,100,100,100,100,100,100,100,100,100,100,100,100,100,100,100,100,100,100,100,100,100,100,100,100,100,100,100,100,100,100,100,100,100,100,100,100,100,100,100,100,100,100,100,100,100,100,100,100,100,100,100,100,100,100,100,100,100,100,100,100,100,100,100,100,100,100,100,100,100,100,100,100,100,100,100,100,100,100,100,100,100,100,100,100,100,100,100,100,100,100,100,100,100,100,100,100,100,100,100,100,100,100,100,100,100,100,100,100,100,100,100,100,100,100,100,100,100,100,100,100,100,100,100,100,100,100,100,100,100,100,100,100,100,100,100,100,100,100,100,100,100,100,100,100,100,100,100,100,100,100,100,100,100,100,100,100,100,100,100,100,100,100,100,100,100,100,100,100,100,100,100,100,100,100,100,100,100,100,100,100,100,100,100,100,100,100,100,100,100,100,100,100,100,100,100,100,100,100,100,100,100,100,100,100,100,100,100,100,100,100,100,100,100,100,100,100,100,100,100,100,100,100,100,100,100,100,100,100,100,100,100,100,100,100,100,100,100,100,100,100,100,100,100,100,100,100,100,100,100,100,100,100,100,100,100,100,100,100,100,100,100,100,100,100,100,100,100,100,100,100,100,100,100,100,100,100,100,100,100,100,100,100,100,100,100,100,100,100,100,100,100,100,100,100,100,100,100,100,100,100,100,100,100,100,100,100,100,100,100,100,100,100,100,100,100,100,100,100,100,100,100,100,100,100,100,100,100,100,100,100,100,100,100,100,100,100,100,100,100,100,100,100,100,100,100,100,100,100,100,100,100,100,100,100,100,100,100,100,100,100,100,100,100,100,100,100,100,100,100,100,100,100,100,100,100,100,100,100,100,100,100,100,100,100,100,100,100,100,100,100,100,100,100,100,100,100,100,100,100,100,100,100,100,100,100,100,100,100,100,100,100,100,100,100,100,100,100,100,100,100,100,100,100,100,100,100,100,100,100,100,100,100,100,100,100,100,100,100,100,100,100,100,100,100,100,100,100,100,100,100,100,100,100,100,100,100,100,100,100,100,100,100,100,100,100,100,100,100,100,100,100,100,100,100,100,100,100,100,100,100,100,100,100,100,100,100,100,100,100,100,100,100,100,100,100,100,100,100,100,100,100,100,100,100,100,100,100,100,100,100,100,100,100,100,100,100,100,100,100,100,100,100,100,100,100,100,100,100,100,100,100,100,100,100,100,100,100,100,100,100,100,100,100,100,100,100,100,100,100,100,100,100,100,100,100,100,100,100,100,100,100,100,100,100,100,100,100,100,100,100,100,100,100,100,100,100,100,100,100,100,100,100,100,100,100,100,100,100,100,100,100,100,100,100,100,100,100,100,100,100,100,100,100,100,100,100,100,100,100,100,100,100,100,100,100,100,100,100,100,100,100,100,100,100,100,100,100,100,100,100,100,100,100,100,100,100,100,100,100,100,100,100,100,100,100,100,100,100,100,100,100,100,100,100,100,100,100,100,100,100,100,100,100,100,100,100,100,100,100,100,100,100,100,100,100,100,100,100,100,100,100,100,100,100,100,100,100,100,100,100,100,100,100,100,100,100,100,100,100,100,100,100,100,100,100,100,100,100,100,100,100,100,100,100,100,100,100,100,100,100,100,100,100,100,100,100,100,100,100,100,100,100,100,100,100,100,100,100,100,100,100,100,100,100,100,100,100,100,100,100,100,100,100,100,100,100,100,100,100,100,100,100,100,100,100,100,100,100,100,100,100,100,100,100,100,100,100,100,100,100,100,100,100,100,100,100,100,100,100,100,100,100,100,100,100,100,100,100,100,100,100,100,100,100,100,100,100,100,100,100,100,100,100,100,100,100,100,100,100,100,100,100,100,100,100,100,100,100,100,100,100,100,100,100,100,100,100,100,100,100,100,100,100,100,100,100,100,100,100,100,100,100,100,100,100,100,100,100,100,100,100,100,100,100,100,100,100,100,100,100,100,100,100,100,100,100,100,100,100,100,100,100,100,100,100,100,100,100,100,100,100,100,100,100,100,100,100,100,100,100,100,100,100,100,100,100,100,100,100,100,100,100,100,100,100,100,100,100,100,100,100,100,100,100,100,100,100,100,100,100,100,100,100,100,100,100,100,100,100,100,100,100,100,100,100,100,100,100,100,100,100,100,100,100,100,100,100,100,100,100,100,100,100,100,100,100,100,100,100,100,100,100,100,100,100,100,100,100,100,100,100,100,100,100,100,100,100,100,100,100,100,100,100,100,100,100,100,100,100,100,100,100,100,100,100,100,100,100,100,100,100,100,100,100,100,100,100,100,100,100,100,100,100,100,100,100,100,100,100,100,100,100,100,100,100,100,
W_3523A2/313_G_None_0.586_VS1,101.948,-0.539858,1.2093,99.5929,105.123,112.423,569.094,99.9228,0.010518,0.272069,1.32433,114.057,6416.5, ,50,34600,-5.80913,-25400,101.735,101.853,102.498,101.759,102.426,102.891,103.259,103.677,103.933,103.757,103.888,102.94,103.294,102.745,102.4,101.982,101.444,101.139,101.512,101.653,102.338,102.573,102.681,102.793,102.706,103.186,103.223,103.233,103.109,103.222,103.374,103.06,103.022,103.149,103.056,102.862,103.224,103.319,103.159,102.869,103.181,103.456,103.087,102.954,102.837,102.209,102.767,102.36,103.036,103.183,103.02,103.122,103.134,103.753,104.152,103.804,104.662,104.456,104.375,103.946,103.452,103.252,102.832,102.822,103.035,102.406,102.156,101.479,101.139,101.642,101.988,102.196,101.863,101.624,101.851,101.846,102.386,102.824,102.774,102.817,102.339,102.332,102.112,101.81,101.867,101.73,101.752,102.235,101.738,102.276,102.852,102.95,102.841,102.609,102.963,102.819,102.329,102.373,102.313,101.885,101.761,102.287,102.276,101.95,101.97,101.932,102.112,102.263,102.099,102.014,102.31,101.995,102.21,102.472,102.49,102.156,101.978,102.099,101.916,101.502,102.155,102.087,102.038,102.145,102.126,101.959,101.868,102.108,102.432,102.383,102.312,102.393,102.563,103.024,103.613,103.854,104.166,103.624,103.297,103.31,103.423,103.329,103.481,103.225,102.953,102.424,102.58,102.575,102.616,102.539,102.769,102.439,102.677,103.092,103.856,103.75,103.646,103.713,103.831,103.593,103.406,103.124,103.018,102.626,102.581,102.968,102.975,102.726,102.708,103.044,102.907,103.004,102.782,102.671,102.4,102.108,101.951,101.658,101.623,101.611,101.574,101.673,102.162,102.359,102.398,102.85,103.263,103.333,103.394,103.056,103.18,102.719,102.468,102.251,101.472,100.983,100.767,100.557,100.522,100.376,100.299,100.117,100.036,100.148,99.9926,99.6243,99.6374,99.335,99.0657,98.8236,98.8502,98.6185,98.8754,98.8072,98.7651,98.7955,98.7915,98.7754,98.5963,98.3766,98.2203,98.012,97.8162,97.8687,97.46,97.3444,96.9248,96.7989,96.5685,96.2764,95.8695,95.5336,95.0356,94.854,94.3251,94.041,93.6179,93.2798,92.8948,92.5314,92.0804,91.6453,91.0539,90.5227,90.1895,89.7403,89.3982,89.1561,88.9481,88.9974,89.0861,89.1717,89.2874,89.2909,89.307,89.1674,88.9822,88.879,88.8715,89.0205,89.3215,89.7823,90.3271,90.8726,91.4411,92.0755,92.7372,93.4104,94.0293,94.5369,94.7936,94.6596,94.2868,94.1558,94.3134,94.6229,94.9549,95.4231,96.0072,96.7171,97.8165,99.1729,100.203,100.763,101.126,101.43,101.625,101.761,101.99,102.207,102.302,102.412,102.577,102.668,102.793,102.892,102.956,102.971,102.947,103.047,103.079,103.078,103.121,103.131,103.144,103.172,103.234,103.292,103.281,103.332,103.382,103.393,103.413,103.448,103.456,103.436,103.455,103.453,103.385,103.371,103.378,103.368,103.347,103.37,103.399,103.442,103.484,103.572,103.615,103.651,103.726,103.742,103.749,103.788,103.786,103.8,103.792,103.786,103.812,103.794,103.833,103.865,103.886,103.896,103.944,103.993,104.029,104.045,104.053,104.058,104.027,103.987,103.936,103.856,103.797,103.807,103.797,103.826,103.844,103.947,104.013,104.115,104.251,104.367,104.439,104.543,104.619,104.693,104.735,104.808,104.861,104.859,104.894,104.93,104.946,104.948,104.965,105.009,105.019,105.053,105.097,105.1,105.109,105.118,105.156,105.166,105.118,105.132,105.117,105.129,105.14,105.133,105.112,105.093,105.131,105.143,105.145,105.152,105.152,105.141,105.137,105.141,105.175,105.141,105.178,105.161,105.154,105.152,105.144,105.146,105.15,105.103,105.107,105.093,105.097,105.114,105.105,105.141,105.144,105.135,105.163,105.162,105.114,105.106,105.114,105.125,105.12,105.125,105.148,105.135,105.159,105.189,105.183,105.157,105.166,105.152,105.139,105.14,105.14,105.148,105.155,105.185,105.173,105.154,105.159,105.171,105.148,105.163,105.117,105.112,105.112,105.125,105.128,105.15,105.166,105.173,105.187,105.22,105.248,105.237,105.262,105.273,105.239,105.216,105.227,105.195,105.194,105.155,105.161,105.164,105.16,105.186,105.192,105.184,105.2,105.18,105.188,105.19,105.191,105.196,105.18,105.166,105.193,105.196,105.235,105.247,105.242,105.242,105.248,105.265,105.272,105.247,105.239,105.211,105.234,105.253,105.224,105.206,105.197,105.224,105.229,105.227,105.251,105.223,105.217,105.241,105.246,105.253,105.237,105.234,105.248,105.22,105.235,105.229,105.22,105.21,105.222,105.233,105.24,105.231,105.214,105.221,105.202,105.192,105.201,105.178,105.176,105.153,105.18,105.197,105.182,105.179,105.198,105.209,105.222,105.19,105.202,105.172,105.178,105.176,105.198,105.171,105.159,105.147,105.185,105.206,105.225,105.221,105.229,105.223,105.225,105.245,105.233,105.237,105.243,105.242,105.224,105.212,105.191,105.209,105.189,105.198,105.177,105.17,105.183,105.191,105.216,105.25,105.247,105.272,105.291,105.295,105.294,105.284,105.302,105.282,105.263,105.247,105.21,105.184,105.191,105.157,105.144,105.154,105.164,105.161,105.199,105.227,105.253,105.253,105.28,105.297,105.287,105.318,105.328,105.316,105.319,105.334,105.314,105.321,105.306,105.286,105.269,105.307,105.345,105.334,105.345,105.364,105.388,105.405,105.471,105.456,105.415,105.394,105.432,105.412,105.428,105.422,105.42,105.392,105.402,105.436,105.442,105.431,105.408,105.407,105.417,105.437,105.434,105.45,105.429,105.413,105.373,105.41,105.416,105.415,105.4,105.422,105.401,105.417,105.407,105.475,105.471,105.483,105.499,105.505,105.507,105.493,105.508,105.534,105.508,105.501,105.488,105.477,105.476,105.485,105.56,105.558,105.538,105.582,105.613,105.601,105.62,105.614,105.623,105.62,105.653,105.661,105.594,105.573,105.601,105.558,105.562,105.544,105.53,105.53,105.564,105.633,105.697,105.721,105.743,105.716,105.718,105.702,105.694,105.704,105.666,105.647,105.635,105.657,105.751,105.773,105.806,105.792,105.741,105.761,105.764,105.764,105.751,105.744,105.725,105.688,105.69,105.785,105.778,105.714,105.712,105.718,105.71,105.736,105.777,105.742,105.703,105.731,105.761,105.807,105.79,105.773,105.814,105.783,105.821,105.865,105.799,105.832,105.792,105.874,105.87,105.815,105.824,105.829,105.851,105.807,105.754,105.753,105.7,105.69,105.697,105.77,105.796,105.757,105.878,105.857,105.856,105.876,105.901,105.889,105.903,105.951,105.912,105.875,105.917,105.971,105.978,106.022,106.007,105.93,105.993,106.013,106.106,106.179,106.114,106.181,106.08,106.13,106.27,106.203,106.246,106.154,106.108,106.194,106.127,106.073,106.094,105.958,105.962,105.911,105.853,105.814,105.793,105.64,105.793,105.78,105.931,105.893,105.976,106.1,106.379,106.314,106.415,106.391,106.336,106.107,105.987,105.945,105.807,105.682,105.773,105.757,105.894,106.052,106.212,106.457,106.487,106.682,106.573,106.516,106.638,106.524,106.355,106.199,105.925,105.682,105.761,105.655,105.465,105.362,105.393,105.357,105.571,105.697,105.965,105.755,105.86,106.273,106.328,106.28,106.617,106.603,106.589,106.784,106.721,106.512,106.237,106.124,106.216,105.883,105.726,105.641,105.322,105.591,105.825,105.84,105.936,105.976,106.067,106.165,106.193,106.371,106.219,106.421,106.425,106.362,106.361,106.15,106.011,106.22,105.806,105.939,105.668,105.589,105.47,105.367,105.482,105.352,105.067,105.238,105.175,105.39,105.343,105.361,105.118,105.186,105.243,105.052,105.294,105.284,105.142,105.101,105.357,105.975,106.099,106.436,107.03,106.764,106.546,106.369,106.317,106.254,105.711,105.882,105.463,105.243,105.089,105.362,105.213,105.368,105.38,105.192,104.626,104.837,104.772,104.886,104.848,105.09,105.08,105.078,105.412,105.944,106.11,105.947,106.335,106.363,106.426,106.605,106.528,106.76,106.327,106.417,106.183,105.813,105.375,105.1,104.733,104.533,104.197,104.056,103.629,104.019,104.197,103.8,103.556,103.924,103.873,104.032,104.157,104.524,104.684,104.809,105.264,105.969,106.099,106.297,106.118,106.146,105.889,105.701,105.425,105.211,104.742,104.483,103.916,103.671,103.801,103.681,103.409,103.173,103.704,103.745,104.044,104.461,105.073,104.96,105.082,105.495,105.799,105.735,105.839,105.512,105.517,105.327,105.379,105.696,105.729,105.717,105.694,105.849,105.752,106.206,106.05,105.897,105.37,105.121,105.598,105.346,105.041,105.401,104.938,104.999,105.098,105.474,105.34,105.039,105.65,105.733,105.485,105.658,105.609,105.495,105.669,106.108,106.138,105.881,105.785,105.813,105.689,105.327,105.61,105.476,105.216,104.944,104.645,104.69,104.54,104.47,104.828,104.893,104.935,104.924,104.953,104.971,104.978,105.224,105.459,105.456,105.592,105.355,105.754,106.101,106.463,106.697,106.903,107.084,107.285,107.163,107.585,107.343,103.132,52.0167,153.236,129.086,
F_3523A2/313_G_None_0.586_VS1,100.432,1.26157,-4.62566,110.143,101.122,42.5482,576.906,118.939,0.0158037,-1.69979,4.7946,-74.7446,3004.06, ,0,377.419,228.09,61.2565,89.0118,88.4966,89.4825,89.7514,89.5164,88.7267,88.6586,88.0991,87.9569,87.5521,87.0115,85.0845,84.5715,84.484,84.4181,84.7274,84.6535,84.9795,85.3077,85.9826,86.9683,86.8423,86.9942,87.1629,87.2138,87.4908,86.9636,86.6913,86.1224,86.1441,85.8089,85.5769,85.0597,84.6438,84.7784,84.7722,84.7764,85.4282,85.4432,85.6313,86.0753,86.9295,87.2323,87.5223,87.5956,87.8568,87.702,87.2265,88.0408,87.4277,86.8706,86.1486,86.0155,85.9012,85.628,86.21,86.1319,85.3008,85.464,85.0071,85.4813,84.8567,84.7214,85.0155,84.6838,85.4382,85.6797,85.712,85.9086,85.9682,86.566,86.9736,86.5481,86.4841,86.3531,86.3178,85.8897,86.5805,86.5842,86.5221,86.3432,86.4693,86.2279,85.3406,85.6302,85.9226,86.0471,85.6887,85.8364,85.9299,85.515,85.3405,86.0727,86.0608,86.6439,86.5015,86.7967,86.5904,86.96,87.4251,87.9475,88.3645,88.2129,87.8011,87.3333,87.8004,87.5262,87.8352,87.884,87.3894,86.9842,87.1935,86.7867,87.1008,86.2241,86.4143,86.0356,85.6235,85.6385,86.05,86.0094,86.2864,86.1982,86.5849,86.2376,86.1189,86.808,87.3392,87.1433,86.8238,87.3546,87.2564,87.1121,87.3351,87.0235,86.979,86.739,86.671,86.7858,86.6011,86.5594,86.5666,86.7942,86.7881,86.569,86.3386,86.5873,86.2467,86.305,86.1904,85.986,85.956,85.7893,86.0574,86.079,86.1786,86.5484,86.3558,86.7243,86.7899,87.0598,87.287,87.1156,87.3134,87.0693,86.9393,87.0655,87.0325,87.0302,86.8329,86.8675,87.1436,87.199,87.2453,87.3879,87.6638,87.5671,87.977,87.8305,87.7649,87.5876,87.6184,87.6765,87.6693,87.3932,87.3733,87.2222,87.3072,87.2928,87.3495,87.3661,87.458,87.4787,87.5488,87.693,87.9064,87.963,88.27,88.4394,88.5719,88.7154,88.7957,88.9567,89.0001,88.8983,88.8912,88.7849,88.6441,88.5241,88.375,88.2643,88.129,88.0095,87.9059,87.7582,87.6205,87.4817,87.3003,87.1151,86.8956,86.6574,86.4095,86.1612,85.9202,85.6935,85.4792,85.2833,85.1192,84.9733,84.8533,84.7092,84.5487,84.401,84.2197,84.0497,83.9491,83.8535,83.8082,83.8127,83.9077,84.0203,84.1658,84.2689,84.2967,84.3399,84.3034,84.2183,84.1827,84.1567,84.2778,84.4997,84.7995,85.1413,85.5066,85.7919,86.1794,86.3661,86.452,86.4034,86.3389,86.274,86.4694,86.7243,87.081,87.4764,88.2828,89.1991,90.0239,90.7664,91.3111,91.6833,92.0433,92.8867,93.2289,93.6451,94.0155,94.3538,95.1774,96.0761,96.9043,97.7526,98.0182,98.9901,99.6322,100.289,101.039,101.655,102.668,103.5,104.554,105.761,106.757,107.415,107.872,108.479,108.488,108.667,108.876,108.607,108.611,108.932,109.442,110.174,110.196,110.624,110.396,110.407,110.715,110.971,110.606,110.59,110.327,110.617,110.714,110.867,110.863,110.931,110.857,111.057,110.82,110.94,110.727,110.871,110.773,110.613,110.716,110.686,110.44,110.407,110.328,110.191,110.099,110.064,110.204,109.871,109.618,109.527,109.509,109.523,109.543,109.304,109.277,109.305,109.314,109.271,109.066,108.946,108.554,108.215,107.946,107.747,107.443,107.163,106.448,106.298,105.805,105.458,105.331,105.251,105.014,104.824,104.775,105.107,104.874,104.987,105.062,105.122,104.921,104.731,104.635,104.233,104.102,104.262,104.204,104.001,103.532,103.389,103.438,103.106,103.103,102.745,102.432,102.334,102.342,102.361,102.301,102.341,102.46,102.272,102.418,102.267,101.957,101.633,101.832,101.487,101.14,101.065,100.95,100.425,100.502,100.642,100.766,100.637,101.058,101.159,101.064,101.184,101.579,101.566,101.339,101.255,101.217,101.004,100.838,100.693,100.616,100.54,100.589,100.725,100.818,100.586,100.731,101.071,101.301,101.138,100.988,100.727,100.672,100.682,100.642,100.343,100.076,100.185,100.23,100.345,100.61,100.605,100.551,100.753,100.679,100.639,100.348,100.233,100.325,100.042,100.103,100.302,100.303,100.568,100.717,100.913,101.077,101.028,101.379,101.163,100.947,100.888,100.799,100.825,100.583,100.481,100.439,100.348,100.404,100.074,99.9853,100.019,99.7901,99.9459,99.9963,99.9567,99.7574,100.019,100.487,100.595,100.709,100.798,100.749,101.166,101.205,101.245,101.15,101.153,101.085,100.944,101.169,100.931,100.785,100.952,101.153,101.169,101.033,101.095,100.955,100.821,101.269,101.03,100.81,100.671,100.674,100.65,100.724,100.878,100.814,100.676,100.907,101.052,101.051,101.202,101.544,101.766,101.947,101.792,102.104,102.231,102.207,102.282,102.01,101.754,101.719,101.585,101.83,101.483,101.505,101.942,102.038,101.844,101.779,101.55,101.523,101.47,101.423,101.315,101.049,101.068,101.48,101.601,101.714,101.877,102.002,102.376,102.417,102.085,101.77,101.656,101.863,102.036,102.097,101.795,101.925,101.841,102.324,102.662,102.631,102.32,102.171,102.147,102.714,102.226,101.954,101.899,101.888,102.166,102.672,102.623,102.801,102.596,102.636,103.336,103.138,103.362,103.518,103.142,103.046,102.794,102.872,103.133,103.44,103.85,104.226,104.084,104.08,104.34,104.754,104.806,104.892,104.678,104.669,104.599,105.022,104.93,105.084,104.941,104.996,105.317,105.201,105,104.94,104.91,105.96,105.373,104.901,104.775,104.804,104.855,105.195,104.704,104.453,103.698,104.47,105.719,106.194,106.396,106.337,106.873,107.412,107.405,107.759,107.791,106.745,106.605,106.126,106.238,105.864,105.692,105.782,105.907,106.019,106.446,106.727,106.468,105.816,105.78,106.163,106.766,107.511,107.415,107.325,107.385,108.17,109.038,108.718,108.497,108.07,107.495,107.481,108.471,108.534,108.762,108.287,108.326,107.839,108.687,107.46,107.41,107.128,106.812,106.292,107.042,106.931,107.023,106.084,108.124,107.718,107.024,107.948,108.278,107.16,107.553,107.999,107.518,107.319,108.522,109.147,108.519,107.846,109.532,109.308,109.424,109.759,108.26,108.946,108.875,109.317,108.485,108.527,108.682,107.565,109.339,108.203,106.055,104.077,104.278,106.505,106.1,106.125,107.175,106.693,108.97,109.785,110.929,110.263,109.632,108.488,110.205,109.636,108.627,108.452,109.431,109.894,109.791,111.139,112.482,111.193,111.409,111.655,109.4,110.422,111.084,110.908,109.318,108.58,107.939,108.371,107.774,110.037,110.508,112.403,113.18,110.458,111.904,113.509,114.959,115.778,115.743,113.235,113.383,111.6,114.955,115.001,113.249,112.211,113.669,114.547,115.516,114.327,115.958,116.089,118.601,117.887,120.124,117.727,118.073,111.514,107.045,110.219,109.314,105.882,107.303,106.065,109.827,108.319,117.532,118.385,117.722,118.544,119.933,122.581,123.53,123.182,123.949,119.375,122.571,123.164,124.486,124.722,121.599,119.748,116.721,119.384,122.471,122.944,122.87,124.24,120.109,124.872,121.839,121.94,120.245,118.442,115.638,118.09,113.431,115.97,113.015,115.346,113.153,112.983,113.565,122.411,116.41,117.311,114.764,113.419,116.608,123.429,123.531,120.842,118.963,117.998,123.357,125.36,125.807,128.351,126.381,121.723,126.048,127.818,129.927,125.55,127.678,124.327,122.988,126.909,130.953,128.192,129.836,127.27,123.421,121.264,128.955,124.017,121.428,123.029,123.373,118.85,118.178,119.137,113.594,108.341,113.49,104.769,99.3209,93.5854,91.5012,94.3821,98.4333,100.572,100.959,97.0799,103.817,108.645,110.669,110.499,109.702,103.2,102.042,103.224,105.215,102.05,97.0799,98.6379,94.0317,90.1241,93.0065,91.6127,90.0887,89.6933,89.522,91.6424,89.8395,92.2394,95.8684,95.2101,100.487,99.7781,95.5964,94.1348,94.0976,97.1913,94.8516,96.2416,96.9167,96.6716,94.7306,97.475,101.778,104.541,100.116,101.377,96.246,95.1736,95.0832,96.4563,93.7264,90.3948,89.4424,90.559,90.9923,93.4475,92.1557,91.1348,93.3665,94.7442,95.8368,93.9169,92.9154,93.8737,89.9698,90.1454,90.4881,89.2703,90.7538,90.6596,89.9015,92.0328,88.8177,91.3335,90.7582,92.2032,91.6178,91.8462,91.3952,92.2684,91.3969,92.2706,91.3633,92.1797,92.1797,92.1797,90.9304,89.4386,88.7284,89.4197,89.3547,89.2412,90.2828,88.3719,86.9664,86.0998,86.5296,88.6866,87.6671,88.2816,89.1427,89.338,89.6675,89.6951,91.1589,90.9285,88.6582,87.3395,87.242,86.0097,84.5686,84.6028,83.8981,82.9724,83.4781,85.0157,87.2962,88.1094,89.0562,88.7961,88.1667,89.0629,89.7083,89.9645,87.9947,87.1376,86.0417,85.4987,85.3898,85.6512,85.8737,85.4972,86.1425,87.8225,87.7489,88.7651,86.5721,86.6816,88.0068,89.6978,89.7897,89.4063,89.9844,88.8903,87.2998,90.5253,90.7422,89.115,88.9014,88.3971,86.2965,85.0468,86.9606,88.421,87.6393,87.9913,88.2624,86.1846,85.0231,87.5568,89.0613,88.1951,88.55,88.4099,87.5692,87.9988,88.2235,88.418,87.3928,85.4198,85.2774,84.7234,86.0569,86.0442,85.4514,85.3201,86.135,87.1642,87.6141,88.5049,88.0363,86.5813,88.6518,89.322,90.59,90.8651,90.4372,91.8253,91.3596,91.9405,93.9501,92.0447,48.3146,67.9654,446.479,67.9654,
W_3492A2/96_F_None_0.501_VVS2,100.89,-0.803388,2.25323,96.7824,102.32,107.706,570.583,92.5469,0.0201448,0.175006,2.39217,109.624,6330.04, ,62.5,58900,95.0207,-25100,96.0993,96.8501,97.5699,97.6272,97.6003,97.7861,98.3303,98.8509,99.3469,99.5056,98.9426,98.1588,98.0076,98.855,99.19,98.5449,98.2584,97.873,97.9688,97.7567,98.2035,98.2839,97.1007,96.9407,96.9563,97.6826,97.8832,97.9636,99.042,99.1392,98.9057,98.9631,98.7807,99.1587,98.3784,97.8705,97.7518,97.7419,98.1401,98.287,98.4418,98.4263,98.0594,97.9864,97.8608,97.7054,98.0324,97.148,97.4989,97.2837,97.3818,97.1712,97.4927,98.0812,98.0892,97.5118,98.8227,98.6435,99.1602,99.0427,99.3121,98.7743,98.9022,98.8661,99.1655,98.1027,97.709,96.9677,96.8162,96.5108,97.1131,96.7081,96.7182,96.098,95.6109,95.8767,96.6576,96.8709,97.0481,96.8826,97.0813,96.9329,97.2427,98.034,97.944,97.346,96.7538,96.9874,96.779,97.2191,97.3998,97.4338,97.4727,97.8672,98.4277,98.5168,98.5924,98.3162,97.8466,97.6404,97.3123,96.5399,96.2439,96.3657,96.723,96.9505,97.2924,97.434,97.6599,97.6261,98.6046,98.2582,98.4425,98.4309,98.055,97.8733,97.949,97.7999,97.8524,97.6038,98.1635,97.7124,97.7473,98.0126,98.2454,97.9563,97.9061,98.4294,98.5855,98.3643,98.2234,98.198,97.9865,98.0725,98.1436,98.5224,98.4284,98.0061,97.797,97.8481,97.9241,98.0134,98.2112,98.6793,98.4148,97.926,98.2935,98.2292,98.3096,98.2089,98.0825,97.8927,97.6397,97.7501,98.4541,98.3285,98.478,98.6315,98.7914,98.8359,98.9412,98.5854,98.6127,98.3932,98.4739,98.8325,98.5436,98.4849,98.2742,98.0578,98.3277,98.6217,98.2069,97.846,97.4538,97.5265,97.6492,97.7662,97.8524,97.502,97.1702,97.1314,97.2405,97.3337,97.1404,96.683,96.6156,96.4492,96.811,96.3718,96.4526,96.0928,96.1461,96.0717,95.9907,95.8979,95.719,95.1182,95.0534,94.6161,94.6746,94.3621,93.9311,94.0558,93.5749,93.2175,93.2388,92.6573,92.5811,92.2598,92.2605,92.2514,91.7702,91.5701,91.4132,91.2941,91.4505,91.3398,91.3071,91.0113,90.9388,90.7942,90.5668,90.4839,90.0779,90.0791,89.5,89.1185,88.5352,87.9645,87.5153,87.0807,86.5335,86.0395,85.1906,84.7868,83.9189,83.3186,82.629,81.9179,81.225,80.4767,79.679,78.9115,78.0793,77.5848,76.9417,76.5464,76.3011,76.276,76.3324,76.376,76.4668,76.4713,76.402,76.177,75.9164,75.7605,75.736,75.9242,76.3852,77.0337,77.8525,78.6592,79.5503,80.496,81.4676,82.4374,83.3797,84.165,84.5695,84.3973,83.9235,83.711,83.9974,84.5519,85.2434,86.041,86.9694,88.2163,90.011,92.1204,93.8057,94.7794,95.4634,95.9558,96.368,96.6798,97.0569,97.3931,97.6092,97.8237,98.0602,98.2295,98.4774,98.6451,98.7773,98.8725,98.925,99.0325,99.0941,99.1326,99.1817,99.1954,99.2207,99.2419,99.3001,99.3308,99.3385,99.3646,99.382,99.3811,99.3865,99.4004,99.3864,99.344,99.3044,99.2593,99.1843,99.1327,99.086,99.0296,98.9811,98.9622,98.9586,99.0222,99.0793,99.1898,99.2849,99.3753,99.471,99.5224,99.5724,99.6229,99.6281,99.6548,99.6321,99.6181,99.6299,99.6486,99.7034,99.752,99.8037,99.8652,99.9217,99.9928,100.031,100.051,100.048,100.01,99.9384,99.8178,99.6636,99.5341,99.4219,99.4077,99.3992,99.4324,99.5079,99.6737,99.8764,100.117,100.344,100.568,100.737,100.93,101.067,101.196,101.299,101.425,101.495,101.546,101.611,101.669,101.69,101.731,101.763,101.826,101.825,101.871,101.904,101.918,101.96,101.98,102.008,102.03,101.999,102.028,102.031,102.072,102.099,102.073,102.073,102.089,102.127,102.134,102.134,102.127,102.118,102.114,102.139,102.137,102.145,102.121,102.157,102.148,102.178,102.195,102.198,102.189,102.22,102.215,102.213,102.214,102.215,102.207,102.199,102.217,102.22,102.219,102.243,102.267,102.243,102.264,102.286,102.287,102.295,102.296,102.314,102.304,102.306,102.32,102.305,102.312,102.338,102.334,102.34,102.334,102.339,102.36,102.375,102.391,102.382,102.373,102.359,102.366,102.363,102.355,102.339,102.328,102.338,102.349,102.343,102.393,102.405,102.405,102.429,102.457,102.488,102.472,102.489,102.535,102.502,102.509,102.526,102.518,102.49,102.473,102.491,102.492,102.475,102.506,102.498,102.501,102.505,102.515,102.522,102.533,102.533,102.515,102.518,102.504,102.511,102.528,102.553,102.563,102.571,102.577,102.584,102.57,102.594,102.573,102.557,102.535,102.531,102.531,102.499,102.502,102.502,102.52,102.545,102.56,102.586,102.583,102.607,102.636,102.641,102.661,102.663,102.669,102.665,102.629,102.647,102.641,102.636,102.635,102.639,102.639,102.64,102.655,102.683,102.677,102.671,102.661,102.651,102.645,102.643,102.635,102.645,102.644,102.645,102.64,102.674,102.701,102.7,102.703,102.682,102.675,102.679,102.704,102.712,102.69,102.701,102.705,102.728,102.78,102.79,102.804,102.801,102.801,102.803,102.812,102.81,102.8,102.792,102.787,102.759,102.75,102.75,102.766,102.745,102.735,102.723,102.717,102.727,102.749,102.739,102.74,102.731,102.756,102.772,102.768,102.769,102.756,102.776,102.805,102.812,102.81,102.784,102.788,102.811,102.799,102.804,102.792,102.789,102.793,102.81,102.846,102.865,102.865,102.871,102.903,102.915,102.933,102.936,102.949,102.94,102.954,102.951,103,102.995,102.99,102.969,102.991,102.995,102.988,102.997,103.022,103.009,103.021,103.052,103.05,103.045,103.052,103.089,103.061,103.058,103.045,103.018,103.026,103.036,103.057,103.066,103.057,103.06,103.06,103.091,103.131,103.131,103.175,103.174,103.172,103.159,103.173,103.178,103.163,103.154,103.138,103.118,103.099,103.104,103.16,103.184,103.205,103.228,103.237,103.264,103.241,103.262,103.281,103.246,103.231,103.22,103.253,103.243,103.261,103.353,103.363,103.362,103.402,103.447,103.444,103.426,103.447,103.452,103.439,103.516,103.539,103.511,103.479,103.51,103.492,103.488,103.442,103.411,103.389,103.384,103.426,103.467,103.507,103.537,103.529,103.553,103.549,103.536,103.537,103.5,103.494,103.439,103.428,103.467,103.48,103.561,103.497,103.466,103.477,103.481,103.544,103.584,103.6,103.58,103.526,103.564,103.628,103.641,103.561,103.544,103.548,103.518,103.573,103.589,103.581,103.606,103.626,103.674,103.716,103.672,103.764,103.732,103.775,103.838,103.813,103.817,103.838,103.794,103.851,103.778,103.777,103.742,103.762,103.831,103.801,103.848,103.912,103.878,103.873,103.899,103.849,103.84,103.738,103.84,103.792,103.73,103.717,103.746,103.793,103.959,103.96,103.907,103.816,103.876,103.881,103.912,103.954,103.934,103.833,103.939,104.053,104.122,104.144,104.169,104.204,104.157,104.196,104.217,104.155,104.139,104.13,104.118,104.052,104.069,104.129,103.962,103.96,103.928,103.898,103.805,103.827,103.942,103.821,103.627,103.734,103.724,103.644,103.749,103.842,103.941,103.978,104.037,104.322,104.284,104.188,104.236,104.146,104.158,103.918,103.9,103.894,103.913,104.057,104.235,104.259,104.407,104.524,104.576,104.584,104.718,104.632,104.543,104.544,104.54,104.404,104.384,104.318,104.188,103.928,103.859,104.003,103.856,103.875,104,103.815,103.875,104.026,104.072,104.202,104.102,104.286,104.127,104.244,104.29,104.254,104.165,104.47,104.575,104.626,104.68,104.527,104.42,104.386,104.613,104.722,104.787,104.569,104.402,104.125,104.416,104.369,104.334,104.409,104.437,104.061,104.264,104.177,104.31,104.28,104.043,103.953,103.887,103.744,103.706,103.309,103.556,103.521,103.553,103.873,104.353,104.654,104.469,104.73,104.795,104.626,104.477,104.346,104.068,103.916,103.82,104.063,103.817,104.006,104.325,104.574,104.713,105.017,105.221,104.842,104.654,104.966,104.602,104.704,104.431,104.315,103.992,103.917,104.003,104.159,103.989,104.036,103.709,103.914,104.056,103.845,103.534,103.622,103.486,103.569,103.573,103.824,103.874,103.649,104.247,104.097,104.008,104.275,104.342,104.539,104.154,104.168,103.873,103.753,103.663,103.7,103.309,103.199,103.166,103.01,102.561,103.086,102.792,102.748,102.561,102.902,102.73,102.9,102.916,103.456,103.436,103.464,103.82,104.11,104.072,103.827,103.876,103.902,103.9,103.947,103.995,103.843,103.82,104.016,103.961,103.55,103.61,103.044,103.078,102.831,102.998,102.97,102.803,102.995,103.149,103,103.312,103.185,103.461,103.333,103.151,103.016,103.018,102.777,102.746,102.8,102.736,102.633,102.931,103.111,102.977,103.335,103.257,103.332,103.344,103.221,103.28,102.688,102.663,103.053,102.802,102.991,103.269,103.328,103.128,103.013,103.253,103.346,103.155,103.039,103.161,103.175,103.293,103.7,103.692,103.919,103.531,103.482,103.798,103.58,103.47,103.213,102.949,102.992,102.911,103.011,102.929,102.793,102.659,102.494,102.584,102.702,102.598,102.058,102.174,102.473,102.547,103.006,102.971,102.647,102.68,103.054,103.461,103.455,103.177,103.273,103.037,103.211,103.659,103.695,-22.7557,34.9096,152.61,63.4349,
F_3492A2/96_F_None_0.501_VVS2,99.7919,3.00283,-14.1628,109.475,99.4628,48.0077,577.944,154.117,0.0434135,-2.46988,14.4776,-78.0293,3048.33, ,0,383.871,135.955,104.188,76.2791,76.034,76.3246,75.628,75.2622,75.2069,74.9926,74.068,73.7836,73.4086,72.9372,72.1767,72.739,72.8362,72.5574,72.5426,73.167,73.3897,73.0751,73.0869,73.4984,73.4521,72.9237,73.1007,73.6704,73.2956,72.9421,73.7156,73.7514,73.9191,73.6314,74.1805,74.071,73.6219,73.9259,74.3533,74.1515,74.4502,74.179,74.0792,74.4505,74.6061,74.6842,74.5542,74.4223,74.486,74.6722,74.7893,75.3574,74.768,74.1034,73.5172,73.215,73.0425,72.7852,72.3936,72.4138,71.9707,71.8274,71.8348,72.1762,71.8646,71.5201,71.5644,72.1929,71.6965,71.6726,71.9908,72.4942,72.5839,72.8261,73.4453,73.6564,73.2482,73.9278,74.1905,74.2966,74.4624,74.8009,75.2489,74.7199,74.3146,74.5257,73.7218,73.8279,73.8409,73.9786,73.9442,73.3622,73.5783,73.5747,73.0703,73.625,73.6533,73.7181,73.5396,73.7558,74.3062,74.8605,75.5536,75.9249,76.0259,75.6167,75.5506,75.807,75.5494,74.9203,74.5712,74.4591,74.3822,74.2369,74.3099,74.3413,74.4413,74.0464,74.5828,74.4417,73.7851,73.5499,73.5937,73.7424,73.7274,73.8968,74.1275,73.8843,73.8456,74.436,74.8231,74.966,75.1649,75.4981,75.2674,75.4257,75.1866,74.8829,74.7373,75.0704,75.0396,75.0304,75.0328,74.6218,74.7445,75.1006,74.9974,74.7389,74.3735,74.5591,74.4862,74.4657,74.7809,74.5828,74.4922,74.4931,74.7945,74.8839,74.6479,74.4339,74.227,74.1082,74.1149,74.0164,74.2051,74.0204,74.0019,74.0189,74.2567,74.1253,74.1209,73.9416,73.9264,74.0601,74.1956,74.0747,73.9644,73.8612,74.0444,74.0764,74.5346,74.6876,74.6996,74.4883,74.7733,75.0081,75.0619,74.9846,75.0579,74.8915,74.8751,74.9344,75.1149,75.0529,75.0537,75.0674,75.3226,75.4285,75.6496,75.8913,76.1867,76.5218,76.9174,77.2106,77.3039,77.4866,77.4925,77.4583,77.3729,77.1372,76.8684,76.6387,76.3904,76.1576,75.9154,75.6742,75.4413,75.1985,74.9641,74.7168,74.4186,74.1041,73.7715,73.4291,73.0963,72.7449,72.4003,72.0829,71.786,71.5168,71.2769,71.0656,70.8568,70.6519,70.4453,70.2448,70.0048,69.7873,69.6482,69.5529,69.5335,69.5447,69.6231,69.7503,69.8397,69.9984,70.1063,70.1175,70.0783,69.9998,69.9336,69.9273,70.1091,70.4339,70.8013,71.2382,71.7399,72.3292,72.8264,73.2111,73.4316,73.6324,73.7302,73.7668,74.1608,74.6191,75.2292,76.0493,77.1856,78.4582,79.4706,80.6795,81.8245,82.7098,83.7339,84.9664,86.3588,87.627,89.0956,90.2784,92.0759,93.9126,95.5254,97.1109,98.6632,100.384,101.836,103.238,105.531,107.62,110.089,112.725,115.369,117.709,119.655,121.353,122.777,123.488,123.483,123.507,123.381,123.131,123.315,124.047,125.124,126.292,127.101,128.155,128.56,128.95,129.327,129.571,129.22,128.827,128.259,128.343,128.095,128.169,128.335,128.868,128.787,128.911,129.127,129.243,129.013,129.49,129.437,129.23,128.72,128.647,128.18,127.656,127.403,127.109,126.412,125.948,125.765,125.5,124.988,124.598,124.486,124.599,124.483,124.18,124.055,123.653,123.215,122.92,122.541,121.803,121.042,120.21,119.856,119.503,119.014,118.285,117.07,116.503,116.188,115.303,114.893,114.257,113.624,113.252,113.045,113.236,113.155,113.164,113.072,112.926,112.774,112.418,111.899,111.557,111.077,110.977,110.589,110.192,109.427,109.066,108.739,108.412,108.027,107.873,107.203,106.648,106.45,106.578,106.044,105.87,105.567,105.131,104.924,104.53,104.282,103.851,103.611,103.445,102.881,102.797,102.933,102.444,102.301,102.14,101.997,101.487,101.726,101.852,101.688,101.336,101.422,101.347,100.957,100.976,101.117,100.691,100.374,100.186,100.09,100.049,99.9387,100.054,99.984,99.5642,99.4449,99.6642,99.6491,99.5055,99.2721,99.2088,99.2043,98.9363,99.1703,98.9788,98.6626,98.7396,98.8904,98.7848,98.6578,98.344,98.3318,98.3966,98.4091,98.4384,98.2511,97.9797,98.1986,98.0304,98.1378,98.3734,98.052,98.1978,98.3519,98.4937,98.4672,98.1993,98.3776,98.1832,97.9223,97.9424,97.8597,97.8395,97.4377,97.3335,97.2545,97.2818,97.4941,97.2881,97.4612,97.5969,97.3008,97.4221,97.737,97.9649,98.1388,98.1493,98.6365,98.6046,98.5208,98.826,98.783,98.811,98.8799,98.7072,98.735,98.6576,98.4642,98.4895,98.38,98.3187,98.1215,98.0807,97.9745,97.8934,98.1204,98.4358,98.1731,98.0387,98.4682,98.3722,98.4044,98.5929,98.5576,98.0416,98.0362,97.9944,98.2909,98.1215,98.5874,98.5843,98.5473,98.9176,99.4524,99.6277,100.312,100.029,100.327,100.235,100.38,100.796,100.575,100.681,100.604,100.107,100.379,100.049,100.128,100.383,100.405,100.427,99.818,99.5797,99.9705,100.129,100.405,100.419,100.269,99.8906,100.087,100.611,100.904,100.79,100.612,100.609,100.905,100.807,100.739,100.725,100.365,100.382,100.65,100.726,100.97,100.732,101.103,101.473,101.132,101.6,101.658,101.319,101.769,101.114,100.859,100.575,100.803,101.327,101.499,101.69,102.044,101.525,102.066,102.83,103.007,103.09,103.243,103.007,103.069,103.223,103.786,104.061,103.955,104.064,104.06,104.145,104.39,104.529,104.725,104.629,104.452,104.61,104.602,104.821,105.188,105.338,105.558,105.584,105.795,105.896,105.98,105.939,106.462,106.429,106.943,106.183,106.157,106.093,106.738,106.699,106.135,105.431,105.117,104.752,105.545,105.467,105.48,105.235,104.968,105.733,105.91,106.551,106.607,106.681,106.579,107.221,106.748,106.899,107.506,107.039,106.892,106.446,106.598,106.258,105.954,106.657,106.289,106.401,106.758,106.819,107.754,107.127,108.31,108.151,108.148,109.221,108.82,108.685,108.903,108.076,108.863,108.269,108.691,109.153,108.214,108.3,108.44,108.759,108.631,108.496,109.538,109.574,109.346,109.714,109.205,108.772,107.457,108.839,109.272,108,108.646,108.057,108.441,108.985,110.558,110.309,110.161,110.728,112.357,110.553,110.252,111.28,112.313,111.733,113.135,113.009,113.288,111.961,114.27,115.02,114.123,113.205,112.464,113.284,112.327,110.527,110.354,110.094,111.706,112.472,113.423,114.176,113.395,114.187,113.844,113.697,113.784,112.202,111.589,112.872,111.794,111.114,111.845,114.453,115.656,114.944,115.584,117.321,114.686,115.454,115.331,113.376,114.761,114.336,113.087,112.159,111.307,111.402,113.01,115.141,116.904,116.319,118.344,120.126,119.224,119.084,122.335,121.16,121.539,121.215,119.224,120.035,117.973,120.552,120.946,118.042,119.318,119.12,118.881,120.357,118.971,122.364,121.521,123.538,122.92,124.678,125.974,127.525,118.342,117.934,120.692,120.226,117.59,119.143,116.143,116.428,115.973,125.997,123.009,122.369,123.745,124.74,124.728,129.672,129.529,126.566,119.818,120.555,121.123,122.439,122.992,122.031,119.882,118.31,122.833,127.269,132.093,129.425,128.193,123.325,122.738,116.551,113.617,112.923,111.834,108.013,112.027,111.878,112.607,115.96,122.393,121.41,124.931,125.674,136.765,133.257,133.515,137.869,132.347,131.248,139.142,130.568,129.222,123.845,120.954,123.969,121.767,120.35,122.822,117.691,117.8,123.784,125.028,122.464,122.291,123.403,125.027,122.721,123.666,125.029,117.78,118.567,117.198,108.28,105.872,109.172,106.79,106.698,107.983,109.733,109.044,112.791,114.685,114.203,110.575,115.913,110.421,108.149,107.296,106.091,103.622,104.206,102.458,103.184,101.069,107.674,106.397,106.397,104.303,104.303,101.456,104.504,104.17,105.391,100.69,99.1602,98.8059,97.4191,99.9286,98.5052,95.3187,93.1177,92.0137,94.6285,94.6285,92.4816,91.6838,89.6445,90.8062,96.3174,94.4705,92.1929,89.8734,90.7588,89.2199,90.7229,92.1929,92.5873,89.6242,90.1258,92.0125,93.953,98.9115,97.94,94.5565,90.1476,88.6369,88.2443,89.299,88.8056,87.1931,84.603,87.0945,86.7935,88.1036,86.899,84.5863,84.9656,81.7323,80.0882,79.1496,78.4831,79.7097,77.7811,79.5321,79.6542,79.5066,82.0848,83.8691,82.8513,82.6869,80.462,81.8449,79.2487,80.4159,79.7231,78.6922,77.432,78.6776,78.1269,78.5826,78.5339,78.906,78.6393,79.1726,78.4075,78.0264,76.2523,78.119,78.5989,78.4945,80.3368,79.6727,78.6462,78.8934,78.9601,79.9077,78.4103,78.1729,76.9346,76.9614,77.9481,77.3327,77.9463,78.247,78.0249,76.8643,77.5532,78.9893,78.7618,77.4776,77.404,78.5646,78.5801,80.4501,82.5263,81.8739,80.5752,80.6782,80.5457,80.8277,78.6089,77.5221,75.1039,74.0867,73.3653,72.6544,72.0417,71.9877,72.8314,73.3457,74.4624,75.2546,74.9037,76.2084,76.2378,75.1064,76.0239,75.2092,76.1059,75.8301,75.7737,74.4773,73.5235,75.2546,76.5449,76.42,77.0105,76.0152,74.6199,74.1558,76.5071,76.2758,75.4772,75.0512,75.0277,74.4232,74.8399,76.4566,77.1698,77.2661,77.8751,77.5979,77.2574,76.7712,75.8851,75.5235,75.2596,73.0405,71.0194,71.9015,72.4858,72.4608,72.7901,73.5373,73.0057,73.2347,75.0508,76.3631,75.051,75.4911,76.4733,75.9046,76.8455,77.6234,76.4623,77.4334,77.1211,77.726,77.5595,76.4264,135.955,51.5152,223.944,34.1991,
W_Calibration,100,0,0,95.0422,100,108.876,565.016,99.9909,1.74827e-05,0.00127928,0,0,6504.1, ,100,100,100,100,100,100,100,100,100,100,100,100,100,100,100,100,100,100,100,100,100,100,100,100,100,100,100,100,100,100,100,100,100,100,100,100,100,100,100,100,100,100,100,100,100,100,100,100,100,100,100,100,100,100,100,100,100,100,100,100,100,100,100,100,100,100,100,100,100,100,100,100,100,100,100,100,100,100,100,100,100,100,100,100,100,100,100,100,100,100,100,100,100,100,100,100,100,100,100,100,100,100,100,100,100,100,100,100,100,100,100,100,100,100,100,100,100,100,100,100,100,100,100,100,100,100,100,100,100,100,100,100,100,100,100,100,100,100,100,100,100,100,100,100,100,100,100,100,100,100,100,100,100,100,100,100,100,100,100,100,100,100,100,100,100,100,100,100,100,100,100,100,100,100,100,100,100,100,100,100,100,100,100,100,100,100,100,100,100,100,100,100,100,100,100,100,100,100,100,100,100,100,100,100,100,100,100,100,100,100,100,100,100,100,100,100,100,100,100,100,100,100,100,100,100,100,100,100,100,100,100,100,100,100,100,100,100,100,100,100,100,100,100,100,100,100,100,100,100,100,100,100,100,100,100,100,100,100,100,100,100,100,100,100,100,100,100,100,100,100,100,100,100,100,100,100,100,100,100,100,100,100,100,100,100,100,100,100,100,100,100,100,100,100,100,100,100,100,100,100,100,100,100,100,100,100,100,100,100,100,100,100,100,100,100,100,100,100,100,100,100,100,100,100,100,100,100,100,100,100,100,100,100,100,100,100,100,100,100,100,100,100,100,100,100,100,100,100,100,100,100,100,100,100,100,100,100,100,100,100,100,100,100,100,100,100,100,100,100,100,100,100,100,100,100,100,100,100,100,100,100,100,100,100,100,100,100,100,100,100,100,100,100,100,100,100,100,100,100,100,100,100,100,100,100,100,100,100,100,100,100,100,100,100,100,100,100,100,100,100,100,100,100,100,100,100,100,100,100,100,100,100,100,100,100,100,100,100,100,100,100,100,100,100,100,100,100,100,100,100,100,100,100,100,100,100,100,100,100,100,100,100,100,100,100,100,100,100,100,100,100,100,100,100,100,100,100,100,100,100,100,100,100,100,100,100,100,100,100,100,100,100,100,100,100,100,100,100,100,100,100,100,100,100,100,100,100,100,100,100,100,100,100,100,100,100,100,100,100,100,100,100,100,100,100,100,100,100,100,100,100,100,100,100,100,100,100,100,100,100,100,100,100,100,100,100,100,100,100,100,100,100,100,100,100,100,100,100,100,100,100,100,100,100,100,100,100,100,100,100,100,100,100,100,100,100,100,100,100,100,100,100,100,100,100,100,100,100,100,100,100,100,100,100,100,100,100,100,100,100,100,100,100,100,100,100,100,100,100,100,100,100,100,100,100,100,100,100,100,100,100,100,100,100,100,100,100,100,100,100,100,100,100,100,100,100,100,100,100,100,100,100,100,100,100,100,100,100,100,100,100,100,100,100,100,100,100,100,100,100,100,100,100,100,100,100,100,100,100,100,100,100,100,100,100,100,100,100,100,100,100,100,100,100,100,100,100,100,100,100,100,100,100,100,100,100,100,100,100,100,100,100,100,100,100,100,100,100,100,100,100,100,100,100,100,100,100,100,100,100,100,100,100,100,100,100,100,100,100,100,100,100,100,100,100,100,100,100,100,100,100,100,100,100,100,100,100,100,100,100,100,100,100,100,100,100,100,100,100,100,100,100,100,100,100,100,100,100,100,100,100,100,100,100,100,100,100,100,100,100,100,100,100,100,100,100,100,100,100,100,100,100,100,100,100,100,100,100,100,100,100,100,100,100,100,100,100,100,100,100,100,100,100,100,100,100,100,100,100,100,100,100,100,100,100,100,100,100,100,100,100,100,100,100,100,100,100,100,100,100,100,100,100,100,100,100,100,100,100,100,100,100,100,100,100,100,100,100,100,100,100,100,100,100,100,100,100,100,100,100,100,100,100,100,100,100,100,100,100,100,100,100,100,100,100,100,100,100,100,100,100,100,100,100,100,100,100,100,100,100,100,100,100,100,100,100,100,100,100,100,100,100,100,100,100,100,100,100,100,100,100,100,100,100,100,100,100,100,100,100,100,100,100,100,100,100,100,100,100,100,100,100,100,100,100,100,100,100,100,100,100,100,100,100,100,100,100,100,100,100,100,100,100,100,100,100,100,100,100,100,100,100,100,100,100,100,100,100,100,100,100,100,100,100,100,100,100,100,100,100,100,100,100,100,100,100,100,100,100,100,100,100,100,100,100,100,100,100,100,100,100,100,100,100,100,100,100,100,100,100,100,100,100,100,100,100,100,100,100,100,100,100,100,100,100,100,100,100,100,100,100,100,100,100,
F_Calibration,100,0,0,108.104,100,39.2965,491.07,99.9909,0.000170256,0.00127928,0,0,3000.62, ,100,100,100,100,100,100,100,100,100,100,100,100,100,100,100,100,100,100,100,100,100,100,100,100,100,100,100,100,100,100,100,100,100,100,100,100,100,100,100,100,100,100,100,100,100,100,100,100,100,100,100,100,100,100,100,100,100,100,100,100,100,100,100,100,100,100,100,100,100,100,100,100,100,100,100,100,100,100,100,100,100,100,100,100,100,100,100,100,100,100,100,100,100,100,100,100,100,100,100,100,100,100,100,100,100,100,100,100,100,100,100,100,100,100,100,100,100,100,100,100,100,100,100,100,100,100,100,100,100,100,100,100,100,100,100,100,100,100,100,100,100,100,100,100,100,100,100,100,100,100,100,100,100,100,100,100,100,100,100,100,100,100,100,100,100,100,100,100,100,100,100,100,100,100,100,100,100,100,100,100,100,100,100,100,100,100,100,100,100,100,100,100,100,100,100,100,100,100,100,100,100,100,100,100,100,100,100,100,100,100,100,100,100,100,100,100,100,100,100,100,100,100,100,100,100,100,100,100,100,100,100,100,100,100,100,100,100,100,100,100,100,100,100,100,100,100,100,100,100,100,100,100,100,100,100,100,100,100,100,100,100,100,100,100,100,100,100,100,100,100,100,100,100,100,100,100,100,100,100,100,100,100,100,100,100,100,100,100,100,100,100,100,100,100,100,100,100,100,100,100,100,100,100,100,100,100,100,100,100,100,100,100,100,100,100,100,100,100,100,100,100,100,100,100,100,100,100,100,100,100,100,100,100,100,100,100,100,100,100,100,100,100,100,100,100,100,100,100,100,100,100,100,100,100,100,100,100,100,100,100,100,100,100,100,100,100,100,100,100,100,100,100,100,100,100,100,100,100,100,100,100,100,100,100,100,100,100,100,100,100,100,100,100,100,100,100,100,100,100,100,100,100,100,100,100,100,100,100,100,100,100,100,100,100,100,100,100,100,100,100,100,100,100,100,100,100,100,100,100,100,100,100,100,100,100,100,100,100,100,100,100,100,100,100,100,100,100,100,100,100,100,100,100,100,100,100,100,100,100,100,100,100,100,100,100,100,100,100,100,100,100,100,100,100,100,100,100,100,100,100,100,100,100,100,100,100,100,100,100,100,100,100,100,100,100,100,100,100,100,100,100,100,100,100,100,100,100,100,100,100,100,100,100,100,100,100,100,100,100,100,100,100,100,100,100,100,100,100,100,100,100,100,100,100,100,100,100,100,100,100,100,100,100,100,100,100,100,100,100,100,100,100,100,100,100,100,100,100,100,100,100,100,100,100,100,100,100,100,100,100,100,100,100,100,100,100,100,100,100,100,100,100,100,100,100,100,100,100,100,100,100,100,100,100,100,100,100,100,100,100,100,100,100,100,100,100,100,100,100,100,100,100,100,100,100,100,100,100,100,100,100,100,100,100,100,100,100,100,100,100,100,100,100,100,100,100,100,100,100,100,100,100,100,100,100,100,100,100,100,100,100,100,100,100,100,100,100,100,100,100,100,100,100,100,100,100,100,100,100,100,100,100,100,100,100,100,100,100,100,100,100,100,100,100,100,100,100,100,100,100,100,100,100,100,100,100,100,100,100,100,100,100,100,100,100,100,100,100,100,100,100,100,100,100,100,100,100,100,100,100,100,100,100,100,100,100,100,100,100,100,100,100,100,100,100,100,100,100,100,100,100,100,100,100,100,100,100,100,100,100,100,100,100,100,100,100,100,100,100,100,100,100,100,100,100,100,100,100,100,100,100,100,100,100,100,100,100,100,100,100,100,100,100,100,100,100,100,100,100,100,100,100,100,100,100,100,100,100,100,100,100,100,100,100,100,100,100,100,100,100,100,100,100,100,100,100,100,100,100,100,100,100,100,100,100,100,100,100,100,100,100,100,100,100,100,100,100,100,100,100,100,100,100,100,100,100,100,100,100,100,100,100,100,100,100,100,100,100,100,100,100,100,100,100,100,100,100,100,100,100,100,100,100,100,100,100,100,100,100,100,100,100,100,100,100,100,100,100,100,100,100,100,100,100,100,100,100,100,100,100,100,100,100,100,100,100,100,100,100,100,100,100,100,100,100,100,100,100,100,100,100,100,100,100,100,100,100,100,100,100,100,100,100,100,100,100,100,100,100,100,100,100,100,100,100,100,100,100,100,100,100,100,100,100,100,100,100,100,100,100,100,100,100,100,100,100,100,100,100,100,100,100,100,100,100,100,100,100,100,100,100,100,100,100,100,100,100,100,100,100,100,100,100,100,100,100,100,100,100,100,100,100,100,100,100,100,100,100,100,100,100,100,100,100,100,100,100,100,100,100,100,100,100,100,100,100,100,100,100,100,100,100,100,100,100,100,100,100,100,100,100,100,100,100,
W_3498A2/412_F_None_0.608_VVS2,98.6973,-0.427766,0.505411,91.6377,96.6686,104.444,561.732,94.426,0.00415394,0.462975,0.662136,130.244,6479.19, ,500,175,119.444,-101.316,94.0397,93.8609,94.2501,94.9407,94.8688,94.8234,94.5963,94.5277,95.2319,95.4183,95.7127,95.1245,94.5976,93.9921,93.7252,93.9805,94.246,94.2274,93.3658,93.2684,93.851,93.5927,93.965,94.0099,93.4023,93.3976,93.5902,94.0783,94.107,93.7954,94.0306,94.166,94.8336,95.7258,95.726,95.0683,94.5386,94.9111,95.084,95.3025,95.3474,95.1846,94.7616,94.7357,95.0036,95.6666,95.8361,95.9319,95.156,95.0612,94.725,94.6503,94.7347,95.0874,95.2237,94.8516,94.352,95.1403,94.9827,95.1887,95.4937,95.0304,94.7064,94.5469,94.5795,94.719,94.8261,94.9717,95.1121,94.8583,94.8173,94.6675,94.7,94.4003,94.5558,94.2487,94.2574,94.6081,94.3862,94.7277,94.9557,94.4544,94.4892,94.5179,94.4041,94.3202,93.7548,94.2484,94.0521,94.1091,94.4567,94.5443,94.2636,94.4378,94.8496,95.0397,94.7961,94.6341,94.4312,94.4083,94.4525,94.8183,94.8131,94.7598,94.8047,94.8884,94.9416,94.9137,95.1224,95.2478,95.0581,94.8928,94.635,94.268,94.1573,94.8958,95.0352,94.8738,94.5075,94.2615,94.4355,94.4612,94.4665,94.5719,94.1559,94.1763,93.8918,93.8418,94.1979,94.3547,94.9658,95.059,94.9845,94.8624,95.0385,95.4046,95.6709,95.6632,95.3874,94.9261,95.2532,95.1454,95.5473,95.3344,95.15,95.1541,95.1687,95.2859,95.3404,94.8373,94.5309,94.1479,94.0793,94.0832,94.0226,93.8423,93.6806,93.6784,93.9757,94.3394,94.4026,94.8159,94.9008,95.3173,95.7142,95.9313,95.841,96.057,96.0515,96.0518,95.6804,95.6189,95.1596,95.0308,94.7896,94.7769,94.7761,94.9332,95.0627,95.2939,95.2792,95.4801,95.1036,95.3,95.0709,94.7181,94.3653,93.9617,93.7705,93.6541,93.5461,93.7548,93.4525,93.52,93.4289,93.3573,93.6347,93.6014,93.5693,93.5381,93.2817,93.2525,93.2933,93.0946,93.0221,92.6516,92.4973,92.3637,92.247,92.5165,92.7152,92.362,92.6801,92.7732,92.7004,92.5008,92.5544,92.27,91.782,91.5802,91.6392,91.2274,91.2182,91.2724,91.3649,91.4687,91.3593,91.3334,91.151,90.9513,91.0881,90.8732,90.7024,90.4373,89.9782,89.7358,89.4889,89.1532,89.0385,88.6745,88.5002,88.0996,87.8335,87.5182,87.2963,87.006,86.797,86.6327,86.529,86.5125,86.6618,86.7484,86.7952,86.8098,86.8599,86.7379,86.6184,86.5755,86.6084,86.7007,86.8899,87.178,87.5494,87.885,88.2811,88.7047,89.1356,89.5433,89.9428,90.2664,90.4438,90.3536,90.1106,90.0183,90.1196,90.3187,90.5366,90.7932,91.1139,91.551,92.2558,93.1677,93.8213,94.1378,94.382,94.5905,94.7435,94.8988,95.0182,95.086,95.1033,95.1298,95.2218,95.2589,95.318,95.3915,95.4585,95.5524,95.629,95.7266,95.8238,95.8488,95.8746,95.9158,95.9561,95.9767,95.995,95.9706,95.9771,95.946,96.0102,96.0408,96.0677,96.0791,96.1006,96.119,96.1597,96.1466,96.1759,96.1528,96.1413,96.1525,96.1576,96.1857,96.1803,96.2022,96.2441,96.256,96.2951,96.3273,96.3254,96.3303,96.3193,96.3289,96.3194,96.3066,96.3211,96.3274,96.3091,96.3181,96.3256,96.3238,96.371,96.4018,96.443,96.439,96.4378,96.4762,96.4797,96.4852,96.4875,96.4433,96.435,96.3924,96.3749,96.3732,96.3552,96.3557,96.3823,96.4221,96.4665,96.4675,96.5316,96.606,96.6126,96.6716,96.7386,96.7342,96.7507,96.7754,96.8158,96.8085,96.793,96.8275,96.805,96.7876,96.83,96.8371,96.8175,96.801,96.808,96.8247,96.8019,96.8133,96.8118,96.8183,96.8193,96.8594,96.8755,96.8956,96.8944,96.9149,96.9189,96.928,96.8848,96.8823,96.8395,96.8544,96.8309,96.8388,96.8415,96.8329,96.8319,96.8709,96.8604,96.8808,96.8658,96.8675,96.864,96.858,96.8705,96.8773,96.8547,96.8573,96.8646,96.8529,96.8451,96.8329,96.8298,96.8107,96.8083,96.8178,96.8191,96.7907,96.7913,96.8109,96.8129,96.8249,96.8245,96.7874,96.798,96.7881,96.8122,96.8255,96.8066,96.8262,96.8136,96.8018,96.821,96.7913,96.7823,96.7667,96.7411,96.7078,96.689,96.6995,96.7097,96.705,96.7127,96.7225,96.719,96.7266,96.7702,96.7404,96.7219,96.7333,96.7347,96.7384,96.72,96.7084,96.706,96.6877,96.7184,96.7235,96.7335,96.7312,96.7134,96.7045,96.695,96.683,96.6729,96.6529,96.6541,96.6259,96.629,96.6195,96.627,96.6398,96.6449,96.6462,96.641,96.619,96.5995,96.5755,96.5623,96.5675,96.5476,96.5613,96.5796,96.5872,96.5808,96.5951,96.5931,96.6058,96.5902,96.5931,96.5843,96.5581,96.5599,96.5614,96.5462,96.5455,96.5416,96.5442,96.5638,96.5418,96.5424,96.5138,96.5214,96.5316,96.5374,96.5407,96.5382,96.5135,96.5179,96.5236,96.5276,96.5228,96.5244,96.52,96.5098,96.5095,96.5122,96.5273,96.5207,96.521,96.5154,96.5093,96.5095,96.5166,96.5248,96.5427,96.5253,96.5387,96.5456,96.5595,96.555,96.5587,96.5386,96.5401,96.5198,96.5354,96.51,96.495,96.4744,96.478,96.4788,96.5054,96.4951,96.4849,96.4607,96.459,96.4625,96.4637,96.4608,96.4548,96.4566,96.4625,96.481,96.4829,96.4876,96.4936,96.48,96.4885,96.4793,96.4677,96.4611,96.4502,96.4602,96.4703,96.4715,96.4896,96.4701,96.4753,96.4716,96.4563,96.448,96.4399,96.4117,96.4087,96.3897,96.3865,96.3812,96.3851,96.4005,96.4052,96.4099,96.4311,96.4219,96.4203,96.4309,96.4296,96.4126,96.4159,96.4222,96.4044,96.42,96.423,96.4305,96.4025,96.4169,96.4103,96.4231,96.4155,96.444,96.4416,96.4492,96.4501,96.4682,96.4468,96.4423,96.4273,96.4453,96.4281,96.4169,96.4098,96.4382,96.4325,96.44,96.4614,96.4569,96.4352,96.4297,96.3958,96.4039,96.3637,96.373,96.3612,96.3714,96.3695,96.3802,96.391,96.4275,96.3986,96.3982,96.4217,96.4301,96.4306,96.4105,96.4051,96.3863,96.3817,96.4147,96.4589,96.4486,96.4665,96.4699,96.5064,96.5519,96.5795,96.6011,96.5978,96.6091,96.6097,96.6028,96.5833,96.5449,96.5098,96.5091,96.4853,96.5161,96.4737,96.4407,96.4552,96.5138,96.5584,96.5599,96.5472,96.5425,96.5096,96.5316,96.5638,96.5641,96.5099,96.4945,96.5165,96.5754,96.6353,96.6421,96.6386,96.6791,96.6626,96.6738,96.7033,96.6506,96.6122,96.5928,96.5858,96.571,96.562,96.5872,96.6266,96.6104,96.6502,96.6407,96.622,96.6666,96.6907,96.6969,96.7228,96.6828,96.7073,96.7137,96.7063,96.7175,96.6628,96.6557,96.7075,96.6893,96.7189,96.6986,96.7489,96.8303,96.7818,96.7902,96.8725,96.8768,96.8784,96.8449,96.8903,96.881,96.8614,96.9313,97.0213,96.8878,96.7938,96.7976,96.8239,96.7213,96.6778,96.6744,96.6587,96.6184,96.74,96.8146,96.89,96.9289,97.0203,97.0582,97.0614,97.0396,97.182,97.1951,97.1721,97.0461,97.0797,97.1372,97.1688,97.2168,97.344,97.2169,97.1995,97.1754,97.2275,97.2512,97.2243,97.2158,97.1875,97.1475,97.2564,97.2922,97.4734,97.6075,97.5533,97.6326,97.7172,97.7705,97.7152,97.6716,97.5616,97.5937,97.6185,97.7003,97.7436,97.6054,97.5837,97.7462,97.7474,97.9368,97.7739,97.6747,97.6929,97.6316,97.7011,97.7829,97.6969,97.6014,97.5154,97.4982,97.6629,97.7434,97.8329,97.854,97.6443,97.7144,97.9392,97.9588,97.9612,97.7318,97.56,97.5463,97.3288,97.4334,97.3342,97.2205,97.2589,97.3252,97.4352,97.5401,97.5912,97.8898,97.9848,98.0575,97.9381,97.8312,97.8711,97.8239,97.9037,97.6338,97.7237,97.7217,97.7352,97.9058,98.0046,97.9243,97.7894,97.7674,98.0577,98.0463,98.0195,98.2376,98.2191,97.9755,98.0982,98.4059,98.4526,98.3185,98.2256,98.429,98.1311,98.0718,98.458,98.4792,98.541,98.5955,98.6603,98.6517,98.7903,99.0194,99.2338,99.3203,99.4372,99.2014,99.0628,99.0146,99.0128,98.6502,98.9657,98.5942,98.5922,98.4962,98.4986,98.5353,98.5155,98.7868,99.0031,98.4451,98.4839,98.4106,98.6272,98.7844,98.739,99.0042,98.666,98.5923,98.8858,99.104,99.079,98.8071,98.7177,98.7832,98.5657,98.8487,98.7852,98.748,98.8369,98.8357,98.8651,98.9515,99.1858,99.3548,99.0312,99.003,98.857,98.6611,98.7603,98.4695,98.572,98.2682,98.143,98.6654,98.7402,98.8807,99.0963,99.0398,99.2913,99.1149,98.9491,99.0087,98.4865,98.2872,98.2232,97.7471,97.7339,97.6909,97.4431,97.7964,97.6539,97.8668,98.0464,97.9203,98.3215,98.1038,97.8165,98.045,98.0134,98.086,98.001,98.0239,98.0035,97.6845,97.265,97.4303,97.0937,96.9965,97.3291,97.258,97.2314,97.5131,98.1266,98.3919,98.5646,98.5643,98.5405,98.0167,97.778,97.6625,97.5421,97.3608,97.2991,97.2181,97.5305,97.3422,97.8015,98.175,98.1336,97.7801,97.1257,97.167,96.9123,96.9707,97.2944,96.8898,96.654,96.4956,96.6469,96.665,96.8472,96.8582,96.5666,96.2392,96.0253,95.9596,96.1229,96.3754,96.7595,96.3909,96.3697,96.1361,96.1108,96.5039,96.5702,96.6629,96.4455,96.3707,96.7725,96.8511,97.4928,97.7982,97.9128,98.0932,98.1329,98.0447,98.0508,97.9224,98.0123,97.7237,97.6506,97.2939,97.1807,97.202,97.1757,96.9344,97.1459,97.2805,97.5598,97.3848,97.7462,97.6293,97.5692,97.6611,97.9569,98.2431,97.9744,97.5417,97.9075,97.7465,97.9191,98.1992,98.3952,98.3874,97.8241,98.2075,98.2945,98.2026,98.1862,98.0545,97.8999,97.7432,97.8155,98.1208,98.0373,98.1879,98.0674,98.1019,98.251,18.1373,69.3662,-213.889,675,
F_3498A2/412_F_None_0.608_VVS2,100.764,0.8398,-5.82959,110.807,101.989,43.6615,456.431,125.47,0.0172168,-0.735004,5.88977,-81.8025,3030.84, ,0,-59.5238,-48.2456,22.1088,91.9746,92.981,93.9375,93.6195,93.4909,93.2759,93.5638,92.6829,93.0144,92.5779,92.0244,91.6026,91.9517,91.4077,91.7885,90.9287,91.6433,91.9466,91.9895,92.1044,91.9937,91.9639,92.6325,92.9132,93.4006,92.884,92.6366,92.4484,92.1457,91.8694,91.5959,91.4258,91.118,90.8251,91.0118,90.9447,90.8488,90.8146,90.6614,90.6095,90.5555,90.7838,90.3801,90.4572,90.8054,90.5445,91.0189,91.0155,90.8586,91.149,91.2429,90.8213,90.6767,90.8108,91.39,90.9337,91.1063,91.6908,91.7736,91.6373,92.7951,92.5386,92.7479,92.28,91.9994,92.7012,92.8514,92.6843,92.7843,92.7562,93.3293,93.0568,93.0744,93.3443,93.468,92.7938,92.281,92.1169,91.7857,91.6209,91.4411,92.1888,92.4265,91.8408,92.3631,93.2512,93.3676,93.5081,93.517,93.703,92.9099,92.6545,92.4003,92.2363,92.2178,91.8813,91.7423,91.4751,90.98,91.1305,91.1352,91.1611,91.2987,90.6051,90.8495,91.169,91.0082,91.364,91.6928,91.5111,91.7211,91.2196,91.9921,92.4394,92.086,92.4193,92.5323,92.6874,92.9304,93.0143,92.9836,92.289,91.6136,91.4888,91.4604,91.4676,91.2693,91.3065,90.9681,91.2684,91.5907,92.114,91.9274,92.1182,92.1535,91.5202,92.1972,92.7798,92.8054,92.7302,92.1406,92.2523,92.2087,91.4057,91.3408,90.8968,90.7613,90.4187,90.3676,90.6732,90.7956,90.8511,91.0875,91.4183,91.4158,91.0661,91.4527,91.3911,91.4845,91.5866,91.5701,91.6871,91.6209,91.7078,91.7173,91.7739,91.7046,92.0742,92.191,92.1454,92.0579,91.9686,91.9955,92.1896,92.2143,92.506,91.9116,91.8819,91.8121,92.1382,92.3425,92.344,92.3938,92.329,92.2974,92.5429,92.4173,92.4156,92.3419,92.3418,92.3079,92.319,92.4744,92.5558,92.4327,92.5645,92.719,92.7947,92.9737,93.1555,93.3002,93.4091,93.4022,93.392,93.3852,93.3247,93.2818,93.1998,93.1044,93.0361,92.9688,92.8859,92.8095,92.7324,92.6372,92.5416,92.418,92.3044,92.148,91.9871,91.8215,91.6557,91.4911,91.3489,91.1932,91.0925,90.9476,90.8358,90.7188,90.662,90.5787,90.4687,90.3688,90.2831,90.1627,90.1519,90.1708,90.2053,90.2081,90.2681,90.331,90.3523,90.3929,90.3913,90.3022,90.2177,90.0964,89.9597,89.9342,90.0015,90.1119,90.2491,90.4505,90.7822,91.05,91.32,91.7194,91.86,91.7417,91.8711,91.657,91.8465,91.9788,92.4709,92.8715,93.1898,93.7967,94.2591,94.5043,95.1526,95.5407,95.9249,96.3991,97.2236,97.5826,98.0029,98.9627,99.7492,100.381,100.785,101.345,101.838,102.018,102.533,103.014,103.632,104.341,105.462,106.857,107.797,109.002,109.866,110.08,110.596,111.085,111.151,111.056,110.683,110.895,110.612,111.323,112.357,112.594,112.857,113.2,113.486,113.725,113.749,113.907,113.571,113.39,113.628,113.469,113.538,113.331,113.574,113.872,113.952,113.924,113.84,113.947,114.189,114.6,114.71,114.665,114.46,114.502,114.71,114.769,114.156,114.067,113.8,113.981,113.885,113.951,114.038,113.534,113.581,114.218,113.875,113.495,112.94,112.736,112.195,111.578,111.598,111.347,110.698,110.369,109.913,109.942,109.591,109.458,109.087,108.943,108.722,108.825,109.036,108.843,108.615,108.609,108.484,108.555,108.466,107.921,107.384,107.004,107.213,106.927,106.92,106.764,106.522,106.078,106.283,106.291,106.14,105.918,105.813,105.479,105.498,105.431,105.525,105.182,105.119,105.04,104.883,104.873,104.763,104.83,104.802,104.648,104.67,104.475,104.302,104.235,103.916,103.696,103.237,103.034,102.913,102.675,102.581,102.446,102.183,102.282,102.216,102.469,102.33,102.21,102.282,102.516,102.694,102.629,102.498,102.576,102.109,102.149,102.348,102.341,101.996,101.753,101.799,101.854,101.589,101.719,101.744,101.348,101.38,101.364,101.525,101.406,101.476,101.652,101.386,101.223,101.545,101.236,101.488,101.153,101.426,101.197,101.133,101.729,101.898,101.92,102.254,102.051,102.479,102.42,102.417,102.395,101.818,101.58,101.302,101.017,101.12,100.671,100.621,100.841,100.882,101.115,101.36,101.338,101.536,101.346,101.686,101.775,101.74,101.607,101.621,101.605,101.852,101.632,101.982,101.958,101.882,101.716,101.714,101.827,101.587,101.54,101.636,101.447,101.359,101.482,101.527,101.552,101.731,102.029,101.627,101.664,101.706,101.897,101.656,101.668,101.72,101.516,101.607,101.921,102.133,102.032,101.705,101.703,101.599,101.642,101.501,101.45,101.325,101.113,101.22,101.4,101.414,101.606,101.722,101.985,101.848,102.003,102.307,102.248,102.222,102.186,102.092,101.874,101.584,101.484,101.643,101.225,101.059,101.309,101.399,101.333,101.598,101.653,102.029,102.141,102.333,102.386,102.228,102.149,102.147,102.065,101.999,101.919,101.743,102.095,102.141,102.363,102.774,103.446,103.916,103.906,103.596,103.409,103.033,102.962,102.257,102.003,101.817,101.512,101.61,101.606,101.589,101.304,101.631,101.997,102.305,102.279,102.319,102.517,102.867,103.163,103.499,103.205,103.18,102.97,103.004,103.041,102.988,102.823,103.139,103.118,103.249,103.156,102.979,102.784,102.934,102.842,103.169,102.924,102.985,103.21,103.729,103.478,103.708,104.12,104.448,104.071,103.993,103.994,103.863,103.591,104.492,103.999,103.726,103.917,103.662,103.41,103.339,103.743,104.034,103.322,103.017,103.007,102.562,103.384,103.57,103.661,103.439,103.11,103.665,104.323,103.791,104.487,103.803,104.694,105.044,104.992,105.648,105.524,105.201,105.539,105.177,105.837,105.629,105.509,104.977,104.201,104.6,105.245,104.88,105.136,105.059,104.335,104.552,105.396,105.245,104.182,104.391,104.635,104.039,104.66,105.239,106.08,104.831,105.077,106.34,106.181,106.378,106.605,105.996,106.104,104.983,105.358,106.654,106.16,105.498,105.689,104.764,104.966,104.296,104.477,106.19,105.261,106.049,107.192,107.336,108.32,108.234,109.125,108.079,108.306,108.066,107.188,107.024,105.122,106.151,106.519,106.521,107.449,106.315,105.159,105.558,104.85,106.197,104.706,105.198,105.388,105.207,105.279,108.403,107.702,108.454,110.034,111.224,109.962,108.464,109.765,110.65,107.773,109.309,109.271,106.75,104.871,105.54,103.919,102.772,101.569,103.975,103.885,103.769,105.279,106.813,105.443,108.856,110.629,111.736,111.853,112.601,113.361,113.296,114.344,116.232,116.986,116.571,115.66,114.014,111.348,111.805,109.338,106.844,106.062,106.31,105.469,107.361,108.651,109.537,110.293,112.399,111.576,112.503,111.129,113.002,110.658,110.624,110.169,108.645,111.053,112.037,109.575,108.205,106.902,106.661,105.91,106.15,106.579,101.852,104.887,107.215,107.837,108.506,107.103,106.325,107.7,102.88,104.829,103.266,103.977,103.034,106.236,110.962,111.138,109.766,112.344,114.995,114.399,112.869,117.877,113.535,114.449,114.071,116.482,121.199,116.655,120.011,121.958,117.945,116.456,118.18,121.712,124.844,121.029,125.164,119.843,119.593,122.012,119.759,116.37,114.865,107.172,104.175,100.63,99.481,94.9451,98.3081,103.905,104.208,99.8649,102.224,105.524,108.083,106.578,104.715,97.6047,96.4863,95.0756,96.4863,98.3466,95.306,93.7856,97.4197,103.544,102.413,99.8584,98.6047,101.142,101.978,105.245,111.046,110.781,111.319,114.76,112.573,106.386,102.676,104.003,100.282,97.4508,94.3748,93.3295,94.8475,93.6237,98.3466,94.2531,88.1295,91.374,91.9072,99.8536,101.104,101.867,102.363,99.013,101.52,104.381,102.638,99.869,95.6861,95.7024,92.589,100.253,101.387,106.501,106.308,103.682,102.453,103.002,96.8947,97.6374,96.0681,97.3416,97.2986,96.3399,102.231,104.016,101.989,106.821,108.738,109.597,107.312,106.504,104.251,100.8,101.944,105.727,106.699,107.143,103.593,104.715,102.09,105.787,104.451,102.039,94.5963,93.6826,91.4355,90.7515,89.1041,88.9112,88.4788,89.4377,90.7747,94.2062,94.0653,92.0676,93.8998,93.0563,91.943,90.9129,88.2282,88.7817,88.9404,87.9665,89.191,88.4286,89.7464,91.11,91.3237,92.9094,90.9244,91.5526,91.4211,91.9499,92.4816,92.3423,92.6242,91.3539,93.4324,94.2602,94.2714,95.2835,95.4177,95.4512,95.2893,93.9995,93.4582,91.4421,89.5682,88.9388,88.6519,87.2716,85.5863,86.1932,87.5575,89.3527,90.3791,92.4585,91.5785,91.0435,91.8844,93.4787,93.1362,92.056,92.1053,92.0266,92.4233,92.9178,93.5462,94.0526,93.8236,94.6912,94.8784,94.2018,93.393,91.4573,91.2308,92.1639,92.116,91.1508,89.8253,90.7643,91.6234,91.8682,93.4809,93.4262,92.6289,92.6215,91.9694,93.1283,92.8947,92.0339,92.4126,92.3581,91.8149,91.789,92.2967,92.2593,91.6983,91.8667,90.9372,90.3058,91.0577,91.2556,91.1609,91.2602,92.1323,92.3757,91.2178,92.009,92.7475,90.9194,90.6054,90.6054,89.0715,90.116,89.8678,90.7006,91.038,89.627,90.3357,91.7194,92.2693,91.3518,91.6053,90.936,91.1937,90.6281,91.8353,91.3941,91.1831,90.6136,93.4095,92.8108,93.3006,93.0665,94.2926,93.0442,95.0532,-3.96825,453.704,-879.63,-67.2043,
W_1741A2/168_D_None_0.502_VS1,100.647,0.0346352,-0.27591,96.6625,101.684,111.165,474.635,102.869,0.00205366,0.0888463,0.278075,-82.8451,6530.67, ,-0,68.1034,108.333,156.579,101.709,100.962,101.02,101.149,101.123,101.122,101.444,101.995,102.649,102.543,102.582,101.992,102.084,101.875,101.47,101.345,101.146,101.193,100.583,100.701,101.273,101.073,101.306,101.137,101.222,101.55,101.56,102.116,102.175,102.186,102.061,102.304,102.868,103.09,102.721,102.478,101.823,102.126,102.14,102.065,101.677,101.665,101.528,101.501,101.988,102.146,102.304,102.39,102.495,102.501,102.218,102.26,102.019,101.847,102.12,101.732,101.209,101.366,101.557,101.333,100.921,101.323,101.086,101.152,101.009,101.394,101.46,101.395,102.223,102.462,102.137,102.026,102.05,102.274,102.358,102.479,102.239,102.26,101.706,101.938,101.758,101.351,101.36,101.268,100.708,101.119,100.517,100.96,100.973,101.162,101.093,101.133,100.997,101.425,101.148,101.393,101.382,101.476,101.191,101.232,101.119,100.945,100.911,101.027,100.919,100.96,100.614,101.219,101.373,101.855,102.303,102.126,102.156,102.099,102.164,102.624,102.284,102.45,101.711,101.479,101.899,101.895,101.689,101.529,101.012,101.123,100.913,101.284,101.188,101.228,101.561,101.621,101.311,101.499,101.437,101.529,101.757,102.223,102.118,101.689,101.881,102.268,102.4,102.439,102.353,102.108,101.918,101.978,102.063,102.238,101.863,101.555,101.143,101.204,101.226,101.054,100.696,101.059,100.642,101.04,101.311,101.581,101.66,101.953,102.026,102.33,102.111,102.608,102.383,102.303,102.536,102.674,102.264,102.593,102.14,102.445,102.458,102.699,102.691,102.761,102.793,102.614,102.117,102.651,102.536,102.014,101.979,102.067,101.712,101.249,101.688,101.884,101.376,101.039,101.444,101.025,100.966,101.163,101.497,101.262,100.832,101.226,101.438,101.231,101.628,101.579,101.489,101.548,101.844,102.437,102.321,102.105,102.181,102.271,102.265,102.227,101.912,101.442,100.944,100.984,101.246,100.974,101.069,101.105,101.473,101.741,101.732,101.95,102.045,101.8,102.07,101.897,102.073,101.868,101.745,101.949,101.955,101.831,101.968,101.821,101.89,101.808,101.776,101.89,101.864,101.975,102.006,101.999,102.018,101.997,102.028,102.098,102.113,102.087,102.139,102.138,102.116,102.149,102.149,102.164,102.194,102.212,102.267,102.249,102.286,102.359,102.397,102.437,102.454,102.468,102.484,102.473,102.459,102.446,102.418,102.352,102.355,102.357,102.327,102.334,102.323,102.379,102.396,102.367,102.407,102.357,102.36,102.372,102.309,102.324,102.283,102.222,102.206,102.179,102.161,102.132,102.157,102.139,102.142,102.163,102.199,102.195,102.149,102.167,102.151,102.141,102.173,102.145,102.119,102.081,102.076,102.097,102.081,102.102,102.107,102.098,102.087,102.111,102.126,102.105,102.112,102.129,102.136,102.156,102.137,102.141,102.128,102.108,102.146,102.143,102.135,102.105,102.06,102.072,102.084,102.075,102.094,102.098,102.099,102.093,102.104,102.105,102.113,102.106,102.102,102.086,102.071,102.065,102.058,102.041,102.062,102.045,102.057,102.038,102.027,102.015,101.995,101.986,102.011,101.984,101.987,101.953,101.993,101.999,101.978,101.986,101.99,101.969,101.974,101.954,101.984,101.957,101.953,101.954,101.96,101.967,101.967,101.95,101.952,101.92,101.926,101.916,101.903,101.912,101.89,101.896,101.91,101.922,101.919,101.924,101.925,101.93,101.901,101.893,101.863,101.851,101.836,101.847,101.823,101.819,101.834,101.827,101.837,101.864,101.852,101.854,101.839,101.85,101.854,101.828,101.832,101.843,101.813,101.808,101.794,101.778,101.766,101.734,101.728,101.721,101.706,101.719,101.719,101.706,101.738,101.739,101.75,101.75,101.745,101.738,101.729,101.734,101.749,101.728,101.721,101.741,101.745,101.734,101.735,101.723,101.714,101.701,101.674,101.655,101.637,101.636,101.644,101.632,101.617,101.612,101.615,101.627,101.641,101.628,101.609,101.607,101.617,101.63,101.619,101.625,101.62,101.603,101.617,101.624,101.632,101.613,101.603,101.608,101.603,101.598,101.604,101.562,101.559,101.542,101.553,101.566,101.555,101.54,101.54,101.537,101.579,101.584,101.593,101.6,101.586,101.596,101.596,101.601,101.625,101.648,101.638,101.64,101.624,101.628,101.629,101.639,101.645,101.622,101.591,101.586,101.579,101.57,101.58,101.575,101.582,101.591,101.596,101.588,101.603,101.616,101.619,101.611,101.61,101.592,101.584,101.587,101.586,101.589,101.575,101.566,101.543,101.534,101.529,101.517,101.511,101.524,101.505,101.511,101.503,101.528,101.55,101.57,101.576,101.586,101.582,101.592,101.596,101.626,101.622,101.611,101.618,101.626,101.623,101.617,101.605,101.594,101.608,101.647,101.646,101.612,101.616,101.603,101.613,101.633,101.632,101.621,101.6,101.622,101.638,101.623,101.626,101.616,101.597,101.606,101.602,101.576,101.549,101.577,101.589,101.58,101.586,101.61,101.592,101.592,101.616,101.616,101.578,101.569,101.575,101.573,101.554,101.579,101.572,101.564,101.587,101.591,101.603,101.61,101.597,101.582,101.588,101.615,101.614,101.604,101.631,101.62,101.636,101.654,101.674,101.658,101.654,101.642,101.651,101.649,101.677,101.697,101.713,101.74,101.741,101.738,101.731,101.727,101.731,101.717,101.703,101.711,101.705,101.716,101.716,101.745,101.756,101.747,101.732,101.707,101.692,101.694,101.698,101.684,101.687,101.694,101.707,101.743,101.787,101.788,101.779,101.8,101.826,101.843,101.829,101.83,101.801,101.791,101.802,101.847,101.819,101.802,101.813,101.844,101.864,101.865,101.87,101.862,101.841,101.847,101.857,101.852,101.804,101.806,101.823,101.855,101.875,101.837,101.852,101.888,101.9,101.963,101.97,101.973,101.937,101.937,101.979,101.994,101.952,101.927,101.919,101.924,101.975,101.984,101.978,101.984,101.997,101.981,102.019,102.014,101.977,101.983,101.956,101.968,101.953,101.974,102.018,102.001,102,102.018,102.015,102.056,102.036,102.082,102.089,102.084,102.054,102.102,102.143,102.08,102.091,102.103,102.084,102.065,102.081,102.123,102.069,102.062,102.13,102.062,102.08,102.101,102.106,102.116,102.078,102.15,102.155,102.149,102.151,102.191,102.137,102.096,102.129,102.21,102.098,102.018,102.082,102.189,102.175,102.223,102.328,102.274,102.169,102.269,102.359,102.323,102.259,102.348,102.376,102.286,102.283,102.407,102.391,102.376,102.381,102.436,102.334,102.298,102.409,102.35,102.384,102.414,102.409,102.355,102.366,102.415,102.475,104.026,104.658,104.635,104.706,104.817,104.972,105.035,105.112,105.055,103.186,102.68,102.696,102.658,102.538,102.499,102.444,102.455,102.644,102.594,102.517,102.579,102.616,102.736,102.844,102.908,102.685,102.466,102.378,102.459,102.481,102.586,102.493,102.386,102.431,102.7,102.924,102.849,102.858,102.706,102.573,102.624,102.711,102.642,102.62,102.461,102.62,102.589,102.664,102.675,102.815,102.79,102.726,102.641,102.605,102.567,102.495,102.542,102.523,102.49,102.555,102.677,102.586,102.84,102.869,102.831,102.897,102.967,102.901,102.746,102.742,102.985,102.82,102.727,102.763,102.589,102.461,102.457,102.468,102.084,101.969,102.08,102.183,102.36,102.399,102.389,102.35,102.432,102.844,103.016,102.942,102.918,102.616,102.693,102.993,102.793,102.91,103.093,102.75,102.711,102.831,102.961,102.894,102.645,102.886,102.488,102.179,101.931,101.915,101.932,101.887,101.737,101.723,101.448,101.656,101.629,101.871,101.766,101.697,101.58,101.669,101.711,102.031,102.037,102.441,102.86,102.575,102.49,102.52,102.525,102.155,101.939,101.809,101.645,101.277,101.879,101.79,101.832,101.831,102.41,102.598,102.678,102.429,102.496,102.272,102.164,102.265,102.168,101.822,101.945,101.917,101.73,101.439,101.613,101.664,101.456,101.576,101.694,101.354,101.622,101.59,102.062,101.745,101.599,102.032,102.375,102.593,102.448,102.077,102.389,102.044,101.974,102.251,101.723,101.508,101.675,101.781,101.806,101.841,102.281,102.382,102.566,102.862,102.72,102.145,101.926,101.81,101.468,101.279,101.264,100.994,100.798,100.865,101.174,101.719,102.106,102.102,101.667,101.526,101.704,101.84,101.891,101.727,101.196,100.977,100.908,100.997,101.441,101.226,101.289,100.956,100.954,101.155,101.153,101.757,101.866,101.799,101.871,101.542,101.759,101.831,101.879,102.235,101.994,102.106,101.872,101.885,102.237,102.167,102.233,102.284,101.812,101.911,102.156,102.252,102.525,102.253,102.203,102.294,102.175,102.491,102.317,101.909,101.952,101.673,102.428,102.375,102.31,102.378,102.37,102.659,102.937,102.971,102.858,102.253,102.525,102.405,102.243,102.233,101.891,101.62,101.482,101.723,101.828,101.852,102.022,102.182,102.25,102.33,102.627,103.05,102.963,103.074,103.044,102.952,103.045,78.9216,84.8592,219.444,552.778,
F_1741A2/168_D_None_0.502_VS1,100.459,-0.12817,-0.00476519,109.308,101.192,39.7676,502.496,101.45,0.000605295,0.129901,0.128259,-177.871,3004.95, ,266.667,86.5646,-250.439,-35.8844,102.86,103.45,104.143,104.423,104.525,104.108,104,104.435,104.675,104.307,103.67,103.308,103.741,103.386,104.189,103.391,103.742,103.954,104.192,104.325,104.103,103.403,103.799,103.862,104.394,104.225,103.994,103.657,103.074,102.99,103.353,103.343,103.325,102.961,102.856,103.486,103.837,104.224,104.117,103.586,103.497,103.297,102.961,102.947,102.751,102.191,102.012,102.447,101.811,102.131,102.159,102.095,102.154,102.385,102.145,102.106,100.937,101.989,101.669,101.603,102.536,102.496,102.696,103.179,102.876,104.496,104.953,104.711,105.243,105.392,105.302,104.934,104.556,105.493,104.866,103.935,103.787,103.44,102.15,102.491,102.324,103.095,103.06,102.8,102.879,103.276,102.782,103.366,102.925,103.036,102.525,101.951,101.893,101.752,101.912,102.607,102.707,102.324,102.215,102.11,102.243,102.289,102.489,101.863,101.274,101.243,101.851,101.712,101.925,101.997,101.971,101.72,102.217,102.327,102.402,102.665,102.724,102.881,102.852,103.425,103.22,103.339,103.353,103.237,102.92,103.582,103.362,103.358,102.711,103.433,103.596,103.319,103.39,103.231,102.771,102.644,102.795,103.399,103.106,102.879,102.66,102.344,102.217,101.85,101.878,101.546,101.395,101.121,101.004,101.005,101.291,101.635,101.812,102.087,102.528,102.516,102.832,102.96,103.423,103.261,103.423,103.663,103.524,103.34,102.999,103.004,102.993,102.99,102.833,102.576,102.446,102.312,102.408,102.635,102.871,102.954,102.677,102.96,102.76,102.845,102.895,102.929,102.994,102.879,102.769,103.027,102.826,102.885,102.89,103.017,102.969,102.964,103.013,103.127,102.843,102.828,102.796,102.696,102.599,102.63,102.692,102.724,102.72,102.708,102.727,102.711,102.711,102.793,102.81,102.845,102.887,102.905,102.944,103.01,103.048,103.092,103.102,103.133,103.135,103.134,103.149,103.149,103.122,103.109,103.104,103.102,103.062,103.059,103.043,103.061,103.059,103.037,103.056,103.035,103.008,103.068,103.119,103.155,103.12,103.103,103.111,103.064,103.036,102.956,102.906,102.764,102.702,102.545,102.547,102.516,102.549,102.404,102.527,102.502,102.606,102.565,102.686,102.773,102.531,102.367,102.335,102.39,102.316,102.334,102.231,102.167,102.063,102.101,102.05,101.945,101.773,101.655,101.519,102.096,102.076,102.163,102.249,102.162,102.068,101.774,101.747,101.693,101.284,100.892,100.806,100.705,100.687,100.887,101.228,100.888,101.089,100.982,100.816,100.996,101.061,100.958,100.996,100.808,101.125,100.785,101.01,101.545,101.143,101.001,101.144,101.088,101.064,101.165,101.127,101.028,100.852,101.046,100.859,100.785,100.606,100.661,100.677,100.987,100.728,100.656,100.646,101.103,101.533,101.585,101.582,101.717,101.615,101.996,102.088,102.165,101.831,101.52,101.672,101.729,101.689,101.884,101.682,101.786,101.981,101.928,101.752,101.662,101.504,101.317,101.138,101.287,101.544,101.277,101.497,101.377,101.353,101.296,101.164,100.918,100.757,100.537,100.838,100.65,100.685,100.725,100.856,100.857,101.102,101.329,100.893,100.609,100.755,100.928,101.208,101.316,101.405,101.368,101.306,101.736,101.652,101.793,101.844,101.491,101.396,101.279,101.238,101.153,101.036,101.048,100.757,100.6,100.737,100.593,100.824,100.898,100.793,101.016,101.065,101.216,101.389,101.199,101.32,101.174,100.993,101.079,100.973,101.073,100.986,100.557,100.875,100.738,100.803,100.755,100.722,100.676,100.894,101.004,101.379,101.167,101.438,101.342,101.354,101.498,101.539,101.355,101.303,101.36,101.459,101.338,101.538,101.577,101.325,101.343,101.451,101.646,101.512,101.552,101.599,101.384,101.672,101.846,101.646,101.619,101.24,101.413,101.254,101.07,101.318,101.147,101.238,101.508,101.349,101.66,101.417,101.528,101.538,101.127,101.19,101.126,100.824,100.808,100.572,100.736,100.843,100.857,101.014,100.969,100.885,101.108,101.204,101.605,101.644,101.273,101.234,101.376,101.511,101.667,101.543,101.513,101.377,101.344,101.321,100.982,100.948,100.578,100.552,100.659,100.64,100.657,100.65,100.912,101.12,101.188,101.423,101.018,101.025,101.148,101.164,100.978,101.019,101.261,101.33,101.271,101.431,101.5,101.401,101.05,100.959,100.603,100.63,100.202,100.371,100.499,100.392,100.232,100.347,100.587,100.948,100.839,101.289,101.005,101.103,101.212,101.534,101.566,101.382,101.355,101.402,101.021,101.14,101.04,100.979,100.703,100.985,101.098,101.103,101.327,101.216,101.278,101.391,101.248,101.32,101.192,100.776,100.732,100.573,100.791,100.898,100.799,101.094,101.184,100.932,101.401,101.61,101.967,102.314,101.891,101.708,101.47,101.14,101.302,101.279,100.634,100.328,100.041,100.095,100.314,100.29,100.351,100.086,100.752,101.158,100.919,101.247,101.353,101.078,101.19,101.345,101.442,101.117,101.244,101.309,100.971,100.933,101.136,101.112,101.215,100.801,100.523,100.403,101.074,100.939,100.952,101.313,101.058,101.292,101.698,101.163,101.558,101.539,101.865,102.15,102.2,102.425,102.005,101.847,102.229,101.516,100.805,100.528,99.9777,99.6355,99.3322,99.7753,99.8484,99.7179,100.265,101.257,101.49,101.796,101.652,101.386,100.544,101.042,100.855,100.421,99.3686,99.4821,99.0721,100.097,101.266,101.593,101.114,102.1,102.748,103.468,102.973,103.842,103.64,102.764,102.554,102.926,102.463,102.632,101.794,102.436,102.008,101.246,101.948,102.99,102.853,102.566,102.566,103.241,103.229,104.538,104.16,104.052,102.893,102.651,103.106,102.053,101.824,101.435,100.702,100.66,99.8942,99.332,100.289,100.413,100.835,101.22,100.189,99.7583,100.318,100.575,101.901,100.533,101.152,101.655,99.8663,101.146,101.321,101.94,101.596,101.84,103.741,103.692,103.73,103.73,103.617,104.452,104.649,105.384,104.659,102.182,101.615,100.606,101.673,100.796,101.54,101.813,100.368,100.282,100.87,100.007,100.698,99.7055,100.738,97.5871,96.8202,95.3246,95.9999,96.9953,97.7283,97.9135,99.6575,99.8918,101.434,99.7689,102.579,102.366,102.603,101.451,101.194,101.376,100.571,99.0248,100.154,100.901,102.002,101.691,105.233,103.776,102.943,103.323,104.815,105.519,106.989,106.196,107.052,103.636,103.61,102.183,101.104,100.914,100.742,97.9847,99.0621,97.3019,99.2305,103.47,105.836,105.735,104.279,105.187,106.224,104.714,106.849,104.572,102.253,102.569,103.746,106.297,103.676,103.15,103.391,100.018,99.7782,99.5248,96.8712,97.5317,97.7525,98.7407,101.095,98.0822,100.579,105.727,102.111,105.268,102.783,103.482,100.652,102.88,106.984,106.131,101.874,103.857,104.524,107.119,107.489,113.354,108.275,111.279,114.211,121.126,124.144,122.519,118.678,119.122,114.045,116.624,119.146,117.837,114.192,113.162,118.365,120.023,113.891,115.678,112.315,108.079,106.038,102.469,96.8934,91.2533,86.9569,86.0186,87.5827,91.1271,88.9668,86.5206,89.0102,93.5552,93.8606,97.659,101.649,99.2739,97.3976,95.9701,99.2766,100.029,99.6484,98.8883,99.6241,100.85,101.314,100.435,101.697,104.341,102.159,106.337,113.113,119.074,122.026,124.768,126.09,121.744,108.089,107.439,99.598,93.2055,91.0133,89.6482,89.6083,85.6946,89.3862,91.7915,91.3196,95.3975,102.959,103.795,103.363,100.432,104.214,99.1915,107.112,107.435,104.79,98.5305,98.5082,98.8925,100.795,105.475,106.87,105.886,107.285,106.133,107.774,105.233,104.342,107.417,107.983,110.212,111.024,109.054,116.463,115.882,116.922,114.951,113.851,111.827,110.495,111.941,109.989,101.835,101.191,104.394,106.233,106.397,103.145,102.57,100.294,102.426,104.564,105.885,101.538,102.176,102.54,104.266,102.397,100.44,99.6064,101.005,100.968,102.786,103.866,101.802,101.256,102.078,104.012,105.53,103.061,104.317,104.728,102.622,101.526,102.374,103.217,102.909,102.132,102.827,101.627,100.823,101.077,103.159,101.814,101.152,101.906,101.63,102.393,101.528,101.987,102.346,102.34,105.124,106.765,104.418,103.909,104.676,105.435,104.894,106.167,104.493,101.51,101.597,102.895,103.33,102.883,103.285,102.209,99.9041,100.428,101.158,101.373,101.464,101.559,101.142,101.66,102.08,103.217,103.881,104.511,103.861,105.195,105.265,105.467,104.211,105.629,105.681,106.021,106.187,104.525,104.759,105.195,105.776,105.883,105.54,105.937,105.44,104.359,106.946,105.361,105.931,106.553,106.914,106.269,105.524,106.791,107.616,107.011,108.685,106.851,105.26,106.073,105.878,107.203,106.186,105.697,105.655,102.65,103.026,102.383,101.183,101.098,100.643,100.282,100.191,99.1805,99.7289,101.216,101.207,101.291,100.74,100.099,99.0194,100.28,100.919,101.926,100.282,102.317,101.964,103.652,103.561,105.407,105.255,104.292,104.318,105.304,103.176,104.724,-11.5079,-84.2593,-417.593,24.4624,
W_Calibration,100,0,0,95.0422,100,108.876,565.016,99.9909,1.74827e-05,0.00127928,0,0,6504.1, ,100,100,100,100,100,100,100,100,100,100,100,100,100,100,100,100,100,100,100,100,100,100,100,100,100,100,100,100,100,100,100,100,100,100,100,100,100,100,100,100,100,100,100,100,100,100,100,100,100,100,100,100,100,100,100,100,100,100,100,100,100,100,100,100,100,100,100,100,100,100,100,100,100,100,100,100,100,100,100,100,100,100,100,100,100,100,100,100,100,100,100,100,100,100,100,100,100,100,100,100,100,100,100,100,100,100,100,100,100,100,100,100,100,100,100,100,100,100,100,100,100,100,100,100,100,100,100,100,100,100,100,100,100,100,100,100,100,100,100,100,100,100,100,100,100,100,100,100,100,100,100,100,100,100,100,100,100,100,100,100,100,100,100,100,100,100,100,100,100,100,100,100,100,100,100,100,100,100,100,100,100,100,100,100,100,100,100,100,100,100,100,100,100,100,100,100,100,100,100,100,100,100,100,100,100,100,100,100,100,100,100,100,100,100,100,100,100,100,100,100,100,100,100,100,100,100,100,100,100,100,100,100,100,100,100,100,100,100,100,100,100,100,100,100,100,100,100,100,100,100,100,100,100,100,100,100,100,100,100,100,100,100,100,100,100,100,100,100,100,100,100,100,100,100,100,100,100,100,100,100,100,100,100,100,100,100,100,100,100,100,100,100,100,100,100,100,100,100,100,100,100,100,100,100,100,100,100,100,100,100,100,100,100,100,100,100,100,100,100,100,100,100,100,100,100,100,100,100,100,100,100,100,100,100,100,100,100,100,100,100,100,100,100,100,100,100,100,100,100,100,100,100,100,100,100,100,100,100,100,100,100,100,100,100,100,100,100,100,100,100,100,100,100,100,100,100,100,100,100,100,100,100,100,100,100,100,100,100,100,100,100,100,100,100,100,100,100,100,100,100,100,100,100,100,100,100,100,100,100,100,100,100,100,100,100,100,100,100,100,100,100,100,100,100,100,100,100,100,100,100,100,100,100,100,100,100,100,100,100,100,100,100,100,100,100,100,100,100,100,100,100,100,100,100,100,100,100,100,100,100,100,100,100,100,100,100,100,100,100,100,100,100,100,100,100,100,100,100,100,100,100,100,100,100,100,100,100,100,100,100,100,100,100,100,100,100,100,100,100,100,100,100,100,100,100,100,100,100,100,100,100,100,100,100,100,100,100,100,100,100,100,100,100,100,100,100,100,100,100,100,100,100,100,100,100,100,100,100,100,100,100,100,100,100,100,100,100,100,100,100,100,100,100,100,100,100,100,100,100,100,100,100,100,100,100,100,100,100,100,100,100,100,100,100,100,100,100,100,100,100,100,100,100,100,100,100,100,100,100,100,100,100,100,100,100,100,100,100,100,100,100,100,100,100,100,100,100,100,100,100,100,100,100,100,100,100,100,100,100,100,100,100,100,100,100,100,100,100,100,100,100,100,100,100,100,100,100,100,100,100,100,100,100,100,100,100,100,100,100,100,100,100,100,100,100,100,100,100,100,100,100,100,100,100,100,100,100,100,100,100,100,100,100,100,100,100,100,100,100,100,100,100,100,100,100,100,100,100,100,100,100,100,100,100,100,100,100,100,100,100,100,100,100,100,100,100,100,100,100,100,100,100,100,100,100,100,100,100,100,100,100,100,100,100,100,100,100,100,100,100,100,100,100,100,100,100,100,100,100,100,100,100,100,100,100,100,100,100,100,100,100,100,100,100,100,100,100,100,100,100,100,100,100,100,100,100,100,100,100,100,100,100,100,100,100,100,100,100,100,100,100,100,100,100,100,100,100,100,100,100,100,100,100,100,100,100,100,100,100,100,100,100,100,100,100,100,100,100,100,100,100,100,100,100,100,100,100,100,100,100,100,100,100,100,100,100,100,100,100,100,100,100,100,100,100,100,100,100,100,100,100,100,100,100,100,100,100,100,100,100,100,100,100,100,100,100,100,100,100,100,100,100,100,100,100,100,100,100,100,100,100,100,100,100,100,100,100,100,100,100,100,100,100,100,100,100,100,100,100,100,100,100,100,100,100,100,100,100,100,100,100,100,100,100,100,100,100,100,100,100,100,100,100,100,100,100,100,100,100,100,100,100,100,100,100,100,100,100,100,100,100,100,100,100,100,100,100,100,100,100,100,100,100,100,100,100,100,100,100,100,100,100,100,100,100,100,100,100,100,100,100,100,100,100,100,100,100,100,100,100,100,100,100,100,100,100,100,100,100,100,100,100,100,100,100,100,100,100,100,100,100,100,100,100,100,100,100,100,100,100,100,100,100,100,100,100,100,100,100,100,100,100,100,100,100,100,100,100,100,100,100,100,100,100,100,100,100,100,100,100,100,100,100,100,100,100,100,100,100,100,100,100,100,100,
F_Calibration,100,0,0,108.104,100,39.2965,491.07,99.9909,0.000170256,0.00127928,0,0,3000.62, ,100,100,100,100,100,100,100,100,100,100,100,100,100,100,100,100,100,100,100,100,100,100,100,100,100,100,100,100,100,100,100,100,100,100,100,100,100,100,100,100,100,100,100,100,100,100,100,100,100,100,100,100,100,100,100,100,100,100,100,100,100,100,100,100,100,100,100,100,100,100,100,100,100,100,100,100,100,100,100,100,100,100,100,100,100,100,100,100,100,100,100,100,100,100,100,100,100,100,100,100,100,100,100,100,100,100,100,100,100,100,100,100,100,100,100,100,100,100,100,100,100,100,100,100,100,100,100,100,100,100,100,100,100,100,100,100,100,100,100,100,100,100,100,100,100,100,100,100,100,100,100,100,100,100,100,100,100,100,100,100,100,100,100,100,100,100,100,100,100,100,100,100,100,100,100,100,100,100,100,100,100,100,100,100,100,100,100,100,100,100,100,100,100,100,100,100,100,100,100,100,100,100,100,100,100,100,100,100,100,100,100,100,100,100,100,100,100,100,100,100,100,100,100,100,100,100,100,100,100,100,100,100,100,100,100,100,100,100,100,100,100,100,100,100,100,100,100,100,100,100,100,100,100,100,100,100,100,100,100,100,100,100,100,100,100,100,100,100,100,100,100,100,100,100,100,100,100,100,100,100,100,100,100,100,100,100,100,100,100,100,100,100,100,100,100,100,100,100,100,100,100,100,100,100,100,100,100,100,100,100,100,100,100,100,100,100,100,100,100,100,100,100,100,100,100,100,100,100,100,100,100,100,100,100,100,100,100,100,100,100,100,100,100,100,100,100,100,100,100,100,100,100,100,100,100,100,100,100,100,100,100,100,100,100,100,100,100,100,100,100,100,100,100,100,100,100,100,100,100,100,100,100,100,100,100,100,100,100,100,100,100,100,100,100,100,100,100,100,100,100,100,100,100,100,100,100,100,100,100,100,100,100,100,100,100,100,100,100,100,100,100,100,100,100,100,100,100,100,100,100,100,100,100,100,100,100,100,100,100,100,100,100,100,100,100,100,100,100,100,100,100,100,100,100,100,100,100,100,100,100,100,100,100,100,100,100,100,100,100,100,100,100,100,100,100,100,100,100,100,100,100,100,100,100,100,100,100,100,100,100,100,100,100,100,100,100,100,100,100,100,100,100,100,100,100,100,100,100,100,100,100,100,100,100,100,100,100,100,100,100,100,100,100,100,100,100,100,100,100,100,100,100,100,100,100,100,100,100,100,100,100,100,100,100,100,100,100,100,100,100,100,100,100,100,100,100,100,100,100,100,100,100,100,100,100,100,100,100,100,100,100,100,100,100,100,100,100,100,100,100,100,100,100,100,100,100,100,100,100,100,100,100,100,100,100,100,100,100,100,100,100,100,100,100,100,100,100,100,100,100,100,100,100,100,100,100,100,100,100,100,100,100,100,100,100,100,100,100,100,100,100,100,100,100,100,100,100,100,100,100,100,100,100,100,100,100,100,100,100,100,100,100,100,100,100,100,100,100,100,100,100,100,100,100,100,100,100,100,100,100,100,100,100,100,100,100,100,100,100,100,100,100,100,100,100,100,100,100,100,100,100,100,100,100,100,100,100,100,100,100,100,100,100,100,100,100,100,100,100,100,100,100,100,100,100,100,100,100,100,100,100,100,100,100,100,100,100,100,100,100,100,100,100,100,100,100,100,100,100,100,100,100,100,100,100,100,100,100,100,100,100,100,100,100,100,100,100,100,100,100,100,100,100,100,100,100,100,100,100,100,100,100,100,100,100,100,100,100,100,100,100,100,100,100,100,100,100,100,100,100,100,100,100,100,100,100,100,100,100,100,100,100,100,100,100,100,100,100,100,100,100,100,100,100,100,100,100,100,100,100,100,100,100,100,100,100,100,100,100,100,100,100,100,100,100,100,100,100,100,100,100,100,100,100,100,100,100,100,100,100,100,100,100,100,100,100,100,100,100,100,100,100,100,100,100,100,100,100,100,100,100,100,100,100,100,100,100,100,100,100,100,100,100,100,100,100,100,100,100,100,100,100,100,100,100,100,100,100,100,100,100,100,100,100,100,100,100,100,100,100,100,100,100,100,100,100,100,100,100,100,100,100,100,100,100,100,100,100,100,100,100,100,100,100,100,100,100,100,100,100,100,100,100,100,100,100,100,100,100,100,100,100,100,100,100,100,100,100,100,100,100,100,100,100,100,100,100,100,100,100,100,100,100,100,100,100,100,100,100,100,100,100,100,100,100,100,100,100,100,100,100,100,100,100,100,100,100,100,100,100,100,100,100,100,100,100,100,100,100,100,100,100,100,100,100,100,100,100,100,100,100,100,100,100,100,100,100,100,100,100,100,100,100,100,100,100,100,100,100,100,100,100,100,100,
W_3517A2/166_G_None_0.542_VS1,101.181,-0.495811,0.731954,97.6873,103.086,111.02,564.982,99.9127,0.00610393,0.449026,0.884073,124.113,6461.04, ,0,-100.87,26.1053,126.073,100.073,100.025,99.4088,99.7369,100.118,99.9668,100.192,100.317,99.9919,100.313,100.632,101.297,101.343,101.044,101.582,101.574,101.806,102.177,102.713,102.341,102.181,101.909,101.919,101.761,101.425,101.544,101.111,100.76,100.316,100.405,101.066,101.201,100.742,100.781,100.8,101.044,100.39,101.137,101.158,100.823,100.536,100.902,101.05,100.591,101.357,101.973,102.178,102.136,101.846,102.139,101.93,101.922,102.517,101.579,101.402,101.015,101.566,102.122,102.465,102.707,102.714,102.773,102.605,102.104,102.558,102.413,101.848,100.97,100.815,100.847,100.584,100.524,100.942,100.501,100.012,100.261,100.491,100.557,101.22,101.071,101.153,101.455,101.222,101.3,101.361,101.533,101.409,101.251,101.145,100.646,100.253,100.477,100.795,100.663,100.757,100.721,100.386,100.275,100.865,101.077,101.305,101.146,101.504,101.651,101.599,101.151,101.476,101.797,102.059,102.097,101.669,101.546,101.227,101.434,101.921,101.958,101.449,101.497,101.291,101.771,101.411,101.426,101.229,100.706,100.286,100.786,100.134,99.8302,99.6527,99.7904,100.023,99.8598,100.131,100.677,100.226,100.266,100.847,101.332,101.344,100.8,100.893,100.997,100.82,101.505,101.704,101.447,101.205,100.714,101.08,100.933,100.644,100.861,100.15,100.328,100.327,100.274,100.462,100.763,101.342,101.625,101.568,102.226,102.183,102.221,101.867,102.27,101.963,101.499,101.678,101.703,101.275,101.271,101.114,101.412,101.226,101.042,101.097,100.689,100.24,100.561,100.19,100.312,100.186,100.405,100.465,100.406,100.338,100.281,99.8205,100.099,99.7442,99.5477,99.2109,99.4717,99.4025,99.2327,99.3186,99.2544,99.0305,99.0712,99.016,99.0306,98.4391,98.5429,98.6955,98.5902,98.5926,98.5357,98.4569,98.1185,98.0031,98.0426,97.9158,97.9456,97.9766,97.8736,97.6443,97.7561,97.7769,97.538,97.431,97.2967,97.1555,96.7683,96.8486,96.6656,96.4285,96.0969,95.8155,95.5329,95.1801,94.7348,94.4834,94.0212,93.5647,93.0915,92.9497,92.8127,92.413,92.1588,92.0691,91.9567,91.592,91.4761,91.2423,90.8293,90.438,90.1427,90.0153,89.9461,89.8396,89.9662,90.0416,90.0762,90.0649,89.9788,89.8726,89.8352,89.8516,90.0132,90.2687,90.6912,91.1516,91.6133,92.1362,92.6607,93.1949,93.7384,94.2709,94.709,94.9023,94.806,94.5447,94.3968,94.5695,94.846,95.2088,95.5311,95.9859,96.5673,97.4849,98.6267,99.4758,99.9167,100.215,100.431,100.72,100.87,101.012,101.07,101.12,101.199,101.305,101.4,101.467,101.515,101.562,101.673,101.77,101.82,101.885,101.954,101.955,101.984,102.016,102.062,102.06,102.051,102.093,102.11,102.099,102.148,102.165,102.17,102.159,102.186,102.234,102.198,102.167,102.175,102.154,102.157,102.128,102.136,102.152,102.115,102.168,102.21,102.212,102.24,102.278,102.325,102.38,102.392,102.448,102.427,102.437,102.49,102.528,102.529,102.563,102.53,102.551,102.573,102.616,102.647,102.641,102.616,102.608,102.577,102.595,102.535,102.49,102.425,102.392,102.383,102.403,102.423,102.476,102.485,102.574,102.643,102.76,102.824,102.885,102.932,102.97,102.987,103.056,103.075,103.133,103.129,103.14,103.155,103.186,103.215,103.221,103.232,103.241,103.214,103.228,103.233,103.237,103.232,103.239,103.277,103.253,103.27,103.273,103.263,103.288,103.312,103.289,103.299,103.277,103.295,103.318,103.325,103.331,103.327,103.306,103.296,103.274,103.27,103.264,103.237,103.214,103.224,103.233,103.233,103.251,103.245,103.266,103.258,103.241,103.261,103.248,103.24,103.239,103.243,103.248,103.219,103.215,103.215,103.215,103.2,103.186,103.167,103.151,103.153,103.156,103.148,103.153,103.141,103.156,103.173,103.165,103.167,103.151,103.159,103.182,103.161,103.171,103.171,103.15,103.166,103.164,103.179,103.17,103.159,103.179,103.183,103.181,103.18,103.18,103.208,103.201,103.196,103.21,103.193,103.172,103.165,103.153,103.143,103.112,103.098,103.098,103.069,103.084,103.088,103.078,103.077,103.079,103.071,103.106,103.086,103.092,103.079,103.077,103.078,103.07,103.074,103.077,103.05,103.076,103.085,103.093,103.068,103.082,103.114,103.102,103.083,103.083,103.065,103.047,103.031,103.032,103.02,102.983,103.006,103.039,103.021,103.027,103.019,103.023,103.03,103.004,103.009,103,102.965,102.964,102.96,102.969,102.958,102.962,102.962,102.973,102.948,102.962,102.976,102.959,102.961,102.954,102.942,102.966,102.953,102.958,102.957,102.952,102.966,102.946,102.942,102.939,102.939,102.942,102.943,102.948,102.928,102.937,102.943,102.946,102.956,102.939,102.954,102.96,102.957,102.982,102.963,102.951,102.947,102.944,102.954,102.922,102.919,102.929,102.924,102.924,102.942,102.951,102.947,102.942,102.961,102.963,102.946,102.942,102.947,102.948,102.953,102.95,102.959,102.944,102.939,102.917,102.92,102.922,102.915,102.898,102.922,102.912,102.91,102.914,102.939,102.945,102.94,102.952,102.958,102.949,102.967,102.991,102.985,102.968,102.981,102.983,102.971,103.001,103.001,103.016,102.995,102.965,102.972,102.945,102.94,102.952,102.927,102.924,102.884,102.885,102.925,102.931,102.925,102.93,102.912,102.906,102.896,102.915,102.915,102.905,102.911,102.92,102.928,102.931,102.94,102.938,102.92,102.934,102.956,102.968,102.977,102.98,103.009,103.025,103.043,103.031,103.048,103.052,103.053,103.075,103.071,103.043,103.063,103.051,103.063,103.047,103.058,103.045,103.037,103.031,103.066,103.028,103.039,103.088,103.104,103.083,103.062,103.082,103.13,103.106,103.1,103.112,103.066,103.067,103.065,103.1,103.08,103.055,103.034,103.045,103.051,103.037,103.024,103.048,103.085,103.079,103.115,103.139,103.167,103.172,103.201,103.194,103.152,103.152,103.149,103.094,103.131,103.12,103.129,103.167,103.215,103.23,103.206,103.22,103.251,103.241,103.243,103.257,103.203,103.197,103.233,103.204,103.206,103.24,103.232,103.253,103.222,103.299,103.286,103.254,103.284,103.266,103.259,103.304,103.289,103.349,103.334,103.375,103.453,103.466,103.459,103.405,103.338,103.35,103.291,103.316,103.334,103.29,103.219,103.178,103.237,103.343,103.355,103.361,103.356,103.3,103.297,103.386,103.506,103.444,103.399,103.39,103.343,103.355,103.276,103.25,103.218,103.257,103.32,103.268,103.237,103.227,103.125,103.284,103.337,103.351,103.243,103.176,103.211,103.281,103.344,103.376,103.292,103.286,103.356,103.4,103.431,103.429,103.539,103.597,103.779,103.788,103.819,103.728,103.86,103.907,103.952,103.751,103.739,103.63,103.561,103.415,103.548,103.421,103.368,103.291,103.3,103.113,102.998,103.118,103.131,103.004,103.054,103.022,103.155,103.263,103.425,103.438,103.436,103.618,103.57,103.465,103.443,103.263,103.316,103.376,103.509,103.614,103.551,103.74,103.596,103.712,103.809,103.571,103.548,103.221,102.99,103.002,102.933,103.035,103.263,103.312,103.569,103.542,103.683,103.693,103.626,103.545,103.954,103.768,103.898,103.604,103.534,103.804,103.894,103.902,103.771,103.466,103.467,103.376,103.347,103.636,103.784,103.757,103.958,104.033,103.855,103.65,103.445,103.71,103.477,103.127,103.047,103.172,103.633,103.777,103.6,103.717,103.747,103.794,103.995,104.168,104.114,103.72,103.668,104.172,104.038,103.895,103.512,103.283,103.146,102.974,103.331,103.29,103.017,102.968,102.911,103.345,103.359,103.35,103.161,102.799,102.76,102.563,102.739,102.838,102.898,102.935,102.739,102.767,102.464,102.71,102.934,103.107,103.002,102.907,103.249,103.596,103.836,104.143,103.672,103.723,103.606,103.291,103.212,102.786,102.449,101.949,101.889,102.529,102.271,102.494,102.588,102.564,102.444,102.854,102.884,102.983,102.917,103.501,102.984,103.487,103.632,103.663,103.459,103.942,103.667,103.384,103.208,103.516,103.236,103.355,102.976,103.598,103.418,103.695,103.732,103.502,103.359,103.282,102.763,103.048,102.355,102.498,102.213,102.457,102.431,102.633,103.278,103.503,103.235,102.963,102.653,102.512,102.232,102.576,102.404,101.797,101.928,102.732,103.412,103.595,104.252,104.396,103.937,103.987,103.936,104.191,103.763,103.461,103.705,103.342,103.337,103.838,103.794,103.963,103.848,103.916,103.712,103.491,103.457,103.279,103.112,102.935,103.354,102.949,102.891,103.378,103.705,104.08,104.251,104.085,104.107,103.502,103.89,103.813,103.516,103.252,102.869,102.338,102.541,102.896,103.443,103.033,103.35,103.474,103.363,103.565,103.625,103.699,103.341,103.165,103.573,103.732,103.687,103.681,103.507,103.696,103.546,103.695,103.65,103.235,102.854,102.784,102.843,102.802,103.002,103.305,103.26,103.031,103.529,103.472,103.722,104.04,104.454,104.583,104.285,104.623,104.942,-99.5918,-49.6842,-4880,380.8,
F_3517A2/166_G_None_0.542_VS1,100.733,1.42789,-7.03765,111.107,101.908,44.3958,578.012,128.395,0.0209892,-1.50259,7.18104,-78.5307,3023.44, ,-200,155.556,-93.3333,-1.7094,87.7215,87.3131,87.5739,87.9199,88.2649,87.757,89.087,88.9688,89.3023,89.5608,89.6958,89.8178,89.7108,90.1334,90.7558,90.5409,90.3316,90.4001,90.1224,90.8483,90.6748,90.4724,90.3411,90.1608,90.1737,91.1417,90.545,90.8431,90.1002,89.9793,90.0279,90.1951,90.1498,89.6414,89.9608,90.2076,89.9168,90.4651,90.4607,89.9053,89.0417,89.3577,89.6876,88.585,88.2765,88.0435,87.9507,87.9005,88.3962,88.2163,87.9396,88.0925,88.1227,88.3097,88.5112,88.1284,88.3845,88.6121,89.219,89.0428,88.766,89.0966,89.5006,89.2991,89.1048,89.2787,89.1542,89.307,90.2108,90.5806,90.1986,90.4408,91.2299,91.7147,91.6017,91.63,91.362,90.7575,90.8337,91.0849,90.1496,89.6773,89.5324,89.152,88.9408,89.249,89.5409,89.2683,89.2917,89.803,90.1296,90.3053,90.8868,90.2187,89.8908,90.2696,89.8913,89.7437,90.0124,89.5511,89.7739,89.4327,90.3392,90.5888,90.007,90.0681,90.5717,90.1021,90.5637,89.8444,89.1902,89.3202,89.4955,89.0516,89.2246,88.6906,89.3939,89.1183,89.2213,89.852,89.6323,89.3392,89.128,88.9566,88.7007,88.0087,88.1184,88.8145,89.1486,89.0803,88.9182,89.3345,89.734,89.6855,90.1474,90.4857,90.1728,90.2215,90.2605,90.3227,89.9515,89.639,89.7551,89.7147,89.4717,89.4639,89.3262,89.2415,89.3512,89.5979,89.4976,89.5636,89.4648,89.6013,89.5005,89.4804,89.3943,89.41,89.3048,89.5315,89.663,89.5644,89.6716,89.9695,90.0675,89.9482,89.8287,89.8255,89.7485,89.6587,89.785,89.7601,89.4539,89.4755,89.757,89.7496,90.1411,90.2533,90.4261,90.4513,90.5436,90.6318,90.4714,90.5198,90.5704,90.3786,90.4165,90.3785,90.4388,90.3219,90.2355,90.2663,90.2743,90.2992,90.3219,90.4929,90.6738,90.905,91.2308,91.3951,91.6202,91.6808,91.736,91.8602,91.8111,91.7298,91.5687,91.4322,91.374,91.2514,91.1313,91.04,90.9449,90.8304,90.7023,90.576,90.4447,90.2892,90.1227,89.9643,89.7676,89.5364,89.3475,89.1695,89.0247,88.8579,88.6868,88.575,88.4453,88.3338,88.2458,88.118,88.014,87.8715,87.7723,87.7109,87.6082,87.5807,87.5654,87.5986,87.6632,87.7225,87.7392,87.7806,87.7302,87.6551,87.5206,87.5586,87.6153,87.6731,87.738,88.017,88.4324,88.7606,89.1821,89.4191,89.5884,89.6329,89.8183,89.9012,90.089,89.9499,90.3401,90.8482,91.5106,91.9868,92.7187,93.243,93.9803,94.6946,95.3928,96.169,96.7333,97.5675,98.2875,99.1974,100.233,101.154,101.862,102.576,102.87,103.363,103.962,104.767,105.214,105.693,106.635,107.316,108.146,109.032,110.001,110.758,111.454,112.15,112.967,113.287,113.455,113.978,113.988,114.105,114.535,115.024,115.742,116.042,116.198,116.711,116.562,116.992,117.038,117.079,117.078,116.902,116.511,116.461,116.327,116.567,116.674,116.415,116.279,115.982,115.897,116.098,115.919,115.761,115.644,115.226,115.254,114.899,115.026,114.595,114.188,114.003,113.596,113.329,113.311,113.414,113.438,113.105,113.07,112.82,112.776,112.908,112.719,112.486,112.091,111.729,111.305,111.106,111.112,110.937,110.38,110.052,109.857,109.559,109.501,109.471,109.132,109.152,108.771,108.738,108.863,108.809,108.399,107.921,107.908,107.713,107.199,107.185,107.109,106.432,105.959,105.828,105.947,105.763,105.481,105.433,105.125,104.709,104.672,104.671,104.996,104.731,104.544,104.664,104.47,104.578,104.504,104.334,104.419,103.762,103.799,103.587,103.577,103.443,103.226,103.203,103.079,102.771,103.162,102.786,102.708,102.359,102.295,102.422,102.302,102.256,102.441,102.136,102.121,102.091,102.08,102.322,101.908,101.891,102.131,101.918,101.918,101.879,101.736,101.824,101.446,101.3,101.313,101.167,101.233,101.577,101.692,101.64,101.659,101.493,101.646,101.731,101.552,101.453,101.181,101.236,101.277,101.27,101.508,101.567,101.42,101.636,101.802,101.637,101.287,101.246,101.108,101.357,101.353,101.329,101.131,101.111,101.159,101.56,101.573,101.552,101.4,101.218,101.253,101.237,101.171,101.055,100.873,100.991,101.34,101.094,101.395,101.502,101.69,101.413,101.748,101.939,101.739,101.435,101.77,101.497,101.547,101.558,101.67,101.371,101.201,101.289,101.2,101.05,101.415,101.375,101.278,101.268,101.659,101.565,101.87,101.826,101.916,101.641,101.951,101.896,101.853,101.811,102.103,101.821,101.904,101.812,101.784,101.46,101.507,101.693,101.574,101.32,101.431,101.842,101.67,102.091,102.078,102.208,102.36,102.224,102.339,102.366,101.876,102.244,101.984,102.193,102.219,102.047,102.002,101.971,101.985,102.134,102.122,102.051,101.926,101.691,102.048,102.367,102.701,102.633,102.604,102.409,102.343,102.058,101.966,101.753,101.758,101.692,101.38,101.484,101.863,102.072,102.414,102.586,102.529,102.403,102.873,103.347,103.327,103.229,103.254,103.238,103.296,103.084,103.062,102.851,103.003,103.1,103.184,103.106,103.22,103.323,103.893,103.6,103.281,103.053,103.553,103.373,103.393,103.571,103.737,103.321,103.86,103.847,104.026,103.594,103.329,103.843,103.476,103.731,104.132,104.316,104.427,104.778,104.827,104.925,104.521,105.306,105.425,105.302,104.73,104.219,103.994,104.633,105.063,105.102,104.556,104.489,104.122,105.054,105.593,105.898,105.737,105.681,105.951,105.832,105.763,106.61,106.452,107.224,106.56,105.532,105.994,105.774,105.831,105.971,105.711,105.567,105.759,105.921,106.299,105.922,106.217,105.62,105.251,105.31,104.73,103.9,103.494,104.196,104.494,103.859,105.072,105.445,104.814,105.668,105.398,106.248,105.817,106.557,107.054,106.672,106.691,106.837,106.394,105.875,104.968,105.718,104.741,104.947,105.042,105.15,104.698,104.618,104.969,106.295,105.329,105.521,105.05,105.016,105.465,105.142,105.555,105.267,104.637,104.027,103.021,103.227,103.689,102.817,103.761,104.705,105.294,107.134,108.306,108.925,109.114,107.68,108.692,109.871,108.639,110.365,108.773,109.003,109.758,110.05,110.528,109.116,108.331,107.051,105.968,104.783,104.518,104.606,105.269,105.523,105.775,106.333,107.932,108.497,110.364,111.853,110.658,109.794,110.227,112.769,112.412,112.136,110.26,109.64,107.83,108.558,108.209,108.102,106.183,107.066,108.484,110.142,111.709,114.495,115.81,117.413,117.496,116.223,114.212,113.141,115.182,112.171,111.841,109.964,110.154,109.399,111.56,111.665,111.162,108.64,111.421,108.313,107.651,106.184,108.005,107.566,106.813,106.204,106.004,105.351,107.677,108.52,112.12,109.91,111.227,114.856,114.986,116.099,115.582,115.852,115.755,113.079,115.194,113.965,113.275,116.168,116.877,113.725,115.088,115.225,111.161,112.352,110.667,108.722,108.033,106.153,111.565,107.866,107.437,109.667,104.946,107.197,108.863,104.994,103.968,101.381,100.774,101.781,98.4045,103.362,102.664,100.135,107.484,104.344,102.434,100.907,100.139,101.999,99.7667,100.508,102.463,94.0385,100.893,107.266,108.745,109.507,112.761,119.333,118.813,120.257,121.763,114.332,107.79,114.333,115.389,113.568,108.941,109.02,108.064,111.437,116.54,117.557,112.507,111.036,114.658,118.41,118.672,116.695,118.363,119.099,118.467,115.687,111.039,107.461,101.413,101.863,100.559,97.3592,94.5033,101.456,104.864,106.807,103.153,104.096,102.669,107.25,111.284,108.249,100.962,98.9192,99.7519,105.753,109.1,106.686,99.3747,95.421,100.148,98.1854,100.147,100.91,100.939,101.367,107.398,109.468,112.06,108.225,109.272,108.111,104.437,105.474,102.831,102.677,103.719,102.668,102.365,101.403,103.116,106.863,105.516,107.692,102.812,100.437,100.429,102.949,100.745,97.1344,94.6614,89.3731,86.5866,85.9169,87.0483,86.5516,82.3982,85.4173,84.2687,84.0943,86.373,86.9902,86.1939,88.4559,87.7213,90.711,89.5987,90.6853,91.7446,93.298,92.3971,92.9438,92.7766,93.8312,93.7832,93.7711,93.1666,91.6579,90.3239,91.0119,91.5134,89.9631,89.8897,89.6985,89.6477,90.4804,91.6006,92.5817,92.1798,93.419,95.0364,93.1155,93.1556,93.5002,93.6773,93.6069,91.6808,90.5781,88.445,87.1348,88.513,88.1677,88.3599,87.9168,87.1414,89.5698,90.2939,91.1095,89.8931,90.5281,91.6037,91.3989,91.4085,92.4599,91.2776,91.0975,91.992,93.5082,91.4338,91.135,90.9839,91.1441,90.8441,89.6076,89.5481,88.8238,88.1584,89.0153,88.9254,88.5993,87.3486,87.6991,89.415,89.2826,88.7473,87.9172,88.781,89.147,89.4198,91.3725,89.1738,87.2978,88.1241,89.2718,89.7232,88.2774,87.2209,86.4577,86.5378,88.3755,90.5703,91.6445,90.7062,90.3689,90.5173,91.8021,93.9218,92.5525,91.1859,90.2208,89.6852,89.641,89.354,91.4124,91.0737,89.8141,90.6126,91.923,92.5061,91.9364,92.3276,92.466,91.4414,90.4923,90.3471,89.6344,89.941,89.7228,89.3965,89.1512,89.6382,89.1297,88.9515,89.897,90.2503,91.5862,91.1828,91.1881,90.7618,90.8178,91.441,91.3732,90.975,90.5956,88.5761,89.2946,89.9948,91.1387,7.40741,-70.7071,-1533.33,74.7475,
W_1737A2/195_F_Faint_0.504_SI1,101.212,-0.252312,0.214327,97.9061,103.168,111.968,554.675,102.231,0.00160884,0.31123,0.331054,139.654,6498.27, ,0,100.87,125.474,37.2775,99.4136,99.2477,99.4862,99.4659,100.103,100.077,100.853,101.203,100.672,101.136,101.921,102.242,102.385,102.619,103.035,103.043,102.759,103.327,103.427,103.15,103.129,102.733,102.142,101.912,101.81,102.047,101.843,101.397,101.133,100.552,101.372,101.415,101.501,101.241,101.324,101.388,101.15,101.233,101.518,101.357,101.588,101.625,101.663,101.026,101.6,102.173,102.25,102.402,102.095,101.606,101.401,101.545,102.611,101.588,101.831,101.669,101.676,102.289,103.027,103.147,103.25,102.859,103.271,102.611,102.738,102.973,102.688,102.086,102.259,102.265,102.214,102.03,102.518,102.463,102.313,102.118,102.359,101.831,101.963,101.581,101.99,102.166,102.268,101.918,102.093,101.908,102.097,102.25,102.417,101.727,101.165,101.191,101.585,101.514,101.858,101.454,101.051,101.06,101.587,101.702,101.805,101.95,102.013,102.129,102.618,102.418,102.544,102.547,103.044,102.902,102.277,102.65,102.161,101.799,101.999,102.064,101.869,101.446,101.62,101.932,101.235,101.389,101.487,101.353,100.985,100.972,101.148,100.731,100.7,100.767,100.861,100.721,100.707,101.322,101.384,101.203,101.676,101.959,102.227,102.026,102.251,102.324,101.968,101.88,102.08,101.98,101.828,101.53,101.582,101.367,101.518,101.435,101.403,101.063,101.122,100.849,100.947,100.944,101.334,101.68,101.723,102.418,102.524,102.287,102.389,102.484,102.285,101.819,101.392,101.974,101.304,101.492,101.527,101.321,101.172,101.522,101.943,101.95,101.162,101.406,101.208,101.276,101.393,101.403,100.949,100.83,100.79,100.885,100.54,100.544,100.061,100.041,99.9123,100.361,100.355,100.199,99.9449,99.8173,99.6213,99.7069,99.4663,99.293,98.9252,98.8137,98.9048,99.1303,99.3022,99.2105,99.4326,99.6708,99.7447,99.6007,99.6439,99.4857,99.5724,99.5743,99.4088,99.4137,98.8546,98.6667,98.9872,98.8829,98.9948,98.6725,98.6708,98.702,98.218,98.1416,97.8093,97.2883,96.9431,96.552,96.4348,96.0116,95.6382,95.2818,95.1387,95.1272,94.7601,94.5327,94.3242,94.1163,93.8518,93.5621,93.4662,93.2511,92.8759,92.6858,92.6505,92.6695,92.6109,92.7327,92.8283,92.8305,92.8057,92.707,92.624,92.5299,92.5759,92.7234,92.9815,93.3744,93.8443,94.2799,94.7769,95.2756,95.7989,96.2986,96.796,97.1792,97.3527,97.2143,96.9318,96.7918,96.8966,97.1345,97.3848,97.662,98.0466,98.5857,99.4429,100.488,101.231,101.639,101.871,102.11,102.332,102.445,102.54,102.563,102.582,102.616,102.688,102.73,102.776,102.804,102.87,102.924,102.992,103.015,103.069,103.081,103.089,103.084,103.101,103.096,103.133,103.098,103.138,103.115,103.124,103.154,103.161,103.147,103.164,103.144,103.173,103.119,103.094,103.06,103.056,103.048,103.011,102.985,103.003,102.973,103.006,103.022,103.047,103.036,103.065,103.102,103.121,103.107,103.144,103.141,103.156,103.185,103.187,103.164,103.201,103.197,103.229,103.231,103.225,103.216,103.186,103.181,103.177,103.135,103.131,103.067,103.02,103.001,103.002,103.004,102.989,103.011,103.045,103.059,103.098,103.16,103.222,103.275,103.299,103.354,103.38,103.384,103.422,103.464,103.504,103.498,103.499,103.512,103.514,103.501,103.491,103.493,103.48,103.441,103.454,103.45,103.44,103.444,103.459,103.48,103.47,103.465,103.457,103.429,103.414,103.422,103.397,103.387,103.374,103.354,103.361,103.34,103.356,103.342,103.342,103.353,103.34,103.333,103.321,103.302,103.319,103.327,103.337,103.329,103.316,103.317,103.321,103.324,103.314,103.307,103.271,103.267,103.268,103.267,103.265,103.252,103.248,103.237,103.245,103.239,103.224,103.201,103.189,103.187,103.181,103.177,103.19,103.165,103.164,103.179,103.165,103.169,103.162,103.179,103.189,103.168,103.183,103.197,103.185,103.206,103.211,103.227,103.221,103.216,103.231,103.232,103.221,103.214,103.213,103.244,103.225,103.206,103.2,103.189,103.187,103.2,103.202,103.198,103.178,103.17,103.171,103.17,103.171,103.153,103.138,103.138,103.131,103.11,103.11,103.103,103.121,103.109,103.126,103.128,103.118,103.114,103.118,103.113,103.139,103.123,103.134,103.114,103.121,103.134,103.133,103.114,103.119,103.099,103.081,103.077,103.07,103.081,103.08,103.081,103.086,103.067,103.052,103.05,103.047,103.06,103.032,103.019,103.028,103.013,103.034,103.032,103.038,103.029,103.006,103.02,103.024,102.997,103.016,103.007,103.01,103.003,103,103.012,102.998,102.992,103.011,102.999,102.993,103.006,103.018,103.019,103.011,103.003,102.987,102.984,103.001,103.014,103.002,102.996,103.018,103.038,103.037,103.075,103.081,103.079,103.062,103.07,103.063,103.055,103.054,103.078,103.059,103.043,103.065,103.07,103.055,103.069,103.045,103.023,103.005,102.994,103.016,102.984,102.981,102.995,102.985,103.011,103.026,103.041,103.033,103.015,103.004,102.999,102.993,102.987,102.971,102.975,102.959,102.956,102.964,102.98,102.995,102.99,103.009,103.012,103.007,103.028,103.058,103.054,103.027,103.046,103.047,103.04,103.075,103.087,103.083,103.093,103.07,103.102,103.071,103.086,103.102,103.073,103.059,103.043,103.013,103.046,103.024,103.026,103.018,103.007,103.022,103.029,103.046,103.039,103.033,103.05,103.062,103.055,103.052,103.041,103.033,103.042,103.077,103.081,103.107,103.106,103.116,103.123,103.146,103.164,103.127,103.109,103.121,103.127,103.161,103.182,103.16,103.176,103.17,103.197,103.22,103.231,103.218,103.189,103.186,103.223,103.182,103.188,103.212,103.223,103.203,103.192,103.215,103.233,103.211,103.208,103.21,103.193,103.18,103.197,103.201,103.213,103.213,103.194,103.235,103.245,103.211,103.238,103.252,103.278,103.239,103.23,103.292,103.312,103.323,103.384,103.369,103.339,103.362,103.39,103.4,103.381,103.329,103.33,103.342,103.335,103.379,103.343,103.307,103.265,103.223,103.213,103.224,103.209,103.278,103.278,103.247,103.297,103.322,103.374,103.401,103.387,103.346,103.298,103.248,103.315,103.319,103.333,103.36,103.422,103.439,103.485,103.441,103.524,103.534,103.517,103.499,103.482,103.425,103.445,103.499,103.571,103.518,103.437,103.441,103.548,103.582,103.58,103.569,103.575,103.589,103.604,103.674,103.731,103.661,103.658,103.648,103.631,103.564,103.439,103.444,103.495,103.492,103.517,103.498,103.484,103.508,103.472,103.646,103.676,103.647,103.624,103.588,103.549,103.61,103.661,103.721,103.65,103.617,103.638,103.681,103.731,103.803,103.825,103.773,103.905,103.909,103.93,103.91,103.967,103.931,103.844,103.803,103.829,103.785,103.78,103.682,103.731,103.624,103.703,103.868,103.905,103.662,103.543,103.731,103.803,103.919,103.938,103.946,103.865,103.901,104.093,103.937,103.792,103.971,103.723,103.734,103.648,103.702,103.692,103.923,104.152,104.154,103.913,103.936,103.871,104.036,103.971,103.982,103.858,103.697,103.616,103.642,103.806,103.865,103.85,104.096,104.138,104.064,104.112,104.165,104.079,104.022,104.389,104.375,103.971,103.724,103.609,103.695,103.543,103.903,103.74,103.402,103.401,103.373,103.703,104.045,103.993,104.159,104.159,104.324,103.991,103.641,103.755,103.805,103.762,103.955,103.857,103.798,103.893,104.412,104.443,104.652,104.456,104.31,104.714,104.841,104.952,104.601,104.394,104.756,104.569,104.319,103.879,103.164,103.18,102.931,103.152,103.078,102.883,102.719,102.906,103.633,103.718,103.678,103.675,103.571,103.487,103.564,103.615,103.523,103.405,103.456,103.293,103.129,102.943,103.086,102.909,103.082,103.29,103.197,103.513,103.66,104.022,104.422,104.344,104.182,103.901,103.681,103.783,103.549,103.468,103.258,102.872,103.113,103.245,103.617,103.355,103.289,103.48,103.609,103.597,104.191,104.287,104.509,104.375,105.05,104.958,104.433,104.401,104.497,103.924,103.813,103.522,103.486,102.884,102.796,102.716,102.885,102.901,103.269,103.341,103.705,103.726,104.023,103.971,104.246,104.17,103.952,103.711,103.675,103.32,103.137,103.259,103.158,102.81,102.333,102.382,102.275,101.984,102.087,102.214,101.972,101.887,102.486,102.674,102.891,103.086,103.243,103.255,103.306,103.141,103.794,103.699,104.013,104.292,103.958,103.761,104.035,104.035,104.125,103.875,103.708,103.382,103.25,103.462,103.694,103.837,103.89,104.209,104.094,104.31,104.116,104.145,104.356,104.494,103.918,103.759,103.453,103.483,103.241,103.572,103.287,103.037,102.617,102.932,103.376,103.741,103.45,103.656,103.98,104.108,104.408,104.376,104.665,104.641,104.428,104.982,104.958,104.665,104.548,104.419,104.656,104.466,104.334,104.289,103.776,103.826,103.65,103.624,103.505,103.494,103.663,103.493,103.636,103.819,103.971,104.45,104.643,104.791,105.016,104.827,105.028,104.983,-47.3469,125.474,14480,579.2,
F_1737A2/195_F_Faint_0.504_SI1,102.225,3.16738,-31.9291,116.591,105.865,64.3726,467.827,225.176,0.0991825,0.580343,32.0858,-84.3348,3283.18, ,-100,421.333,3.2,80,94.8238,94.3763,94.73,95.0028,94.8102,94.6081,94.4739,94.0063,94.0692,94.6052,94.4443,93.7793,93.6253,94.239,93.8822,93.5902,93.9612,93.8691,93.7593,94.2213,94.4517,94.3035,93.7593,93.8584,94.3618,94.6584,94.7441,94.4663,93.9554,93.9681,94.062,93.9883,93.7108,93.6253,94.0145,94.0297,94.1709,94.7454,94.4461,93.9556,94.2889,94.6491,94.4597,93.4557,93.4268,93.902,93.6306,93.8614,93.9741,93.4408,93.468,93.6026,93.7822,93.9653,93.3979,93.1257,92.812,93.0295,93.4739,93.5176,93.4423,93.3319,92.8756,92.6368,92.4036,92.8613,92.8633,92.833,93.1154,93.3432,93.4275,94.0956,94.5573,95.0798,94.8989,94.888,94.1287,93.4486,93.1514,93.1809,92.5833,91.9633,92.2569,91.4282,91.3184,91.9352,92.3723,92.2632,92.1168,92.1398,92.8475,92.5513,93.6334,93.1982,93.0253,93.1606,93.1167,93.5022,93.8247,93.543,94.0573,93.7291,94.1124,93.9476,93.7972,93.892,94.0938,94.2198,94.4912,93.6918,93.8418,94.0499,94.527,94.5398,94.6782,94.6578,94.4501,94.3256,94.7164,94.6776,94.7261,94.8252,94.5905,94.1527,93.7723,93.3787,93.6101,93.6285,93.7864,93.805,93.6739,93.8525,94.2838,93.6903,93.7201,94.1397,93.5409,93.3253,93.0913,92.8124,92.5108,92.0668,92.2996,92.4494,92.0313,92.2737,92.3385,92.6283,92.5602,92.4789,92.4073,92.4627,92.4545,92.7324,92.6544,92.776,92.449,92.913,93.3507,93.4562,93.6175,93.6198,93.5165,93.6706,93.8902,93.9493,93.6603,93.5986,93.651,93.6925,93.6652,93.6088,93.6796,93.6583,93.7055,93.8121,93.9978,93.9077,93.901,94.2225,94.5597,94.5046,94.2644,94.2771,94.2165,94.0121,94.066,93.9719,93.8173,93.7612,93.7121,93.7831,93.8636,93.9598,94.0865,94.2113,94.4785,94.6962,94.7338,94.9725,95.2297,95.2865,95.3207,95.3754,95.3075,95.2224,95.0541,94.994,94.8782,94.7932,94.6999,94.6311,94.548,94.4731,94.3726,94.2995,94.1704,94.0581,93.9136,93.7678,93.5891,93.4039,93.2323,93.0804,92.9241,92.7942,92.6438,92.5256,92.4364,92.3346,92.2236,92.0758,91.9321,91.7751,91.6473,91.5673,91.4473,91.3353,91.3307,91.3415,91.4254,91.5165,91.521,91.5236,91.4956,91.4657,91.406,91.3725,91.4807,91.5243,91.5264,91.7987,92.142,92.438,92.7099,92.9347,93.0774,93.2023,93.268,93.3788,93.5906,93.7254,93.9973,94.6657,95.1776,96.0109,96.9914,98.0064,99.2722,100.567,102.485,105.377,108.783,112.409,115.075,117.419,120.073,122.386,124.654,126.45,127.059,126.817,127.343,129.51,132.178,135.259,139.393,143.767,148.304,152.961,157.535,161.482,164.149,166.127,167.617,168.145,167.728,167.777,167.188,167.389,168.348,170.295,172.81,174.793,176.17,177.76,178.399,179.397,179.525,178.991,178.343,177.525,176.468,176.043,175.982,176.012,176.485,176.785,177.3,177.64,178.136,179.143,179.259,179.458,179.266,178.393,177.76,176.903,175.996,174.299,172.712,171.724,170.657,170.041,169.463,169.43,168.888,168.198,167.993,167.437,166.993,166.158,165.445,164.554,162.914,161.307,159.925,158.589,157.792,156.857,155.519,154.537,153.332,152.747,152.143,151.559,150.909,150.162,149.02,148.296,147.35,146.588,145.046,143.815,143,141.922,140.708,139.887,139.009,137.845,136.843,136.178,135.577,134.83,133.906,133.358,132.32,131.115,130.317,129.59,129.155,128.387,127.407,126.899,126.077,125.529,125.154,124.218,123.468,122.331,121.775,121.117,120.683,120.163,119.461,118.654,118.311,117.844,117.814,117.121,116.644,115.822,115.046,114.892,114.668,114.451,114.275,113.822,113.571,113.308,112.99,112.84,112.192,111.852,111.432,110.929,110.371,109.925,109.55,109.457,108.998,108.863,108.77,108.358,108.249,108.54,108.751,108.467,108.132,107.862,107.555,107.247,107.094,106.961,106.497,106.152,106.16,106.242,106.199,106.151,105.943,105.98,106.043,105.988,105.911,105.687,105.642,106.029,106.111,106.268,106.2,106.058,105.997,106.01,105.877,105.377,104.998,104.859,104.51,104.376,104.05,103.868,103.823,103.959,104.265,103.976,104.14,104.301,104.301,104.162,104.358,104.126,103.75,103.476,103.856,103.432,103.512,103.572,103.972,103.383,103.442,103.534,103.491,103.347,103.811,103.563,103.381,103.027,103.546,103.171,103.218,102.975,102.914,102.459,102.764,102.76,102.676,102.68,103.097,103.189,103.344,103.284,103.523,103.413,103.261,103.398,103.341,102.996,102.998,103.27,103.184,103.119,102.861,103.023,103.09,102.818,103.31,103.23,103.044,103.152,103.162,103.469,103.603,103.356,103.641,103.486,103.698,103.857,103.746,103.572,103.325,103.198,103.404,103.431,103.239,103.138,103.265,103.26,103.378,103.509,103.57,103.468,103.307,103.487,103.378,103.404,103.754,103.809,103.808,103.636,103.772,103.505,103.588,103.543,103.425,103.227,102.907,102.978,102.966,102.763,103.087,103.219,103.653,103.675,103.439,103.623,103.612,104.091,104.506,104.099,104.014,103.716,103.597,103.942,104.197,104.255,104.131,103.535,104.179,104.547,104.72,104.382,104.109,104.362,104.181,104.225,105.161,105.016,104.712,104.794,105.456,105.461,105.611,105.549,105.609,105.32,105.219,105.144,105.02,105.185,105.4,104.8,105.509,105.547,105.355,105.799,105.737,106.167,106.135,106.186,106.568,106.222,105.918,106.201,105.979,105.928,105.847,105.241,105.67,105.241,104.757,105.601,105.244,105.719,106.038,105.277,105.447,105.785,106.346,106.498,106.142,106.708,105.682,105.154,105.173,105.983,105.628,105.584,105.968,106.034,105.695,106.61,106.726,108.205,108.105,108.716,108.761,108.169,107.935,107.998,107.418,107.916,106.498,105.613,104.537,105.039,105.846,104.835,104.014,103.553,104.154,105.681,105.32,106.022,105.499,105.008,106.892,107.997,108.964,107.848,107.702,107.891,107.247,106.687,107.343,105.938,106.171,107.316,108.603,109.102,109.8,109.757,109.564,109.446,111.2,111.299,109.754,109.132,107.781,108.414,109.08,109.698,109.127,107.46,106.745,107.126,108.524,108.534,108.805,109.724,110.489,110.803,111.794,113.933,113.94,113.239,112.391,112.941,112.429,112.159,111.927,114.773,113.594,113.461,112.981,116.144,114.955,114.692,114.506,116.268,114.475,116.725,117.892,116.894,115.523,116.879,117.928,118.651,118.74,118.28,114.506,114.233,117.981,117.62,118.302,117.79,118.478,117.649,118.536,119.61,118.954,113.257,113.197,109.182,107.443,107.956,109.269,108.087,107.535,107.516,111.707,110.799,112.986,112.92,116.465,113.808,115.834,116.249,116.438,115.311,117.575,117.125,119.164,111.957,114.034,109.847,112.112,111.617,112.497,111.905,111.748,109.437,110.22,109.859,110.619,109.948,110.835,106.106,106.939,108.786,113.369,112.25,109.079,112.296,114.642,115.339,116.745,114.588,117.344,116.306,119.741,121.954,119.946,114.116,115.538,114.215,111.16,108.869,106.012,102.315,102.697,104.513,110.517,105.459,107.607,115.907,113.766,121.647,121.647,127.608,125.533,125.751,126.105,125.003,123.837,124.892,119.239,122.434,118.091,118.694,118.53,121.285,120.678,114.668,115.637,114.137,114.59,117.405,121.921,116.168,116.475,120.383,120.106,120.798,117.934,116.844,113.909,112.443,112.7,110.852,108.563,113.466,113.351,119.137,116.772,116.264,112.653,114.709,115.22,112.869,108.597,109.151,108.427,110.095,112.156,109.707,106.628,107.573,109.936,110.682,110.289,106.219,111.162,115.078,117.978,116.699,115.97,112.4,113.4,110.956,108.687,105.777,104.132,105.186,105.631,105.169,108.409,107.447,110.71,113.886,114.223,112.11,109.14,106.741,107.238,104.475,102.893,98.5783,96.6249,92.5511,94.3423,94.1283,96.22,96.9326,98.5188,100.789,99.1218,101.247,102.891,100.292,100.284,100.052,98.9267,99.6132,97.2099,99.6028,98.1245,98.1404,99.2372,98.2619,99.4672,101.933,101.151,100.4,99.349,99.5335,98.7167,97.9358,98.2948,98.1712,94.9505,95.1507,94.3957,94.8884,95.9465,97.2644,96.6378,96.6469,95.9648,95.896,95.217,96.1772,96.2064,96.2399,94.4918,95.5363,95.5289,94.6766,95.0846,94.5539,95.3527,94.136,92.6045,94.5015,92.9147,93.2966,93.7534,94.9285,96.3763,95.5353,96.6615,97.5721,97.067,96.7526,96.3756,96.8117,94.4615,93.2936,93.335,93.404,92.0547,91.433,92.0789,93.7021,92.3061,92.944,94.6685,95.8725,94.3275,95.7091,96.7155,96.8061,94.5273,94.2086,94.7429,93.728,92.944,95.2313,93.7276,91.5962,90.3116,91.7721,92.2361,92.886,92.1509,91.8944,91.6468,93.895,95.5911,99.0115,98.9071,98.8141,98.7198,100.32,100.022,99.1471,96.9763,95.1606,94.3423,93.6387,93.3228,93.4861,93.3228,92.9942,92.4108,93.7527,94.2582,93.8999,94.0994,94.2496,94.0715,93.0043,94.2083,94.9135,94.4646,95.3667,93.1106,93.3648,93.299,91.9763,91.9113,91.6936,91.8673,91.7543,91.2604,92.1674,91.1984,91.7167,92.7985,91.9977,90.4178,90.3097,89.7781,90.2118,90.663,91.2818,97.7778,-70.303,-720,99.3939,
W_Calibration,100,0,0,95.0422,100,108.876,565.016,99.9909,1.74827e-05,0.00127928,0,0,6504.1, ,0,100,100,100,100,100,100,100,100,100,100,100,100,100,100,100,100,100,100,100,100,100,100,100,100,100,100,100,100,100,100,100,100,100,100,100,100,100,100,100,100,100,100,100,100,100,100,100,100,100,100,100,100,100,100,100,100,100,100,100,100,100,100,100,100,100,100,100,100,100,100,100,100,100,100,100,100,100,100,100,100,100,100,100,100,100,100,100,100,100,100,100,100,100,100,100,100,100,100,100,100,100,100,100,100,100,100,100,100,100,100,100,100,100,100,100,100,100,100,100,100,100,100,100,100,100,100,100,100,100,100,100,100,100,100,100,100,100,100,100,100,100,100,100,100,100,100,100,100,100,100,100,100,100,100,100,100,100,100,100,100,100,100,100,100,100,100,100,100,100,100,100,100,100,100,100,100,100,100,100,100,100,100,100,100,100,100,100,100,100,100,100,100,100,100,100,100,100,100,100,100,100,100,100,100,100,100,100,100,100,100,100,100,100,100,100,100,100,100,100,100,100,100,100,100,100,100,100,100,100,100,100,100,100,100,100,100,100,100,100,100,100,100,100,100,100,100,100,100,100,100,100,100,100,100,100,100,100,100,100,100,100,100,100,100,100,100,100,100,100,100,100,100,100,100,100,100,100,100,100,100,100,100,100,100,100,100,100,100,100,100,100,100,100,100,100,100,100,100,100,100,100,100,100,100,100,100,100,100,100,100,100,100,100,100,100,100,100,100,100,100,100,100,100,100,100,100,100,100,100,100,100,100,100,100,100,100,100,100,100,100,100,100,100,100,100,100,100,100,100,100,100,100,100,100,100,100,100,100,100,100,100,100,100,100,100,100,100,100,100,100,100,100,100,100,100,100,100,100,100,100,100,100,100,100,100,100,100,100,100,100,100,100,100,100,100,100,100,100,100,100,100,100,100,100,100,100,100,100,100,100,100,100,100,100,100,100,100,100,100,100,100,100,100,100,100,100,100,100,100,100,100,100,100,100,100,100,100,100,100,100,100,100,100,100,100,100,100,100,100,100,100,100,100,100,100,100,100,100,100,100,100,100,100,100,100,100,100,100,100,100,100,100,100,100,100,100,100,100,100,100,100,100,100,100,100,100,100,100,100,100,100,100,100,100,100,100,100,100,100,100,100,100,100,100,100,100,100,100,100,100,100,100,100,100,100,100,100,100,100,100,100,100,100,100,100,100,100,100,100,100,100,100,100,100,100,100,100,100,100,100,100,100,100,100,100,100,100,100,100,100,100,100,100,100,100,100,100,100,100,100,100,100,100,100,100,100,100,100,100,100,100,100,100,100,100,100,100,100,100,100,100,100,100,100,100,100,100,100,100,100,100,100,100,100,100,100,100,100,100,100,100,100,100,100,100,100,100,100,100,100,100,100,100,100,100,100,100,100,100,100,100,100,100,100,100,100,100,100,100,100,100,100,100,100,100,100,100,100,100,100,100,100,100,100,100,100,100,100,100,100,100,100,100,100,100,100,100,100,100,100,100,100,100,100,100,100,100,100,100,100,100,100,100,100,100,100,100,100,100,100,100,100,100,100,100,100,100,100,100,100,100,100,100,100,100,100,100,100,100,100,100,100,100,100,100,100,100,100,100,100,100,100,100,100,100,100,100,100,100,100,100,100,100,100,100,100,100,100,100,100,100,100,100,100,100,100,100,100,100,100,100,100,100,100,100,100,100,100,100,100,100,100,100,100,100,100,100,100,100,100,100,100,100,100,100,100,100,100,100,100,100,100,100,100,100,100,100,100,100,100,100,100,100,100,100,100,100,100,100,100,100,100,100,100,100,100,100,100,100,100,100,100,100,100,100,100,100,100,100,100,100,100,100,100,100,100,100,100,100,100,100,100,100,100,100,100,100,100,100,100,100,100,100,100,100,100,100,100,100,100,100,100,100,100,100,100,100,100,100,100,100,100,100,100,100,100,100,100,100,100,100,100,100,100,100,100,100,100,100,100,100,100,100,100,100,100,100,100,100,100,100,100,100,100,100,100,100,100,100,100,100,100,100,100,100,100,100,100,100,100,100,100,100,100,100,100,100,100,100,100,100,100,100,100,100,100,100,100,100,100,100,100,100,100,100,100,100,100,100,100,100,100,100,100,100,100,100,100,100,100,100,100,100,100,100,100,100,100,100,100,100,100,100,100,100,100,100,100,100,100,100,100,100,100,100,100,100,100,100,100,100,100,100,100,100,100,100,100,100,100,100,100,100,100,100,100,100,100,100,100,100,100,100,100,100,100,100,100,100,100,100,100,100,100,100,100,100,100,100,100,100,100,100,100,100,100,100,100,100,100,100,100,100,100,100,100,100,100,100,100,100,100,100,100,100,100,100,100,100,100,100,100,100,
F_Calibration,100,0,0,108.104,100,39.2965,491.07,99.9909,0.000170256,0.00127928,0,0,3000.62, ,100,100,100,100,100,100,100,100,100,100,100,100,100,100,100,100,100,100,100,100,100,100,100,100,100,100,100,100,100,100,100,100,100,100,100,100,100,100,100,100,100,100,100,100,100,100,100,100,100,100,100,100,100,100,100,100,100,100,100,100,100,100,100,100,100,100,100,100,100,100,100,100,100,100,100,100,100,100,100,100,100,100,100,100,100,100,100,100,100,100,100,100,100,100,100,100,100,100,100,100,100,100,100,100,100,100,100,100,100,100,100,100,100,100,100,100,100,100,100,100,100,100,100,100,100,100,100,100,100,100,100,100,100,100,100,100,100,100,100,100,100,100,100,100,100,100,100,100,100,100,100,100,100,100,100,100,100,100,100,100,100,100,100,100,100,100,100,100,100,100,100,100,100,100,100,100,100,100,100,100,100,100,100,100,100,100,100,100,100,100,100,100,100,100,100,100,100,100,100,100,100,100,100,100,100,100,100,100,100,100,100,100,100,100,100,100,100,100,100,100,100,100,100,100,100,100,100,100,100,100,100,100,100,100,100,100,100,100,100,100,100,100,100,100,100,100,100,100,100,100,100,100,100,100,100,100,100,100,100,100,100,100,100,100,100,100,100,100,100,100,100,100,100,100,100,100,100,100,100,100,100,100,100,100,100,100,100,100,100,100,100,100,100,100,100,100,100,100,100,100,100,100,100,100,100,100,100,100,100,100,100,100,100,100,100,100,100,100,100,100,100,100,100,100,100,100,100,100,100,100,100,100,100,100,100,100,100,100,100,100,100,100,100,100,100,100,100,100,100,100,100,100,100,100,100,100,100,100,100,100,100,100,100,100,100,100,100,100,100,100,100,100,100,100,100,100,100,100,100,100,100,100,100,100,100,100,100,100,100,100,100,100,100,100,100,100,100,100,100,100,100,100,100,100,100,100,100,100,100,100,100,100,100,100,100,100,100,100,100,100,100,100,100,100,100,100,100,100,100,100,100,100,100,100,100,100,100,100,100,100,100,100,100,100,100,100,100,100,100,100,100,100,100,100,100,100,100,100,100,100,100,100,100,100,100,100,100,100,100,100,100,100,100,100,100,100,100,100,100,100,100,100,100,100,100,100,100,100,100,100,100,100,100,100,100,100,100,100,100,100,100,100,100,100,100,100,100,100,100,100,100,100,100,100,100,100,100,100,100,100,100,100,100,100,100,100,100,100,100,100,100,100,100,100,100,100,100,100,100,100,100,100,100,100,100,100,100,100,100,100,100,100,100,100,100,100,100,100,100,100,100,100,100,100,100,100,100,100,100,100,100,100,100,100,100,100,100,100,100,100,100,100,100,100,100,100,100,100,100,100,100,100,100,100,100,100,100,100,100,100,100,100,100,100,100,100,100,100,100,100,100,100,100,100,100,100,100,100,100,100,100,100,100,100,100,100,100,100,100,100,100,100,100,100,100,100,100,100,100,100,100,100,100,100,100,100,100,100,100,100,100,100,100,100,100,100,100,100,100,100,100,100,100,100,100,100,100,100,100,100,100,100,100,100,100,100,100,100,100,100,100,100,100,100,100,100,100,100,100,100,100,100,100,100,100,100,100,100,100,100,100,100,100,100,100,100,100,100,100,100,100,100,100,100,100,100,100,100,100,100,100,100,100,100,100,100,100,100,100,100,100,100,100,100,100,100,100,100,100,100,100,100,100,100,100,100,100,100,100,100,100,100,100,100,100,100,100,100,100,100,100,100,100,100,100,100,100,100,100,100,100,100,100,100,100,100,100,100,100,100,100,100,100,100,100,100,100,100,100,100,100,100,100,100,100,100,100,100,100,100,100,100,100,100,100,100,100,100,100,100,100,100,100,100,100,100,100,100,100,100,100,100,100,100,100,100,100,100,100,100,100,100,100,100,100,100,100,100,100,100,100,100,100,100,100,100,100,100,100,100,100,100,100,100,100,100,100,100,100,100,100,100,100,100,100,100,100,100,100,100,100,100,100,100,100,100,100,100,100,100,100,100,100,100,100,100,100,100,100,100,100,100,100,100,100,100,100,100,100,100,100,100,100,100,100,100,100,100,100,100,100,100,100,100,100,100,100,100,100,100,100,100,100,100,100,100,100,100,100,100,100,100,100,100,100,100,100,100,100,100,100,100,100,100,100,100,100,100,100,100,100,100,100,100,100,100,100,100,100,100,100,100,100,100,100,100,100,100,100,100,100,100,100,100,100,100,100,100,100,100,100,100,100,100,100,100,100,100,100,100,100,100,100,100,100,100,100,100,100,100,100,100,100,100,100,100,100,100,100,100,100,100,100,100,100,100,100,100,100,100,100,100,100,100,100,100,100,100,100,100,100,100,100,100,100,100,100,100,100,100,100,100,100,100,
W_1741A2/210_E_None_0.512_SI2,100.331,-0.185876,0.211488,95.7507,100.858,109.462,561.117,99.9274,0.00171098,0.202958,0.281562,131.312,6494.2, ,0,-89.3443,84.4828,58.1967,99.0247,99.374,99.4958,99.4746,99.5593,100.574,99.541,99.6679,99.7682,99.695,98.9877,99.1138,99.5774,99.4333,98.7075,99.0206,99.5809,99.8712,99.9434,101.079,101,100.207,100.469,100.991,101.559,101.586,101.456,101.468,100.993,100.618,101.147,100.791,100.309,100.172,100.148,100.549,100.948,100.808,101.445,100.756,100.995,101.011,100.595,100.207,99.865,98.7938,98.8395,98.5524,99.2231,99.066,98.7875,99.4038,99.3266,99.5509,100.013,99.6371,99.3295,99.2189,99.3181,99.0535,98.3698,98.2472,97.4364,97.6869,98.1564,98.2403,98.3209,97.9997,98.2864,98.4775,98.7931,99.3252,99.1316,98.6763,98.3808,98.3544,98.6958,98.8243,98.4024,98.1726,98.3495,98.5484,99.1118,99.0336,98.738,99.3099,98.9847,99.22,99.0785,98.5981,98.7651,98.3734,98.9697,99.2779,98.7006,99.0958,99.2265,99.3861,99.8083,99.64,99.52,99.599,99.3908,99.6485,99.3374,99.4278,99.2094,99.4025,99.3155,99.9801,99.4101,99.4124,98.8992,99.2916,99.1543,99.3976,99.1177,99.1784,98.8438,99.1674,99.4342,99.2951,99.0748,99.1329,98.9695,98.9044,98.6055,98.4586,98.2321,97.7536,98.348,98.0989,98.0103,98.3373,98.6368,99.1214,99.0163,99.299,100.103,99.5692,99.942,99.982,99.8487,99.9953,99.7967,99.9954,100.022,100.205,100.243,100.765,101.035,101.03,100.886,100.885,100.884,100.801,100.43,100.788,100.325,100.248,100.222,100.507,100.742,100.989,101.237,100.957,100.719,100.497,100.827,101.146,100.594,100.518,100.201,99.7794,99.8878,99.8164,100.115,99.7129,99.6107,99.6143,99.401,99.5538,99.671,99.5197,99.6682,99.6717,99.5367,99.3511,99.4947,99.3368,98.8688,99.1639,98.8419,99.0012,98.6157,98.4663,98.4611,98.0092,97.8956,97.7884,97.3204,97.6382,97.4536,97.6013,97.687,97.916,98.1326,98.2997,98.5881,98.5889,98.5512,98.6481,98.6908,98.9864,98.6623,98.384,98.3874,98.4396,98.2183,98.0167,97.8211,97.6942,97.2192,97.2519,97.43,97.2461,97.0988,97.322,97.2724,97.111,96.9574,96.9275,96.7365,96.5195,96.6008,96.4551,96.1437,95.9294,95.9272,95.6952,95.5857,95.2978,95.0784,94.8743,94.5564,94.4258,94.2152,94.0669,93.9414,93.9238,93.957,94.0372,94.0636,94.1018,94.0319,93.985,93.9509,93.9627,93.9832,94.1007,94.2648,94.4933,94.7905,95.1043,95.4207,95.725,96.0524,96.4123,96.7262,96.9681,97.1144,97.0819,96.8802,96.785,96.8878,97.0218,97.121,97.281,97.5448,97.8856,98.3694,99.0109,99.5145,99.7311,99.9362,100.064,100.162,100.202,100.198,100.223,100.231,100.262,100.32,100.373,100.412,100.459,100.538,100.56,100.614,100.65,100.626,100.638,100.593,100.637,100.655,100.623,100.698,100.659,100.667,100.69,100.655,100.657,100.637,100.612,100.612,100.605,100.643,100.651,100.657,100.665,100.677,100.685,100.711,100.719,100.685,100.681,100.683,100.684,100.719,100.719,100.708,100.667,100.682,100.742,100.744,100.742,100.754,100.742,100.737,100.756,100.786,100.792,100.777,100.782,100.799,100.791,100.812,100.834,100.822,100.834,100.831,100.78,100.754,100.73,100.744,100.726,100.722,100.74,100.736,100.733,100.777,100.803,100.838,100.817,100.834,100.852,100.844,100.89,100.912,100.917,100.925,100.915,100.946,100.96,100.961,101,101,101.007,101.01,101.024,101.033,101.038,101.024,101.026,101.03,101.004,101.007,101.029,101.025,101.023,101.019,101.026,101.029,101.004,101.019,101.001,100.973,100.969,100.967,100.955,100.954,100.944,100.949,100.916,100.932,100.954,100.968,100.967,100.98,100.985,100.99,100.991,100.989,100.976,100.946,100.923,100.917,100.902,100.902,100.906,100.899,100.908,100.906,100.903,100.909,100.915,100.915,100.908,100.884,100.887,100.892,100.89,100.899,100.904,100.891,100.877,100.878,100.903,100.904,100.909,100.924,100.901,100.908,100.913,100.926,100.908,100.898,100.895,100.895,100.877,100.894,100.865,100.864,100.873,100.876,100.847,100.847,100.82,100.83,100.835,100.854,100.855,100.852,100.858,100.873,100.864,100.882,100.888,100.889,100.859,100.874,100.861,100.838,100.835,100.84,100.842,100.82,100.8,100.82,100.791,100.787,100.8,100.805,100.804,100.794,100.79,100.782,100.782,100.785,100.783,100.796,100.801,100.798,100.804,100.808,100.818,100.811,100.808,100.793,100.797,100.774,100.788,100.791,100.778,100.79,100.772,100.782,100.811,100.824,100.865,100.833,100.822,100.816,100.812,100.818,100.798,100.789,100.772,100.736,100.74,100.745,100.753,100.754,100.758,100.783,100.796,100.77,100.779,100.803,100.806,100.822,100.807,100.821,100.805,100.782,100.79,100.785,100.76,100.744,100.741,100.757,100.772,100.789,100.794,100.796,100.804,100.806,100.814,100.812,100.811,100.784,100.78,100.792,100.807,100.812,100.818,100.816,100.817,100.849,100.829,100.824,100.811,100.79,100.79,100.792,100.795,100.793,100.769,100.798,100.782,100.786,100.803,100.797,100.798,100.806,100.792,100.782,100.762,100.752,100.752,100.743,100.747,100.733,100.723,100.764,100.777,100.794,100.792,100.793,100.795,100.781,100.766,100.781,100.775,100.766,100.749,100.775,100.785,100.786,100.794,100.828,100.835,100.817,100.821,100.841,100.839,100.831,100.833,100.841,100.834,100.808,100.789,100.779,100.772,100.777,100.765,100.782,100.791,100.809,100.809,100.809,100.823,100.834,100.875,100.901,100.892,100.881,100.866,100.879,100.883,100.902,100.901,100.885,100.866,100.867,100.883,100.9,100.933,100.952,100.964,100.968,100.951,100.953,100.955,100.954,100.989,100.972,100.975,100.972,100.952,100.956,100.975,100.966,100.956,100.906,100.907,100.922,100.909,100.935,100.949,100.978,101.039,101.072,101.102,101.112,101.096,101.109,101.127,101.129,101.099,101.069,101.055,101.041,101.046,101.069,101.056,101.058,101.076,101.045,101.075,101.058,101.043,101.073,101.116,101.13,101.162,101.135,101.192,101.165,101.162,101.223,101.202,101.163,101.126,101.093,101.103,101.089,101.093,101.126,101.093,101.079,101.062,101.098,101.12,101.154,101.177,101.191,101.206,101.25,101.24,101.273,101.245,101.208,101.141,101.163,101.187,101.184,101.147,101.132,101.222,101.222,101.314,101.417,101.426,101.385,101.445,101.503,101.531,101.355,101.404,101.378,101.387,101.414,101.495,101.414,101.364,101.352,101.435,101.465,101.475,101.492,101.419,101.306,101.234,101.283,101.292,101.279,101.264,101.312,101.239,101.204,101.19,101.338,101.418,101.431,101.36,101.349,101.276,101.267,101.281,101.408,101.454,101.374,101.453,101.511,101.501,101.411,101.369,101.387,101.36,101.19,101.082,100.988,100.991,101.05,101.296,101.514,101.493,101.46,101.534,101.651,101.811,102.084,102.072,101.855,101.72,101.913,102.023,102.124,102.133,102.023,101.823,101.78,101.872,101.875,101.722,101.57,101.536,101.518,101.337,101.407,101.422,101.288,101.264,101.16,101.176,101.047,101.261,101.418,101.362,101.413,101.664,101.592,102.018,102.081,102.346,102.183,102.332,102.327,102.073,102.083,102.216,102.066,102.124,102.017,101.838,101.603,101.703,101.844,101.747,101.587,101.389,101.268,101.373,101.451,101.565,101.334,101.55,101.554,101.769,101.726,101.909,101.569,101.826,101.877,102.047,102.018,101.76,101.762,102.067,101.796,101.996,101.751,101.456,101.578,101.354,101.826,101.699,101.37,101.296,101.344,101.429,101.585,101.271,101.114,100.87,100.919,101.109,101.404,101.08,100.789,100.789,100.503,101.105,101.075,100.679,100.936,100.73,100.72,100.701,100.575,100.977,100.441,100.629,100.886,100.677,100.653,100.964,101.36,101.578,101.435,101.563,101.197,101.255,101.045,101.023,101.027,100.611,100.387,100.452,100.163,100.185,99.9543,99.9646,100.145,99.8047,100.039,99.8671,100.104,100.333,100.335,100.336,100.062,100.305,100.463,100.475,100.746,100.444,100.412,100.064,100.573,100.711,100.326,100.121,100.099,99.7787,99.8814,99.9155,100.515,100.4,100.936,100.89,101.315,101.116,101.48,101.459,101.621,101.728,101.34,101.164,101.153,100.999,101.07,100.998,100.858,100.752,100.613,100.892,100.68,100.25,99.7197,99.8695,99.8812,100.168,100.226,99.8698,99.6292,99.7437,100.122,100.535,100.351,100.362,100.247,100.109,100.302,100.574,100.38,100.449,100.539,100.345,100.696,100.994,101.093,101.17,100.987,101.167,101.128,101.147,101.571,101.296,101.023,100.776,100.718,100.934,101.039,100.926,100.64,100.423,100.687,100.377,100.186,100.164,99.9341,99.8312,99.9552,100.284,100.559,100.658,101.205,101.806,102.046,102.206,102.215,102.304,102.064,101.93,101.263,100.982,100.8,100.552,100.705,100.529,100.665,100.878,100.808,101.417,101.649,101.463,101.366,101.318,101.357,101.25,101.541,101.744,101.376,101.112,101.225,101.319,101.459,101.599,101.842,101.835,101.783,101.838,102.102,102.196,56.7114,56.7114,-5450,-568.644,
F_1741A2/210_E_None_0.512_SI2,100.537,1.69458,-15.8828,110.724,101.394,50.0599,465.933,162.669,0.048421,-0.167693,15.9729,-83.91,3115.63, ,50,41.0359,-424.771,164.629,93.202,93.695,94.2293,94.7388,94.8698,95.4029,96.2796,96.0595,95.2243,94.8949,94.1955,93.5179,92.6407,92.7141,92.846,92.0125,92.5512,93.833,93.3273,93.5089,93.9469,94.1338,94.5381,93.9093,94.1963,93.8943,94.2002,94.6493,95.3275,95.3269,96.1757,95.4007,96.4509,96.3774,97.0976,96.9496,96.6578,96.3251,96.3965,95.0394,95.4598,95.3345,95.546,95.3951,94.9752,94.5642,94.4008,94.4996,95.3018,95.4581,94.79,94.7399,94.1231,94.628,94.7367,94.9776,94.0038,93.2794,92.5979,92.8889,92.6371,92.8232,92.0788,92.0782,91.9923,92.4947,93.0273,93.4127,92.852,92.9818,93.1636,93.8182,94.0214,93.9237,94.1456,94.4629,94.2811,95.0374,95.2046,95.4465,95.3923,95.6721,95.6625,95.5045,95.0553,95.7192,95.4076,95.5397,95.7405,95.6371,95.2258,95.2798,95.3439,95.6945,95.1263,95.4825,95.9515,95.9027,95.8586,95.7934,96.1986,96.1561,95.9971,95.8919,95.8058,95.1001,94.9504,94.7857,94.6892,94.051,93.8563,93.8265,93.4926,93.4885,93.7438,93.0325,93.2567,93.8838,94.1225,94.3865,94.1498,94.867,94.2807,93.7784,93.8683,93.1693,93.0813,92.9437,93.1943,93.7393,93.5124,94.0636,93.9622,94.3955,94.5497,94.3349,94.0021,93.5402,93.3425,93.2219,92.7925,92.9561,92.8131,92.8848,92.6816,92.5019,92.6222,92.6812,92.6565,93.0551,92.9044,92.3556,92.6097,92.6848,92.8412,93.1899,93.0566,93.0285,93.1396,93.4255,93.9321,93.5534,93.8825,94.2022,94.0331,94.2398,94.4329,94.5396,94.5918,94.6728,94.9421,94.5687,94.563,94.6785,94.7036,94.8223,94.5455,94.5432,94.6419,94.7613,94.8922,94.6525,94.374,94.2235,94.2097,94.2306,94.0897,94.078,93.9613,94.0647,94.3029,94.4499,94.4976,94.3812,94.4243,94.5701,94.5726,94.6656,94.7598,94.9131,95.0234,95.0869,95.1881,95.2109,95.2102,95.2091,95.1973,95.0994,94.9595,94.9206,94.8672,94.8307,94.7784,94.733,94.6645,94.6018,94.5226,94.4891,94.3916,94.2829,94.1621,94.0512,93.9139,93.8044,93.6994,93.6296,93.5282,93.4451,93.3959,93.3498,93.2817,93.2384,93.1899,93.0737,93.0082,92.874,92.8436,92.824,92.7715,92.8136,92.881,92.8961,92.9531,92.9725,93.1065,93.1086,93.0947,93.167,93.088,93.1106,93.2445,93.4162,93.6442,93.7229,94.0255,94.2388,94.2552,94.4223,94.4913,94.5005,94.5463,94.4965,94.8537,94.8919,95.3544,95.9208,96.7621,97.0792,97.8094,98.705,99.634,101.182,103.317,105.049,106.097,107.213,108.79,109.575,110.526,111.209,111.346,110.776,110.895,111.876,113.317,114.827,117.001,118.849,120.975,122.823,125.059,126.77,128.209,128.802,129.319,129.058,129.191,129.35,129.344,129.629,130.041,130.644,131.724,132.385,133.203,133.694,134.109,134.601,134.638,134.102,133.743,133.102,132.653,132.33,132.157,131.973,132.052,131.914,132.707,132.895,133.263,133.956,134.521,134.8,134.874,134.419,134.15,133.431,133.018,132.367,131.558,131.216,130.747,130.531,130.693,130.289,129.968,129.606,129.454,129.514,128.874,128.259,127.874,126.673,126.576,126.129,125.772,125.505,124.779,124.234,123.926,123.332,122.976,122.474,121.854,121.345,120.677,120.23,119.583,119.059,118.557,118.313,117.752,117.58,116.922,116.505,116.098,116.172,115.61,115.022,114.612,114.232,113.865,113.594,113.201,112.904,112.288,112.449,112.723,112.478,112.237,111.737,111.573,111.302,110.852,110.368,109.76,108.975,108.427,108.177,107.983,107.827,107.602,107.306,107.121,106.893,106.79,106.824,106.498,106.197,106.126,106.01,105.812,105.999,105.752,105.512,105.257,105.053,105.006,104.496,104.233,104.388,103.814,103.823,103.915,103.957,103.99,103.785,103.734,103.501,103.09,103.106,102.998,102.576,102.363,102.132,101.962,102.041,102.063,102.14,102.106,102.061,102.256,102.179,102.153,102.328,101.881,101.797,101.554,101.571,101.416,101.359,101.378,101.068,100.995,101.172,101.254,101.438,101.243,101.32,101.102,100.921,101.038,101.016,100.958,100.632,100.699,100.978,100.901,100.927,100.86,100.896,100.575,100.826,100.891,100.782,100.701,100.733,100.742,100.706,100.869,100.874,100.735,100.75,100.557,100.66,100.527,100.394,100.545,100.292,100.727,100.64,100.828,100.852,100.271,100.573,100.817,100.919,100.855,100.79,100.83,100.443,100.651,101.102,100.834,100.592,100.141,100.326,99.9309,99.7994,100.104,99.9713,99.4227,99.3905,99.3357,99.8984,99.7086,99.8451,100.029,99.9993,100.007,100.412,100.377,100.381,100.282,100.604,100.739,100.591,100.802,100.743,100.665,100.917,100.866,100.695,100.259,100.017,99.9726,99.6777,99.5918,99.4576,99.3676,99.7918,99.6368,100.173,100.362,100.785,101.018,101.151,101.401,101.525,100.917,101.368,101.416,101.235,101.217,101.211,101.046,101.385,100.872,101.394,101.472,101.344,101.389,100.843,101.031,101.442,101.111,101.561,101.729,101.456,101.419,101.846,102.095,101.767,101.528,101.491,101.528,101.411,101.502,101.075,100.938,101.519,101.728,101.768,101.851,102.168,102.16,102.149,102.929,102.95,102.63,102.61,102.619,102.668,102.239,102.255,102.44,102.293,102.2,101.946,102.112,101.818,102.175,101.893,101.575,101.303,101.129,101.557,101.339,101.446,101.652,101.513,102.621,103.022,102.747,102.593,101.855,102.433,102.165,102.514,102.063,101.959,101.937,102.07,102.209,103.048,103.062,102.947,102.567,103.488,102.828,102.684,102.41,103.207,102.629,101.984,102.085,102.379,102.073,101.663,102.386,102.776,101.846,101.873,103.165,103.046,103.027,103.345,102.881,102.909,103.549,103.467,103.812,103.28,104.15,104.361,104.139,104.79,104.196,104.44,104.528,104.6,104.501,103.276,103.286,102.663,102.716,103.667,103.507,103.676,103.68,103.542,103.586,103.821,104.442,103.865,102.175,101.002,101.69,101.475,101.956,103.357,103.371,102.828,103.511,104.314,104.886,103.461,103.99,103.439,101.469,101.406,100.892,101.518,101.136,100.688,102.128,102.412,103.077,104.211,103.151,104.384,104.425,105.214,107.622,106.219,105.573,106.01,105.071,105.728,103.841,103.321,104.352,103.757,104.628,105.135,104.603,106.579,107.257,108.444,109.319,109.721,108.842,106.672,105.749,105.357,106.03,106.371,107.89,105.475,103.45,101.24,103.533,103.663,104.004,104.171,104.926,105.797,109.91,111.593,112.128,112.875,114.111,115.488,116.172,115.904,112.149,109.624,108.917,111.037,112.396,111.341,109.412,105.14,105.953,109.322,109.769,109.199,108.583,105.794,106.308,109.319,110.277,110.421,109.014,109.274,109.666,111.556,111.067,112.307,111.382,113.521,110.985,108.551,109.203,109.093,109.954,111.408,111.852,111.507,112.033,111.759,117.384,116.299,115.273,113.572,115.799,114.044,108.156,104.895,106.454,100.887,100.279,99.0153,93.4026,89.7387,89.237,90.9595,91.0804,91.2658,92.939,94.023,95.6308,101.318,100.662,101.055,101.429,101.063,97.1053,101.473,107.657,110.092,108.153,109.015,112.018,113.54,116.398,119.179,115.086,111.842,107.401,105.413,110.914,106.381,105.842,96.429,99.5129,106.809,105.111,108.332,112.685,107.655,111.932,119.622,130.433,128.614,117.874,117.458,115.012,111.756,115.804,114.451,108.218,105.317,105.895,110.417,108.773,110.71,109.22,108.788,101.938,100.72,100.723,101.087,96.298,98.8679,97.8201,99.2159,96.5638,99.1918,101.961,106.086,109.802,114.135,110.845,113.137,115.072,116.153,120.894,119.368,116.165,116.706,113.569,119.475,113.624,115.05,115.206,109.528,112.472,107.743,103.943,103.248,98.4153,101.193,101.499,103.057,105.219,102.092,106.318,107.985,109.528,115.309,113.967,109.244,105.199,108.223,109.419,110.465,106.375,107.403,102.596,104.845,103.335,106.19,102.239,100.252,98.5944,96.7282,95.6021,95.5794,95.8379,97.6475,97.2716,98.8051,101.132,101.099,100.843,100.609,103.898,101.957,101.494,99.797,96.708,95.7632,94.2517,98.7691,98.0723,93.9362,95.3501,97.415,97.4837,98.467,98.6333,100.28,96.8239,96.976,99.2905,97.5535,97.9889,96.7902,95.7225,93.8148,93.1538,93.8363,93.4268,91.3427,92.5075,91.5059,92.2412,95.4955,96.3576,96.639,96.3054,97.6918,99.2947,99.1809,98.379,97.8316,96.2802,96.1079,94.5533,93.986,91.7071,90.474,91.1038,91.827,92.3681,90.232,90.6834,92.7193,93.9947,95.8485,97.8499,97.1257,95.1031,94.4108,96.1942,96.2892,95.9282,94.1832,93.714,92.2429,91.6965,94.1715,94.4955,95.4854,94.6516,93.8021,94.3535,93.7451,93.7765,94.389,93.7328,93.997,92.2745,92.7624,92.6247,93.0528,94.8136,95.2368,95.4573,93.8342,93.0568,94.0066,93.9632,94.455,95.0226,93.4962,93.7283,92.7286,92.8933,93.577,93.7279,93.7338,92.794,93.9879,94.4084,93.7338,93.3228,94.2544,93.8261,92.742,92.4942,92.6883,91.3893,91.3845,91.7394,93.0215,92.3464,93.4085,95.5783,95.7583,96.3104,96.9375,97.7388,97.8347,97.8387,99.0506,98.0166,97.0683,96.6566,97.4038,97.098,96.9158,97.2272,96.1352,221.833,74.427,43.6333,-196.183,
W_3524A2/35_F_None_0.502_SI2,98.4342,-0.347288,0.743943,91.0525,96.0048,103.348,568.755,92.7058,0.00664493,0.19797,0.821012,115.024,6449.07, ,0,158.197,-436.207,109.016,93.722,93.5425,93.6069,93.9688,94.014,93.9547,93.2799,92.8689,92.968,93.4386,93.0068,93.4015,93.2375,93.3349,93.7338,94.4013,94.1143,94.205,93.8949,94.8148,94.6059,94.398,94.8014,94.3691,94.4985,95.4398,95.5677,95.2527,94.8402,94.8629,95.3185,94.8045,95.0936,95.1685,94.64,94.8872,95.5186,95.0912,95.0338,94.3547,94.2301,94.1759,93.6644,93.6273,93.6707,92.8776,93.1306,93.119,93.1433,92.7992,92.448,92.7753,93.2431,93.2154,93.7654,93.6589,93.2916,93.5991,94.3158,94.6171,94.4487,93.99,93.8397,93.387,93.352,93.3855,93.4832,93.1019,92.8474,92.8644,93.1126,92.8153,93.0914,92.9736,93.3238,93.043,93.3578,93.7045,93.6573,93.9404,93.9762,94.0873,94.5594,94.3443,94.4956,94.4648,94.1309,94.4051,94.0201,94.0151,93.7301,93.5697,94.0015,93.9394,93.7256,94.0459,93.5789,93.5621,93.3623,93.4073,93.1761,93.1263,93.0907,93.262,93.0285,93.6645,93.4548,94.363,94.3936,94.586,94.0262,94.0634,93.6034,93.3304,93.1366,93.5334,93.1842,93.5417,93.6028,94.0571,94.0877,94.0128,94.4274,94.3587,94.1834,93.8745,93.3865,93.09,92.5971,92.4919,93.1436,92.7987,92.6995,92.9415,93.2257,93.6587,93.9162,94.3001,94.8501,94.3986,94.5468,94.6647,94.4341,94.471,94.4562,94.5331,94.3641,94.1043,93.8497,94.2923,94.3023,94.1585,94.1455,94.2532,94.0704,94.0956,94.1422,94.9576,94.7597,94.8155,95.0293,94.9992,94.7809,95.1749,95.4745,95.0386,94.7326,94.636,94.7577,94.6327,94.5218,94.4384,94.1558,94.0884,94.1985,94.0351,94.1321,93.8843,94.0151,93.8283,93.7109,93.6772,93.3236,93.5217,93.4004,93.298,93.5385,93.3086,93.5026,93.2941,93.2581,93.2624,92.9964,93.3775,92.9932,92.6254,92.7066,92.3368,92.1483,91.9674,92.0784,92.0972,91.6836,91.6345,91.571,91.6375,91.6479,91.6337,91.5634,91.3381,91.4538,91.6252,91.8637,91.7485,91.731,91.762,91.8837,92.0462,92.05,91.8633,91.3258,91.217,91.0275,90.7564,90.6002,90.409,90.2043,90.1451,89.9569,89.9198,89.7394,89.7286,89.5202,89.3042,89.4008,89.1775,88.8994,88.7459,88.6119,88.1903,87.9573,87.6001,87.2785,86.9176,86.6014,86.4157,86.1654,86.0267,85.9285,85.9626,86.026,86.1636,86.1933,86.1629,86.1644,86.1018,85.9938,86.0324,86.0809,86.2315,86.4347,86.7664,87.1293,87.4811,87.8691,88.3036,88.7047,89.0965,89.473,89.7697,89.9012,89.866,89.6522,89.5714,89.657,89.8085,89.9851,90.207,90.5336,90.9493,91.5574,92.3302,92.9017,93.1701,93.3933,93.5983,93.7007,93.7316,93.7892,93.8481,93.9009,93.9346,94.0195,94.0839,94.1182,94.1802,94.3052,94.3683,94.4351,94.5095,94.5526,94.5924,94.6121,94.6848,94.7199,94.7552,94.8319,94.8391,94.8319,94.8613,94.9091,94.9057,94.9214,94.9544,94.965,94.9793,95.0336,95.085,95.1154,95.1015,95.1311,95.148,95.1759,95.1741,95.1685,95.1829,95.1849,95.2049,95.2526,95.2847,95.3068,95.2969,95.3247,95.3655,95.3697,95.3858,95.3922,95.3882,95.39,95.3884,95.3927,95.431,95.4365,95.4378,95.4356,95.445,95.4537,95.4786,95.506,95.5282,95.518,95.517,95.521,95.53,95.5516,95.5567,95.5613,95.5607,95.5779,95.5814,95.6226,95.6472,95.6897,95.6955,95.7062,95.7269,95.7253,95.7549,95.7937,95.7885,95.817,95.8124,95.8089,95.8312,95.8498,95.8838,95.8933,95.9124,95.9092,95.9183,95.9192,95.9342,95.9487,95.9647,95.98,95.9827,95.9657,95.9648,95.9575,95.972,95.9775,95.9625,95.9495,95.9324,95.9381,95.943,95.9467,95.9476,95.9627,95.9659,96.0015,96.0119,96.0177,96.0145,96.0195,96.0411,96.0609,96.0527,96.0514,96.0363,96.0291,96.0275,96.0155,96.0193,96.0099,96.0103,96.0129,95.9945,96.0155,96.0179,96.0247,96.0438,96.0474,96.044,96.0403,96.0532,96.0758,96.0597,96.0693,96.0896,96.1016,96.0947,96.0901,96.0867,96.081,96.0728,96.0699,96.0726,96.0501,96.0421,96.0438,96.0461,96.059,96.0492,96.0606,96.05,96.0379,96.0336,96.0377,96.0499,96.0834,96.0492,96.0505,96.0601,96.066,96.054,96.0523,96.0318,96.0197,95.9801,96.0007,96.0066,95.9941,96.0006,96.0056,96.0059,96.0024,96.001,96.0061,96.0014,96.0069,96.0056,96.0015,95.9929,96.0089,96.0119,96.0156,96.0156,96.0279,96.0055,96.0215,96.0169,96.0066,95.9891,95.9833,95.9789,95.9936,95.9929,95.9823,95.9661,95.9749,96.001,96.0151,96.0276,96.019,96.0159,96.0085,96.0293,96.0301,96.0403,96.0361,96.0262,96.0341,96.0362,96.0241,96.018,96.0385,96.0426,96.0299,96.0554,96.0725,96.069,96.0686,96.0774,96.0961,96.0876,96.0992,96.1154,96.0911,96.0778,96.0957,96.0926,96.09,96.0766,96.0762,96.0628,96.0483,96.0639,96.0906,96.0808,96.0939,96.0897,96.0809,96.0593,96.054,96.0667,96.0515,96.0248,96.0074,96.0041,96.0121,96.0353,96.0833,96.081,96.0714,96.0844,96.1077,96.125,96.136,96.1305,96.1301,96.1095,96.1268,96.1314,96.1303,96.1139,96.1021,96.0929,96.1192,96.0996,96.0918,96.0936,96.0977,96.1011,96.1143,96.1073,96.1168,96.0943,96.1022,96.0874,96.0937,96.0943,96.083,96.0786,96.0895,96.0836,96.1048,96.0984,96.1099,96.0829,96.0763,96.0714,96.0549,96.0548,96.0571,96.0355,96.053,96.037,96.0512,96.0462,96.051,96.0437,96.0461,96.0386,96.0277,96.0048,96.0047,95.9994,95.9769,95.9757,95.9905,96.0024,96.0033,96.0297,96.0303,96.0338,96.0313,96.0371,96.0437,96.0182,96.0046,95.9801,95.9651,95.9461,95.9668,95.9462,95.9594,95.9453,95.9655,95.9547,95.9757,95.9742,96.0046,95.9955,96.0138,96.0116,96.0134,96.0114,96.0145,95.9756,95.9864,95.9882,95.997,95.9981,95.9949,95.9911,96.0245,96.0318,96.0803,96.0844,96.0721,96.0638,96.0477,96.064,96.0736,96.0844,96.0928,96.0779,96.0716,96.0633,96.02,96.0387,96.0169,96.0113,95.9513,95.9405,95.9491,95.9763,95.9845,96.0181,96.0522,96.1181,96.1519,96.1609,96.143,96.1419,96.1158,96.1691,96.2115,96.1853,96.1709,96.1768,96.1932,96.2793,96.3173,96.2972,96.2699,96.2753,96.2637,96.2803,96.2443,96.2863,96.2505,96.2687,96.2723,96.2862,96.2691,96.3262,96.2683,96.2729,96.2506,96.2645,96.2112,96.2228,96.2038,96.2007,96.1377,96.1734,96.2143,96.2226,96.1606,96.1613,96.1966,96.2036,96.229,96.2794,96.2902,96.2813,96.2799,96.2933,96.344,96.3842,96.3953,96.3768,96.4465,96.4296,96.4566,96.4802,96.5309,96.6286,96.5447,96.5775,96.6996,96.6704,96.7126,96.7244,96.7622,96.852,96.7725,96.855,96.8856,96.8503,96.887,96.9894,96.982,96.8979,96.8241,96.8501,96.8592,96.8676,96.9017,96.8626,96.7273,96.7801,96.8293,96.8413,96.766,96.7159,96.7461,96.6861,96.69,96.8005,96.774,96.8541,96.8802,96.9765,97.0085,96.9246,96.8531,96.8262,96.7772,96.8367,96.8076,96.8494,96.7871,96.784,96.8334,96.9858,96.9954,97.047,96.9882,96.8935,96.8392,96.9399,96.9854,97.1042,97.1751,97.1433,97.069,97.1065,97.3537,97.4356,97.4164,97.5019,97.3968,97.3873,97.5616,97.5683,97.6433,97.5196,97.5084,97.4495,97.4254,97.5698,97.4446,97.2383,97.1899,97.209,97.2735,97.0917,97.1106,97.0774,96.9578,96.9531,97.0146,97.0579,96.8556,96.8425,97.0428,97.1009,97.1215,97.1667,97.2285,97.5334,97.5362,97.7966,97.7865,97.9162,97.955,97.7582,97.635,97.7806,97.6631,97.7555,97.6552,97.5872,97.3455,97.3606,97.5844,97.7621,97.39,97.2974,97.3017,97.3041,97.3148,97.3476,97.3153,97.3991,97.2967,97.491,97.3894,97.7098,97.476,97.5412,97.7055,97.7637,97.6856,97.8433,97.7988,97.9389,97.4843,97.7641,97.8078,97.7139,97.737,97.8635,97.8479,97.9502,97.6763,97.7733,97.6805,97.1901,97.1193,96.7933,96.562,96.3827,96.3708,96.6608,96.6745,96.6899,96.9809,96.747,96.827,96.9755,97.1529,97.0798,97.3749,97.5269,97.1351,97.0463,97.1375,97.2702,97.1112,97.1821,97.3165,97.1343,96.7117,97.1867,97.468,97.6265,97.665,97.7862,97.5733,97.5568,97.3225,97.3716,97.0125,96.9819,97.01,96.9092,96.7381,96.635,96.4502,96.5702,96.5718,96.4911,96.6685,96.4641,96.409,96.2613,96.3898,96.4961,96.0748,96.2258,96.7704,96.6151,96.566,96.5648,96.6121,96.5486,96.5185,96.7254,96.6266,96.261,96.0235,95.9563,95.7656,96.0945,96.0805,95.9383,96.0912,96.1591,96.4659,96.515,97.0357,97.276,96.9638,97.1953,97.258,97.1412,97.0226,96.6909,96.8998,96.4725,96.3947,96.6411,96.2312,96.1036,95.7701,95.5366,95.3872,95.1976,95.3321,95.7195,95.8152,95.8965,96.1524,96.4144,96.8463,97.0017,96.9785,96.5572,95.9392,95.6698,96.0056,96.1185,96.1372,96.1433,96.1455,95.801,96.5244,97.0567,96.8266,96.821,96.6585,96.7737,96.5872,96.8184,97.2009,97.0701,97.1116,97.2467,96.9406,97.1126,96.9721,96.7604,96.4621,96.455,96.4978,96.3214,96.1024,96.4003,96.0596,96.101,96.4843,96.4529,96.5548,96.4189,96.0136,96.4142,96.4625,96.6988,96.9374,96.6427,96.7579,96.8043,96.4118,96.8011,96.6409,96.4361,96.2579,95.9398,96.4104,96.3437,96.3253,96.6996,96.3904,96.5021,96.6966,96.8008,97.0022,96.8518,97.1848,97.2521,97.4182,97.4081,97.3351,97.1278,97.0593,96.9799,96.6839,96.3648,96.101,95.6657,95.7916,95.5003,-4.36242,35.906,6650,-316.102,
F_3524A2/35_F_None_0.502_SI2,98.0762,0.920196,-1.2979,103.392,95.1066,38.1183,569.639,100.285,0.0080953,-1.57386,1.59101,-54.6638,2982.07, ,66.6667,-97.2112,-546.789,1.74672,83.8662,83.929,84.4076,84.3813,84.5101,84.7422,84.8474,84.7398,84.6613,84.3413,84.5032,83.7301,83.7101,84.1657,84.4286,85.017,85.6125,85.6028,85.5119,85.8101,86.2065,86.5516,86.5516,86.4164,85.995,86.0904,86.2709,86.478,86.5183,86.7429,87.1164,86.4684,87.1258,86.9205,87.1287,87.321,87.2237,87.0162,86.6233,85.7595,86.0359,85.6336,85.5851,85.4802,85.2066,84.9119,84.4479,85.1862,84.8938,85.424,85.0297,84.7594,84.234,84.7743,85.0428,85.9418,85.0719,84.8087,83.406,83.161,83.558,83.8407,83.1913,83.0273,82.38,82.4345,83.2631,84.07,84.0249,83.7855,83.6068,84.1037,84.098,84.4661,85.1594,85.1923,85.2067,86.343,86.8724,87.2377,86.8475,87.6034,87.6592,87.6831,88.0304,88.4126,87.7759,87.316,87.3646,87.8882,87.0139,86.9752,86.725,86.2113,85.7918,85.854,86.8002,87.1435,86.7961,87.1154,87.0111,87.1838,87.0564,86.9829,87.0997,86.4022,85.8438,85.6647,85.6117,85.6726,85.6763,85.8276,85.0833,84.66,84.7717,84.385,84.8565,85.1344,85.2437,84.6255,84.6533,85.4305,85.1334,84.8863,85.0171,84.1842,83.8355,83.2527,83.637,83.5437,83.369,83.7906,83.8104,84.539,84.6168,84.3171,84.2174,84.2744,84.0266,83.7256,83.5329,83.351,82.5675,82.8904,83.1391,83.0269,82.8643,82.8413,83.0441,83.1307,83.1012,83.0102,82.8952,82.9888,83.3233,83.3193,83.5638,83.8618,83.8843,84.1523,84.554,84.4053,84.5879,84.8186,85.1235,85.1073,85.3681,85.6283,85.4579,85.6291,85.9107,85.7537,85.5369,85.3854,85.6103,85.4321,85.4067,85.5245,85.4838,85.5912,85.628,85.493,85.2668,85.1915,85.4388,85.2842,85.2009,85.31,85.1852,85.2282,85.3641,85.6481,85.5447,85.4063,85.6319,85.6917,85.6234,85.6544,85.733,85.8702,85.9338,86.0368,86.0919,86.1063,86.0852,86.0628,86.0401,85.967,85.894,85.9077,85.909,85.9161,85.9082,85.9208,85.9028,85.9019,85.8762,85.8477,85.7813,85.6991,85.606,85.5143,85.383,85.294,85.1764,85.1051,85.0566,84.9772,84.9348,84.877,84.8161,84.7695,84.7067,84.6232,84.5903,84.4676,84.4812,84.4699,84.5494,84.6143,84.7564,84.8103,84.8945,84.9163,85.0255,85.0009,85.0009,84.8908,84.8496,84.8871,85.0101,85.297,85.3772,85.5879,85.8606,86.0759,86.2152,86.3488,86.2965,86.3421,86.1107,85.9958,86.1109,86.1565,86.3709,86.8048,87.1829,87.5689,87.7387,88.1241,88.5577,88.7288,89.0747,89.2277,89.2523,89.6346,89.9621,90.3283,90.7683,90.9478,91.4208,91.7092,92.1663,92.4103,92.7498,93.4332,93.9395,94.3792,94.9953,95.4234,95.9546,96.1738,96.7378,96.8808,96.9239,96.8568,96.613,96.5436,96.5432,96.9404,97.4396,97.4293,97.5477,97.7295,97.9137,98.1749,98.2143,98.3953,98.0411,97.8043,97.9646,97.8109,97.8683,97.8599,97.9348,98.0757,98.2063,98.503,98.7235,98.5459,98.6344,98.7124,98.942,99.2403,99.3119,99.1957,99.0905,98.9321,98.8783,98.7237,98.3581,98.2753,98.0271,97.8497,98.0266,97.7897,97.6091,97.5448,97.8163,98.01,97.5716,97.4429,97.4183,96.7368,96.789,96.8455,96.7648,96.8608,96.4645,96.6126,96.5898,96.6901,96.7092,96.7194,96.5112,96.4923,96.0598,96.3112,96.1693,96.0128,95.4799,95.5869,95.348,95.4085,95.1803,95.0665,94.9515,94.9474,94.6354,94.6692,94.6462,94.6673,94.5421,94.905,95.0715,95.0834,95.3537,95.6591,95.9012,95.953,95.9084,95.8974,95.5257,95.5462,95.3211,94.9797,94.7076,94.6821,94.3733,94.4385,94.3809,94.4336,94.3087,94.4205,94.4878,94.6328,94.5412,94.7117,94.6369,94.5675,94.6043,94.3341,94.3437,94.6204,94.7293,94.6937,94.8344,94.7508,94.8744,94.6808,95.1234,95.265,94.93,94.7013,94.8732,94.9126,94.8768,94.6881,94.6206,94.3602,94.1325,94.2803,94.4504,94.2791,93.9187,94.1702,94.3284,94.4674,94.5799,94.7138,94.8843,94.7667,95.0197,95.1975,94.9519,95.0033,95.0877,95.0444,94.9458,94.6469,94.7839,94.572,94.5567,94.4776,94.5218,94.4257,94.4256,94.4842,94.5617,94.4145,94.4222,94.3217,94.4315,94.4525,94.5628,94.4207,94.4719,94.5655,94.8055,94.8672,95.014,94.9159,94.7306,94.7836,94.9517,94.9182,94.7909,94.9623,94.9498,94.8363,95.0194,95.0895,95.036,94.8968,94.8744,95.1293,94.7447,94.6427,94.8088,94.8837,95.0031,95.1428,95.4175,95.3494,95.0883,95.3196,95.3534,95.5261,95.4528,95.4841,95.4195,95.1906,95.3956,95.4374,95.4585,95.5093,95.3621,95.2469,95.074,95.0773,95.1176,94.9267,94.7533,94.4635,94.6044,94.5292,94.7091,94.8077,94.9453,95.2086,95.2565,95.6621,95.9233,95.7771,95.7789,95.8618,96.0179,95.9049,96.0674,96.023,95.6308,95.822,95.6285,95.4975,95.1269,94.9451,94.9749,94.6774,94.5508,94.8317,94.7146,94.9408,95.3272,95.8429,95.9763,96.2567,96.246,96.5033,96.5856,96.727,96.4649,96.4688,96.5365,96.5635,96.3982,96.7879,96.8902,97.1447,96.8425,97.0775,97.0886,96.8715,97.1437,96.9549,96.9528,97.2018,97.1149,97.0575,97.8417,97.8258,97.7451,97.2132,97.2724,96.7158,96.3378,96.4334,96.9829,96.3098,96.2085,95.5407,95.685,96.0801,96.4429,96.523,96.243,96.0037,95.8076,95.7632,97.0843,97.2021,97.2078,97.368,97.1262,97.0736,97.2612,97.8152,98.1611,97.8935,98.1049,97.6207,97.8437,98.2774,98.7767,98.3499,97.984,98.1451,98.1411,97.8322,98.2378,98.326,98.7284,98.6193,99.0837,99.0684,98.5742,98.8708,98.9567,98.867,98.6706,98.6474,97.6954,97.8498,98.7035,98.9327,98.7524,99.5162,99.2516,99.5047,99.062,100.056,99.3938,98.6831,98.7894,98.7688,98.2521,98.0728,97.4183,97.3154,97.5844,97.5475,98.1604,97.638,96.9715,96.4225,97.3792,97.987,98.2906,98.0705,97.6558,97.3188,97.6795,97.9367,99.01,98.7894,98.3837,98.4969,98.5553,99.6837,99.904,101.383,101.552,101.097,101.022,101.286,101.563,101.379,101.092,102.176,101.074,101.861,102.227,102.414,102.217,101.964,102.216,101.518,99.3444,98.9249,98.7809,98.635,98.5995,99.2156,100.389,99.6541,100.198,101.337,101.142,100.497,100.718,102.044,101.098,99.8419,99.9906,101.135,100.067,100.068,101.889,102.006,100.802,101.065,100.405,101.257,101.183,102.6,104.568,102.065,101.544,101.841,101.964,103.622,103.838,103.514,103.259,101.871,103.516,105.029,104.39,105.089,105.302,105.438,106.244,108.545,110.155,109.343,108.442,108.725,109.626,111.821,111.702,110.411,108.018,107.087,108.211,110.425,111.443,110.746,110.912,110.84,112.542,112.543,111.325,112.381,109.398,110.982,112.589,109.324,108.596,108.415,110.139,110.498,111.492,111.702,110.516,108.451,109.308,111.653,111.525,110.763,111.979,108.996,110.795,112.219,110.692,109.372,110.73,113.252,113.941,114.097,114.527,115.791,115.416,117.555,118.638,117.12,117.938,121.9,125.167,129.851,130.852,130.544,129.843,134.464,136.265,134.402,129.684,132.003,128.336,129.335,126.643,126.129,123.122,121.686,121.335,120.924,114.656,112.107,107.536,110.577,113.124,112.34,111.671,110.196,110.298,108.409,110.416,114.509,109.851,107.285,105.316,109.771,113.319,118.526,122.377,125.396,129.431,140.247,149.747,160.089,155.108,157.414,146.957,145.434,151.412,148.146,139.794,128.601,129.614,136.959,129.582,133.01,136.816,132.449,129.028,131.41,138.155,136.336,130.973,133.603,135.37,130.536,134.36,138.758,139.883,135.24,134.217,133.606,135.655,139.226,141.179,131.483,118.936,115.493,117.455,118.692,114.249,110.18,108.889,110.781,113.924,122.659,124.367,130.175,130.708,135.39,135.539,134.953,131.4,129.845,125.071,125.828,118.991,122.414,123.967,128.184,125.269,130.527,125.75,124.234,125.686,126.12,120.5,117.346,113.012,111.589,112.201,118.181,119.416,117.85,116.285,118.56,118.123,122.305,123.521,116.856,112.712,114.158,112.018,113.081,110.028,110.493,106.673,108.851,108.933,109.009,106.2,108.908,109.888,106.456,104.083,106.431,104.362,106.431,106.114,107.937,106.209,105.355,104.078,101.235,100.593,98.9868,97.1399,96.2857,94.7029,93.6492,93.5527,96.1643,98.2417,96.5472,98.0626,99.0166,99.8242,98.615,99.3805,99.2439,97.5389,95.057,95.5309,92.0082,92.9244,93.1908,92.2302,90.5363,89.2989,87.4358,89.2149,88.9383,90.8153,88.4399,87.2662,89.5812,88.6247,88.5514,90.8929,90.6841,91.1976,90.9872,92.168,92.3793,90.6583,91.6697,91.0717,90.3385,88.035,87.6787,87.5881,85.7283,84.1177,83.521,82.8062,83.577,83.6852,86.2899,86.1873,85.2438,85.9512,86.8004,87.8824,89.2966,89.0209,88.3738,87.1367,86.4798,86.6586,88.2502,88.7951,90.0571,88.4043,88.6263,89.5345,88.9079,89.2641,89.9857,88.6649,88.5909,86.2923,87.388,87.2919,87.0763,87.681,87.4736,88.8964,88.0544,86.6906,87.2605,86.3325,86.0085,85.4592,85.0509,84.3322,81.9709,81.4979,81.5839,81.2937,81.031,80.2436,80.5024,80.5433,81.9648,82.4267,82.8719,83.7945,85.032,85.1782,86.5852,86.1712,86.1278,85.4805,85.8688,85.7916,86.4581,87.2107,87.659,86.9229,88.1456,88.7294,87.8026,88.1997,88.7082,87.2982,87.0737,87.5098,88.3002,87.4575,87.8199,88.9486,87.9115,95.9569,72.8589,143.294,-186.26,
W_Calibration,100,0,0,95.0422,100,108.876,565.016,99.9909,1.74827e-05,0.00127928,0,0,6504.1, ,100,100,100,100,100,100,100,100,100,100,100,100,100,100,100,100,100,100,100,100,100,100,100,100,100,100,100,100,100,100,100,100,100,100,100,100,100,100,100,100,100,100,100,100,100,100,100,100,100,100,100,100,100,100,100,100,100,100,100,100,100,100,100,100,100,100,100,100,100,100,100,100,100,100,100,100,100,100,100,100,100,100,100,100,100,100,100,100,100,100,100,100,100,100,100,100,100,100,100,100,100,100,100,100,100,100,100,100,100,100,100,100,100,100,100,100,100,100,100,100,100,100,100,100,100,100,100,100,100,100,100,100,100,100,100,100,100,100,100,100,100,100,100,100,100,100,100,100,100,100,100,100,100,100,100,100,100,100,100,100,100,100,100,100,100,100,100,100,100,100,100,100,100,100,100,100,100,100,100,100,100,100,100,100,100,100,100,100,100,100,100,100,100,100,100,100,100,100,100,100,100,100,100,100,100,100,100,100,100,100,100,100,100,100,100,100,100,100,100,100,100,100,100,100,100,100,100,100,100,100,100,100,100,100,100,100,100,100,100,100,100,100,100,100,100,100,100,100,100,100,100,100,100,100,100,100,100,100,100,100,100,100,100,100,100,100,100,100,100,100,100,100,100,100,100,100,100,100,100,100,100,100,100,100,100,100,100,100,100,100,100,100,100,100,100,100,100,100,100,100,100,100,100,100,100,100,100,100,100,100,100,100,100,100,100,100,100,100,100,100,100,100,100,100,100,100,100,100,100,100,100,100,100,100,100,100,100,100,100,100,100,100,100,100,100,100,100,100,100,100,100,100,100,100,100,100,100,100,100,100,100,100,100,100,100,100,100,100,100,100,100,100,100,100,100,100,100,100,100,100,100,100,100,100,100,100,100,100,100,100,100,100,100,100,100,100,100,100,100,100,100,100,100,100,100,100,100,100,100,100,100,100,100,100,100,100,100,100,100,100,100,100,100,100,100,100,100,100,100,100,100,100,100,100,100,100,100,100,100,100,100,100,100,100,100,100,100,100,100,100,100,100,100,100,100,100,100,100,100,100,100,100,100,100,100,100,100,100,100,100,100,100,100,100,100,100,100,100,100,100,100,100,100,100,100,100,100,100,100,100,100,100,100,100,100,100,100,100,100,100,100,100,100,100,100,100,100,100,100,100,100,100,100,100,100,100,100,100,100,100,100,100,100,100,100,100,100,100,100,100,100,100,100,100,100,100,100,100,100,100,100,100,100,100,100,100,100,100,100,100,100,100,100,100,100,100,100,100,100,100,100,100,100,100,100,100,100,100,100,100,100,100,100,100,100,100,100,100,100,100,100,100,100,100,100,100,100,100,100,100,100,100,100,100,100,100,100,100,100,100,100,100,100,100,100,100,100,100,100,100,100,100,100,100,100,100,100,100,100,100,100,100,100,100,100,100,100,100,100,100,100,100,100,100,100,100,100,100,100,100,100,100,100,100,100,100,100,100,100,100,100,100,100,100,100,100,100,100,100,100,100,100,100,100,100,100,100,100,100,100,100,100,100,100,100,100,100,100,100,100,100,100,100,100,100,100,100,100,100,100,100,100,100,100,100,100,100,100,100,100,100,100,100,100,100,100,100,100,100,100,100,100,100,100,100,100,100,100,100,100,100,100,100,100,100,100,100,100,100,100,100,100,100,100,100,100,100,100,100,100,100,100,100,100,100,100,100,100,100,100,100,100,100,100,100,100,100,100,100,100,100,100,100,100,100,100,100,100,100,100,100,100,100,100,100,100,100,100,100,100,100,100,100,100,100,100,100,100,100,100,100,100,100,100,100,100,100,100,100,100,100,100,100,100,100,100,100,100,100,100,100,100,100,100,100,100,100,100,100,100,100,100,100,100,100,100,100,100,100,100,100,100,100,100,100,100,100,100,100,100,100,100,100,100,100,100,100,100,100,100,100,100,100,100,100,100,100,100,100,100,100,100,100,100,100,100,100,100,100,100,100,100,100,100,100,100,100,100,100,100,100,100,100,100,100,100,100,100,100,100,100,100,100,100,100,100,100,100,100,100,100,100,100,100,100,100,100,100,100,100,100,100,100,100,100,100,100,100,100,100,100,100,100,100,100,100,100,100,100,100,100,100,100,100,100,100,100,100,100,100,100,100,100,100,100,100,100,100,100,100,100,100,100,100,100,100,100,100,100,100,100,100,100,100,100,100,100,100,100,100,100,100,100,100,100,100,100,100,100,100,100,100,100,100,100,100,100,100,100,100,100,100,100,100,100,100,100,100,100,100,100,100,100,100,100,100,100,100,100,100,100,100,100,100,100,100,100,100,100,100,100,100,100,100,100,100,100,100,100,100,100,100,100,100,100,100,100,100,100,100,100,100,100,100,
F_Calibration,100,0,0,108.104,100,39.2965,491.07,99.9909,0.000170256,0.00127928,0,0,3000.62, ,100,100,100,100,100,100,100,100,100,100,100,100,100,100,100,100,100,100,100,100,100,100,100,100,100,100,100,100,100,100,100,100,100,100,100,100,100,100,100,100,100,100,100,100,100,100,100,100,100,100,100,100,100,100,100,100,100,100,100,100,100,100,100,100,100,100,100,100,100,100,100,100,100,100,100,100,100,100,100,100,100,100,100,100,100,100,100,100,100,100,100,100,100,100,100,100,100,100,100,100,100,100,100,100,100,100,100,100,100,100,100,100,100,100,100,100,100,100,100,100,100,100,100,100,100,100,100,100,100,100,100,100,100,100,100,100,100,100,100,100,100,100,100,100,100,100,100,100,100,100,100,100,100,100,100,100,100,100,100,100,100,100,100,100,100,100,100,100,100,100,100,100,100,100,100,100,100,100,100,100,100,100,100,100,100,100,100,100,100,100,100,100,100,100,100,100,100,100,100,100,100,100,100,100,100,100,100,100,100,100,100,100,100,100,100,100,100,100,100,100,100,100,100,100,100,100,100,100,100,100,100,100,100,100,100,100,100,100,100,100,100,100,100,100,100,100,100,100,100,100,100,100,100,100,100,100,100,100,100,100,100,100,100,100,100,100,100,100,100,100,100,100,100,100,100,100,100,100,100,100,100,100,100,100,100,100,100,100,100,100,100,100,100,100,100,100,100,100,100,100,100,100,100,100,100,100,100,100,100,100,100,100,100,100,100,100,100,100,100,100,100,100,100,100,100,100,100,100,100,100,100,100,100,100,100,100,100,100,100,100,100,100,100,100,100,100,100,100,100,100,100,100,100,100,100,100,100,100,100,100,100,100,100,100,100,100,100,100,100,100,100,100,100,100,100,100,100,100,100,100,100,100,100,100,100,100,100,100,100,100,100,100,100,100,100,100,100,100,100,100,100,100,100,100,100,100,100,100,100,100,100,100,100,100,100,100,100,100,100,100,100,100,100,100,100,100,100,100,100,100,100,100,100,100,100,100,100,100,100,100,100,100,100,100,100,100,100,100,100,100,100,100,100,100,100,100,100,100,100,100,100,100,100,100,100,100,100,100,100,100,100,100,100,100,100,100,100,100,100,100,100,100,100,100,100,100,100,100,100,100,100,100,100,100,100,100,100,100,100,100,100,100,100,100,100,100,100,100,100,100,100,100,100,100,100,100,100,100,100,100,100,100,100,100,100,100,100,100,100,100,100,100,100,100,100,100,100,100,100,100,100,100,100,100,100,100,100,100,100,100,100,100,100,100,100,100,100,100,100,100,100,100,100,100,100,100,100,100,100,100,100,100,100,100,100,100,100,100,100,100,100,100,100,100,100,100,100,100,100,100,100,100,100,100,100,100,100,100,100,100,100,100,100,100,100,100,100,100,100,100,100,100,100,100,100,100,100,100,100,100,100,100,100,100,100,100,100,100,100,100,100,100,100,100,100,100,100,100,100,100,100,100,100,100,100,100,100,100,100,100,100,100,100,100,100,100,100,100,100,100,100,100,100,100,100,100,100,100,100,100,100,100,100,100,100,100,100,100,100,100,100,100,100,100,100,100,100,100,100,100,100,100,100,100,100,100,100,100,100,100,100,100,100,100,100,100,100,100,100,100,100,100,100,100,100,100,100,100,100,100,100,100,100,100,100,100,100,100,100,100,100,100,100,100,100,100,100,100,100,100,100,100,100,100,100,100,100,100,100,100,100,100,100,100,100,100,100,100,100,100,100,100,100,100,100,100,100,100,100,100,100,100,100,100,100,100,100,100,100,100,100,100,100,100,100,100,100,100,100,100,100,100,100,100,100,100,100,100,100,100,100,100,100,100,100,100,100,100,100,100,100,100,100,100,100,100,100,100,100,100,100,100,100,100,100,100,100,100,100,100,100,100,100,100,100,100,100,100,100,100,100,100,100,100,100,100,100,100,100,100,100,100,100,100,100,100,100,100,100,100,100,100,100,100,100,100,100,100,100,100,100,100,100,100,100,100,100,100,100,100,100,100,100,100,100,100,100,100,100,100,100,100,100,100,100,100,100,100,100,100,100,100,100,100,100,100,100,100,100,100,100,100,100,100,100,100,100,100,100,100,100,100,100,100,100,100,100,100,100,100,100,100,100,100,100,100,100,100,100,100,100,100,100,100,100,100,100,100,100,100,100,100,100,100,100,100,100,100,100,100,100,100,100,100,100,100,100,100,100,100,100,100,100,100,100,100,100,100,100,100,100,100,100,100,100,100,100,100,100,100,100,100,100,100,100,100,100,100,100,100,100,100,100,100,100,100,100,100,100,100,100,100,100,100,100,100,100,100,100,100,100,100,100,100,100,100,100,100,100,100,100,100,100,100,100,100,100,100,100,100,100,100,100,100,
W_3532A2/664_G_Very Strong_0.511_VVS2,100.689,-0.560175,0.874658,96.4232,101.793,109.388,565.663,97.9861,0.00738149,0.484719,1.03866,122.638,6450.52, ,33.3333,293.878,-24.7423,169.014,96.4237,96.7506,97.0045,97.688,98.2003,98.7597,98.9186,99.253,99.9649,99.5099,99.335,99.5147,98.623,98.3592,98.0312,98.33,97.9508,97.3609,97.9143,97.6651,97.0572,97.4984,96.7028,96.5787,96.3268,96.0547,96.2411,95.0612,95.1675,94.8057,94.8316,95.5365,95.5291,94.8423,95.0098,95.1819,95.8731,96.0658,96.5407,96.465,96.2646,96.2965,96.6383,96.2384,96.8288,96.9876,96.8285,97.4105,97.5049,97.6189,98.2496,98.1134,98.426,98.4427,98.5938,98.7877,97.7714,97.8592,97.5036,97.5591,97.871,98.2456,97.9323,97.4912,97.8916,98.8052,98.3181,98.8236,98.265,97.8874,98.0039,97.6889,97.9183,97.5614,96.8032,96.9106,96.3362,96.5949,97.0844,96.7993,96.7518,97.0294,96.7149,97.2952,97.533,97.4726,97.1401,97.1336,97.2018,97.1559,96.8385,97.0756,96.5109,96.7639,97.0387,97.5914,97.2021,97.2456,97.1523,97.1178,97.0183,97.5063,96.9447,97.0926,96.3801,96.3476,96.1736,96.4555,96.6411,96.8182,96.8995,97.2481,97.3811,97.7869,97.7712,97.8155,98.0306,98.1561,97.9928,97.9341,97.9624,97.9094,97.8301,98.143,98.3844,98.1118,97.6057,97.461,97.588,97.5173,97.7244,97.5941,97.4302,97.1258,97.127,97.549,97.8135,97.6839,97.5577,97.1793,97.3217,97.2835,97.2034,97.1075,96.9909,97.1722,97.2494,97.4217,97.6624,97.7753,97.8033,98.1431,98.1625,98.631,98.7886,98.6529,98.7219,98.7162,98.9968,99.3775,98.953,99.1074,98.4333,98.2934,98.1612,98.075,97.9241,97.7261,97.6008,97.7956,97.9424,98.3041,98.3078,98.1271,98.0402,97.9628,97.3681,97.2228,96.8733,96.634,96.159,95.967,96.199,96.3206,96.1133,96.1354,95.9296,95.7707,95.378,95.3394,94.9153,94.5052,93.9741,93.8626,93.9311,93.859,93.6878,93.2585,93.1495,93.184,92.9789,92.6751,92.3687,92.0564,91.6721,91.4928,91.584,91.3383,90.9487,90.8849,91.0346,90.9957,90.5845,90.4799,90.2941,90.0149,89.7555,89.5559,89.2444,88.7966,88.4259,88.3671,87.9682,87.6499,87.3846,86.9409,86.6242,86.2547,85.8838,85.1778,84.7057,84.2099,83.5945,82.7797,82.0458,81.2301,80.4332,79.5797,78.9431,78.0202,77.0657,76.1313,75.2094,74.4354,73.5301,72.6141,71.8754,71.2777,70.9381,70.875,70.8665,70.921,70.9347,70.8999,70.718,70.4698,70.1467,69.8405,69.7549,69.9073,70.396,71.1523,72.0612,73.0109,73.9617,74.9961,76.1695,77.3644,78.5353,79.5175,80.0564,79.9871,79.5079,79.4804,80.1016,80.9651,81.9466,83.0416,84.2805,85.9624,88.2607,91.0152,93.218,94.596,95.6873,96.5765,97.4099,98.1594,98.8246,99.4722,100.025,100.45,100.818,101.032,101.252,101.376,101.452,101.514,101.569,101.629,101.69,101.682,101.753,101.774,101.799,101.82,101.8,101.773,101.746,101.703,101.69,101.636,101.598,101.575,101.529,101.529,101.477,101.429,101.388,101.342,101.269,101.228,101.202,101.192,101.158,101.167,101.171,101.203,101.238,101.274,101.317,101.321,101.315,101.348,101.371,101.378,101.375,101.391,101.408,101.396,101.413,101.442,101.451,101.466,101.486,101.487,101.459,101.443,101.428,101.418,101.364,101.275,101.174,101.093,101.031,100.99,101.004,101.027,101.045,101.125,101.26,101.397,101.537,101.647,101.783,101.844,101.93,101.991,102.024,102.034,102.034,102.051,102.072,102.081,102.086,102.092,102.091,102.128,102.117,102.13,102.125,102.106,102.08,102.08,102.066,102.065,102.048,102.069,102.05,102.049,102.076,102.089,102.105,102.098,102.105,102.094,102.098,102.114,102.112,102.1,102.069,102.039,102.028,102,101.989,101.966,101.96,101.934,101.917,101.92,101.927,101.921,101.909,101.895,101.883,101.867,101.857,101.859,101.849,101.837,101.812,101.824,101.833,101.84,101.838,101.855,101.842,101.844,101.842,101.842,101.825,101.829,101.826,101.829,101.823,101.836,101.844,101.841,101.855,101.871,101.864,101.848,101.837,101.825,101.821,101.815,101.814,101.808,101.807,101.784,101.799,101.8,101.811,101.817,101.812,101.821,101.813,101.805,101.844,101.845,101.864,101.835,101.816,101.816,101.805,101.798,101.778,101.749,101.758,101.729,101.74,101.736,101.749,101.749,101.769,101.754,101.755,101.719,101.725,101.74,101.742,101.747,101.753,101.731,101.755,101.747,101.765,101.761,101.746,101.734,101.706,101.68,101.697,101.697,101.7,101.699,101.708,101.707,101.706,101.708,101.722,101.722,101.734,101.728,101.707,101.711,101.714,101.734,101.732,101.728,101.723,101.703,101.689,101.7,101.68,101.68,101.675,101.677,101.696,101.698,101.696,101.712,101.712,101.722,101.746,101.751,101.765,101.77,101.778,101.801,101.801,101.798,101.801,101.755,101.767,101.754,101.733,101.719,101.704,101.724,101.731,101.728,101.758,101.746,101.763,101.759,101.752,101.755,101.746,101.741,101.742,101.735,101.74,101.726,101.722,101.754,101.77,101.767,101.76,101.782,101.802,101.778,101.767,101.774,101.78,101.763,101.768,101.776,101.767,101.75,101.762,101.769,101.779,101.767,101.757,101.751,101.742,101.722,101.714,101.719,101.73,101.753,101.747,101.771,101.798,101.807,101.817,101.83,101.825,101.814,101.776,101.764,101.764,101.768,101.789,101.798,101.818,101.821,101.841,101.849,101.864,101.836,101.804,101.775,101.779,101.748,101.766,101.748,101.756,101.76,101.776,101.797,101.795,101.786,101.805,101.788,101.797,101.799,101.8,101.806,101.8,101.832,101.826,101.834,101.861,101.862,101.882,101.899,101.899,101.91,101.884,101.89,101.887,101.882,101.898,101.89,101.849,101.86,101.847,101.86,101.879,101.913,101.858,101.846,101.826,101.844,101.86,101.864,101.864,101.851,101.802,101.824,101.846,101.866,101.883,101.898,101.883,101.898,101.925,101.945,101.981,102.027,102.032,102.042,101.972,101.994,102.014,102.025,102.063,102.068,101.997,102.006,101.982,102.019,102.027,102.006,102.002,101.937,101.933,101.974,101.98,102.027,102.036,102.032,102.043,101.997,102.024,102.009,101.972,101.956,101.91,101.911,101.932,101.909,101.896,101.848,101.894,101.91,101.99,102.002,102.024,102.023,102.076,102.161,102.241,102.22,102.203,102.066,102.088,102.119,102.196,102.19,102.118,102.078,102.088,102.105,102.205,102.203,102.284,102.27,102.254,102.263,102.256,102.224,102.223,102.222,102.25,102.168,102.138,102.161,102.295,102.375,102.451,102.43,102.42,102.404,102.344,102.326,102.299,102.197,102.238,102.254,102.372,102.326,102.364,102.324,102.309,102.286,102.413,102.336,102.333,102.258,102.359,102.308,102.517,102.575,102.667,102.542,102.461,102.457,102.506,102.406,102.519,102.387,102.301,102.253,102.263,102.407,102.383,102.345,102.428,102.488,102.534,102.452,102.479,102.541,102.529,102.468,102.405,102.363,102.159,102.196,102.381,102.306,102.276,102.131,102.134,102.216,102.27,102.449,102.417,102.346,102.459,102.484,102.631,102.744,102.793,102.814,102.748,102.795,102.921,102.981,103.063,102.992,102.955,102.961,102.958,102.95,102.921,103.027,103.08,103.159,103.377,103.376,103.284,103.098,103.055,103.298,103.037,102.837,102.833,102.719,102.769,103.07,103.186,103.231,103.056,103.184,103.42,103.45,103.345,103.396,103.093,103.074,103.258,103.105,103.161,103.163,103.03,103.179,103.167,103.208,103.332,103.324,103.731,103.487,103.246,103.492,103.21,103.069,102.956,102.945,102.793,102.818,103.128,103.25,102.981,103.421,103.584,103.386,103.383,103.396,103.074,103.13,102.825,102.538,102.229,102.193,102.67,102.708,102.893,102.881,102.503,102.607,102.809,102.891,102.886,102.441,102.131,102.054,101.794,102.046,102.276,102.194,102.428,102.275,102.477,102.453,102.375,102.861,102.87,102.867,103.176,102.947,102.691,102.819,103.14,102.961,102.565,102.646,102.708,102.306,102.279,102.441,102.199,101.906,102.164,102.434,102.278,101.801,102.283,102.133,102.934,102.904,103.326,103.124,102.749,102.371,102.281,102.094,102.368,101.665,101.86,101.454,101.458,101.495,101.892,102.537,102.415,102.119,102.305,102.276,102.652,103.243,103.046,103.108,102.47,102.731,102.759,102.594,102.5,101.877,101.524,101.629,101.546,102.21,101.975,101.819,102.181,102.353,102.487,102.42,102.797,102.783,102.32,102.28,102.477,102.158,101.857,102.116,101.962,101.749,101.761,101.802,102.085,101.637,101.972,102.531,102.864,102.936,102.895,102.92,103.125,103.222,103.817,103.358,103.15,103.071,102.826,103.078,102.934,102.795,102.508,102.494,102.583,102.448,101.642,102.379,102.143,101.802,102.08,102.164,102.133,102.156,102.292,102.665,102.433,102.672,103.031,102.54,102.214,102.074,102.004,102.108,102.212,102.069,101.99,102.212,102.603,102.97,103.257,103.568,103.457,103.663,103.659,103.613,103.443,102.966,102.588,102.428,102.344,102.126,102.078,102.389,102.356,102.345,102.426,102.646,102.551,102.26,102.626,102.529,102.092,102.058,101.872,102.115,66.2069,-0,-74.2268,24.7423,
F_3532A2/664_G_Very Strong_0.511_VVS2,113.697,22.0019,-159.451,169.649,139.771,276.113,469.156,565.377,0.473659,4.99157,160.962,-82.1436,14173.1, ,20,-188.034,-295.359,-47.4198,72.6407,72.2102,72.085,72.6447,72.7477,72.5288,72.3234,72.0176,71.8305,71.4713,71.8222,72.7156,72.7125,73.0997,73.2028,73.2988,73.4432,72.9373,73.109,72.9652,72.6384,72.7929,72.5628,72.4929,73.2198,73.2204,73.5126,73.7094,73.7298,73.1196,73.3462,73.0514,73.6146,72.989,72.6706,72.8433,72.7567,72.2723,72.7592,72.3694,72.6387,72.1089,72.511,72.665,72.2388,71.8086,71.8162,71.6606,72.1182,72.5495,72.7469,72.8036,72.6074,72.8784,73.5317,74.1637,74.7164,73.6914,73.4242,73.3952,73.3949,74.4358,74.6675,74.8686,74.5137,73.9024,74.2634,74.1631,74.5026,74.6457,74.5836,74.6272,74.2374,74.5306,74.8305,74.8724,74.8662,75.0255,75.0876,74.8803,74.2341,74.3323,74.151,74.0973,74.5254,74.5936,74.6565,74.1556,74.2002,74.9098,74.7884,75.2753,75.0988,74.9576,74.8574,74.305,75.0246,74.8099,75.038,75.1984,75.3848,75.3581,75.4926,75.6944,75.9965,75.5782,75.6907,75.0045,74.9582,74.4221,74.5814,74.1237,74.271,73.8861,74.295,74.394,74.5139,74.5782,74.8867,74.822,74.8031,74.741,75.2081,74.7662,74.6341,75.315,75.4828,75.5149,75.7458,76.5608,76.8026,77.1705,77.2455,77.4003,77.0104,76.6117,76.2007,76.2914,75.759,74.9988,74.2886,74.0525,74.0157,73.8938,73.9982,74.0732,73.6267,73.47,73.7939,73.6175,73.4938,73.2439,72.9802,72.6849,72.7578,72.8747,73.0101,72.9929,72.9799,72.9307,72.7275,72.6991,72.5946,72.1771,72.0279,71.8348,71.4616,71.2378,71.1349,71.1343,71.0845,71.176,71.2288,71.0243,70.9678,71.0289,71.218,71.1623,71.0917,71.0891,70.9908,70.8989,71.0611,71.0712,71.2204,71.1161,71.2736,71.3811,71.3244,71.2386,71.3612,71.33,71.3792,71.3041,71.5421,71.8425,72.188,72.6546,73.0559,73.4353,73.8195,73.9609,74.1003,74.0451,73.922,73.7272,73.4934,73.1512,72.7867,72.4344,72.0923,71.7616,71.4567,71.1418,70.8037,70.4493,70.1098,69.741,69.3514,68.9462,68.5368,68.1063,67.6724,67.2754,66.9269,66.5793,66.2727,66.0037,65.7655,65.5379,65.3259,65.1381,64.9501,64.7001,64.5104,64.3987,64.2801,64.242,64.2571,64.3581,64.5111,64.6804,64.9104,65.1043,65.1734,65.2172,65.2597,65.3127,65.5435,65.8546,66.3636,66.8833,67.5736,68.4618,69.4013,70.4467,71.4857,72.4066,73.5608,74.7611,76.2377,78.1241,80.3882,83.6954,87.7002,92.3094,97.8875,104.066,111.469,120.443,132.719,150.915,174.857,197.592,217.53,236.087,254.918,275.032,295.286,313.72,327.629,335.527,348.387,368.028,396.207,430.55,468.227,510.286,553.15,596.339,636.824,671.049,696.63,713.687,723.906,729.407,729.341,729.043,726.079,730.413,742.319,764.683,787.072,809.979,825.52,836.604,844.803,851.399,851.711,850.163,841.116,832.381,821.499,816.814,815.288,814.759,815.136,817.816,820.558,825.494,828.433,834.848,837.601,839.926,837.119,833.508,826.106,816.57,807.722,800.176,788.665,780.247,771.507,766.448,762.307,758.253,755.749,751.452,745.184,739.705,732.742,725.053,715.645,706.298,696.607,684.4,673.263,663.517,653.581,642.496,633.009,622.734,612.919,603.386,593.451,583.518,574.368,566.108,558.466,550.361,543.098,535.28,525.519,517.412,509.424,500.339,490.476,480.806,471.944,463.047,453.57,445.91,437.672,428.866,420.515,412.464,405.374,397.162,389.672,382.3,375.47,368.647,360.755,353.854,346.713,339.413,332.445,325.125,318.92,312.613,306.452,301.474,295.307,290.332,285.315,280.284,275.717,270.145,265.224,260.432,255.365,250.983,246.022,241.531,237.437,233.014,228.935,225.104,220.995,217.117,213.68,210.469,206.852,203.719,200.434,197.367,194.559,191.735,189.298,186.72,183.804,181.472,178.695,176.584,174.887,172.545,170.339,168.507,166.381,164.68,163.089,161.103,159.484,157.291,155.5,154.53,152.984,151.631,150.26,148.632,147.648,146.202,145.194,144.397,142.858,141.623,140.473,139.458,138.429,137.358,136.625,135.337,134.313,133.311,132.564,131.762,130.733,129.815,128.981,128.037,127.507,126.559,126.185,125.442,124.645,124.164,124.177,123.943,123.581,123.324,122.742,122.191,121.81,121.725,121.477,120.554,120.009,119.572,118.924,118.873,118.55,118.06,117.561,117.367,117.313,117.201,116.88,116.995,116.854,116.466,116.294,115.995,115.865,115.481,115.143,115.088,114.634,114.337,114.503,114.186,113.852,113.332,113.306,113.067,112.633,112.754,112.6,112.641,112.564,113.013,112.93,112.878,113.091,113.039,112.89,112.645,112.327,112.46,112.183,112.193,112.021,111.796,112.251,111.846,111.939,111.977,111.916,111.968,112.057,111.967,111.873,111.437,111.648,111.514,111.598,111.587,111.528,111.492,111.721,111.646,111.797,111.829,112.169,112.222,112.512,112.426,112.713,112.7,113.038,113.231,113.255,113.21,112.784,112.597,112.625,112.492,112.727,112.925,113.261,113.605,113.213,113.495,113.296,113.753,113.949,114.134,113.881,113.199,112.828,113.361,113.256,113.333,113.449,113.236,113.126,113.592,114.108,113.991,114.165,114.237,114.211,114.178,114.266,113.295,112.818,112.748,113.901,114.132,114.166,114.69,115.187,114.795,116.143,116.453,116.951,116.542,116.949,117.167,117.289,117.019,117.588,116.808,117.51,117.83,118.288,118.072,118.013,118.42,118.229,118.556,119.989,118.876,118.244,117.673,117.472,118.451,117.823,117.511,117.635,117.401,118.293,118.92,120.169,120.58,120.383,121.235,122.656,123.333,123.569,123.61,123.303,122.567,123.066,122.453,122.185,121.883,122.158,122.162,121.864,122.444,122.407,122.414,123.026,123.593,123.606,122.222,122.291,123.375,122.928,122.997,122.821,123.148,123.182,123.288,123.509,123.602,122.609,121.833,122.002,121.923,122.035,121.825,122.684,123.496,123.752,124.098,125.821,125.664,125.864,126.272,127.552,126.132,126.181,126.179,127.847,127.289,127.593,128.617,128.199,126.319,125.24,126.006,126.335,125.385,126.849,129.328,129.293,130.7,132.15,135.385,134.081,133.554,134.377,134.881,133.809,130.729,132.281,131.635,130.935,131.248,131.621,131.825,130.349,129.04,132.025,129.031,129.452,128.472,129.467,129.507,128.017,130.102,131.981,131.388,132.992,134.083,134.649,134.796,135.614,136.144,133.931,134.756,136.837,137.562,136.111,138.031,138.34,138.74,144.094,144.342,140.505,136.437,136.362,138.81,135.778,134.764,131.966,127.563,129.077,131.669,132.328,130.747,130.278,131.247,129.301,133.609,139.844,137.934,133.755,137.232,137.615,135.043,135.703,141.189,141.393,136.13,144.622,151.605,150.214,152.465,155.456,155.842,160.236,155.842,153.805,145.457,144.398,143.921,144.754,145.333,146.471,139.224,136.951,137.589,138.721,137.154,135.408,133.175,128.469,129.215,130.82,133.565,134.153,134.827,139.411,138.635,139.23,142.537,140.32,142.236,144.576,140.971,143.257,138.642,145.661,148.987,154.122,150.333,150.748,146.147,144.106,140.963,140.09,136.514,135.662,129.065,136.359,136.85,135.755,143.173,148.211,154.999,159.93,164.41,170.388,162.43,155.43,153.809,147.313,140.641,134.103,125.116,122.481,126.851,130.265,131.44,127.461,127.052,120.953,118.319,120.252,115.777,109.361,103.246,100.263,110.551,113.367,117.647,119.216,124.023,126.419,124.913,131.672,133.82,127.376,124.594,125.669,123.691,115.668,113.395,113.419,107.598,105.744,104.391,101.91,102.586,103.255,104.563,102.228,103.638,106.138,106.717,106.693,110.432,102.032,101.317,104.837,105.702,102.025,102.37,100.583,103.064,98.9111,97.5236,99.566,97.0942,97.7965,98.5041,102.362,101.989,97.8785,101.294,107.202,105.674,104.518,105.542,108.878,101.566,105.434,108.086,103.955,102.335,100.809,97.9319,96.9508,95.737,97.0697,93.4141,91.9267,91.0645,91.4411,85.6739,83.8968,81.4681,80.107,79.0254,80.0992,80.4627,80.5107,79.252,81.7449,81.7449,83.3957,81.0038,82.1439,81.1668,81.9586,81.3512,80.6151,80.3241,80.3793,79.9515,81.9346,80.7275,81.5056,79.7264,80.9612,81.52,82.4151,81.5789,79.9576,79.0218,77.2253,74.4878,75.084,72.9215,72.6419,71.9546,72.7847,71.4391,70.4254,70.4466,72.0301,73.0084,73.5514,73.694,73.0226,73.8279,75.2667,77.6566,78.2729,77.863,76.764,77.683,78.5141,79.0202,78.2129,78.969,76.8807,77.6169,78.6719,77.9641,78.053,77.5304,77.0214,77.2308,76.0586,77.2357,76.5027,77.7224,77.5796,77.0214,76.2054,78.2322,77.9035,78.0952,76.9134,77.8683,75.3138,76.0781,76.9288,77.6137,76.0031,75.2859,76.1671,76.8064,75.9519,76.4265,75.8912,76.2286,75.5298,75.5298,76.6965,75.9799,76.4673,76.936,76.8122,77.3277,77.4554,77.7159,77.5115,77.7992,77.8804,77.6677,76.6008,76.9283,76.6702,75.9196,75.5821,75.3123,74.4707,74.4669,73.0814,73.967,74.3134,73.4705,73.1644,72.5688,71.9277,72.6961,72.5944,73.296,73.1462,72.3566,73.4018,73.5449,73.9593,74.0044,74.0177,75.2302,75.9687,76.9285,78.1304,77.4306,78.4244,78.5529,341.737,15333.3,-38.5675,35333.3,
W_3520A2/384_G_Medium_0.54_VVS2,100.729,-0.627573,1.34607,96.4834,101.897,108.73,568.751,96.0482,0.0117803,0.351593,1.48517,114.996,6407.56, ,300,6.12245,77.3196,63.3803,97.3824,97.1359,97.5659,98.123,98.2035,98.5322,99.228,99.485,100.172,99.7407,99.9937,100.044,99.8694,99.45,99.2345,99.1635,98.4881,97.8706,98.5452,98.1716,97.6803,97.2165,96.7057,96.9322,96.6565,96.4512,96.7042,95.8138,95.9856,96.133,96.3375,97.6318,97.4828,97.3976,97.5589,97.3248,97.5277,97.2748,97.5326,97.3603,96.6551,96.6,96.0642,95.9441,96.7678,97.1172,97.2107,97.602,97.9255,97.6839,97.4431,98.1573,98.408,97.6704,97.522,97.3044,96.6831,96.716,96.8789,97.2889,96.7932,97.1344,97.0571,96.7544,97.3639,97.6387,96.9991,97.1739,96.7597,96.5348,96.8016,97.419,97.7401,97.6709,97.0358,97.5684,97.3406,97.2453,98.068,97.4437,97.0816,96.9801,96.7,97.3822,97.0969,96.9404,97.2418,96.774,96.8609,96.7525,96.6151,96.6126,95.988,96.3225,96.4717,96.8979,96.9217,97.2475,97.3872,97.6919,97.8683,98.3068,97.892,98.0364,97.4512,97.52,97.573,97.5975,97.7804,97.7759,97.9428,98.1411,98.2686,98.438,98.2751,98.2044,98.4194,98.1579,98.3069,97.9782,98.4863,98.658,98.5628,98.776,98.5122,98.0856,97.913,97.6289,97.7833,97.4915,97.6436,97.9662,98.0902,98.3708,98.4471,98.8416,99.1836,99.1993,99.1618,98.9911,98.6199,98.3884,98.1974,98.2167,97.9412,97.8697,97.9309,97.763,97.9507,97.9717,98.2329,98.4297,98.5384,99.289,99.0982,99.0636,99.271,99.0597,99.2006,99.4295,99.0048,98.7838,98.1497,98.1223,98.0765,97.8319,97.5723,97.4607,97.3,97.8576,98.113,98.1123,97.9235,97.8651,98.2936,98.2872,98.2137,98.0148,97.3175,96.9704,96.7199,96.8964,96.6498,96.1891,96.2897,96.0827,95.9843,95.9617,95.9306,96.1546,95.8597,95.6646,95.4612,95.2733,95.3408,95.2314,95.1635,95.0314,94.6592,94.4513,94.157,93.6184,93.2862,93.0615,92.8177,92.3458,92.2402,92.3005,92.1593,92.1167,92.2481,92.2443,92.1092,91.7689,91.9392,91.429,91.153,90.8842,90.8062,90.5593,90.1278,89.8358,89.6436,89.1513,89.0939,88.5258,88.2934,87.8585,87.4816,86.9332,86.3326,85.8069,85.2898,84.6669,84.2088,83.48,82.7383,82.0478,81.4277,80.7526,79.8315,78.9947,78.1916,77.4002,76.6243,75.8364,75.1124,74.5757,74.3259,74.2778,74.3845,74.4287,74.4249,74.4286,74.2299,74.0249,73.7812,73.5333,73.4578,73.5875,74.0343,74.7355,75.5281,76.4338,77.3005,78.2224,79.2661,80.3404,81.3721,82.2475,82.7237,82.6452,82.134,82.066,82.5449,83.2646,84.1236,85.0678,86.1154,87.5307,89.568,92.0109,93.9311,95.1187,95.9678,96.6218,97.2363,97.7643,98.255,98.666,99.0498,99.3629,99.6187,99.8108,99.9771,100.129,100.245,100.336,100.44,100.513,100.556,100.571,100.638,100.683,100.699,100.707,100.71,100.697,100.679,100.652,100.678,100.668,100.661,100.65,100.635,100.625,100.587,100.552,100.527,100.481,100.437,100.405,100.397,100.373,100.368,100.368,100.396,100.436,100.477,100.505,100.546,100.55,100.594,100.632,100.675,100.695,100.687,100.691,100.694,100.693,100.716,100.733,100.75,100.784,100.795,100.829,100.842,100.831,100.826,100.814,100.778,100.679,100.589,100.505,100.436,100.402,100.442,100.474,100.553,100.655,100.805,100.924,101.068,101.213,101.353,101.441,101.523,101.556,101.573,101.6,101.646,101.662,101.694,101.726,101.72,101.758,101.799,101.854,101.879,101.905,101.939,101.918,101.908,101.943,101.913,101.92,101.917,101.925,101.901,101.905,101.947,101.962,101.97,101.997,101.998,101.972,101.982,101.993,101.996,101.971,101.938,101.913,101.923,101.898,101.909,101.891,101.902,101.906,101.907,101.935,101.93,101.922,101.936,101.935,101.943,101.949,101.942,101.947,101.931,101.942,101.93,101.915,101.91,101.903,101.888,101.886,101.885,101.886,101.889,101.884,101.883,101.879,101.873,101.881,101.888,101.894,101.911,101.916,101.913,101.925,101.943,101.957,101.971,101.971,101.968,101.965,101.964,101.973,101.979,101.956,101.969,101.962,101.975,101.99,101.985,101.993,101.984,101.971,101.979,101.97,101.972,101.952,101.948,101.947,101.919,101.935,101.939,101.932,101.923,101.917,101.909,101.888,101.894,101.921,101.928,101.918,101.94,101.946,101.948,101.962,101.973,101.983,101.992,101.964,101.972,101.969,101.973,101.968,101.974,101.955,101.929,101.942,101.957,101.968,101.981,101.976,101.986,101.991,102.016,102.039,102.008,102.011,102.009,101.987,101.969,101.975,101.971,101.96,101.953,101.964,101.96,101.949,101.963,101.984,101.974,101.989,101.99,101.997,101.99,101.987,101.975,101.97,101.961,101.95,101.938,101.943,101.946,101.975,101.996,102.021,102.03,102.031,102.042,102.024,102.03,102.019,101.987,101.984,101.976,101.993,102.002,101.991,101.981,101.977,101.979,101.992,101.99,101.991,101.965,101.944,101.951,101.962,101.98,101.979,101.97,101.964,101.984,101.988,101.997,102.011,102.054,102.035,102.041,102.031,102.063,102.058,102.083,102.098,102.072,102.045,102.067,102.07,102.105,102.086,102.072,102.049,102.051,102.064,102.067,102.054,102.058,102.06,102.049,102.082,102.101,102.087,102.09,102.089,102.078,102.047,102.035,102.03,102.017,102.005,102.031,102.051,102.036,102.04,102.074,102.07,102.068,102.052,102.043,102.052,102.047,102.066,102.082,102.061,102.068,102.094,102.104,102.142,102.118,102.111,102.141,102.161,102.181,102.178,102.193,102.196,102.171,102.181,102.187,102.17,102.167,102.159,102.167,102.171,102.182,102.195,102.218,102.211,102.224,102.204,102.244,102.245,102.22,102.238,102.249,102.242,102.286,102.302,102.31,102.303,102.298,102.299,102.272,102.253,102.236,102.236,102.199,102.21,102.195,102.242,102.247,102.25,102.258,102.262,102.223,102.238,102.245,102.258,102.251,102.266,102.281,102.325,102.349,102.419,102.445,102.443,102.462,102.454,102.48,102.509,102.449,102.46,102.422,102.385,102.418,102.415,102.436,102.438,102.445,102.479,102.485,102.488,102.512,102.473,102.462,102.397,102.353,102.351,102.387,102.355,102.333,102.323,102.355,102.34,102.404,102.4,102.41,102.4,102.466,102.536,102.575,102.554,102.576,102.49,102.523,102.499,102.518,102.444,102.382,102.364,102.404,102.477,102.564,102.528,102.584,102.614,102.628,102.612,102.629,102.565,102.488,102.477,102.572,102.569,102.552,102.599,102.659,102.635,102.739,102.762,102.702,102.657,102.606,102.605,102.637,102.578,102.644,102.562,102.545,102.607,102.653,102.623,102.541,102.562,102.659,102.69,102.738,102.69,102.711,102.679,102.791,102.925,102.889,102.738,102.654,102.702,102.84,102.796,102.932,102.844,102.795,102.812,102.917,103.005,102.898,102.896,102.908,102.879,102.89,102.797,102.764,102.762,102.579,102.597,102.547,102.578,102.435,102.564,102.647,102.75,102.852,102.982,103.068,103.035,103.154,103.339,103.232,103.291,103.328,103.242,103.183,103.074,103.014,103.066,102.874,102.948,102.895,102.832,102.85,102.911,102.843,103.013,102.931,103.012,102.884,102.885,102.95,103.162,103.356,103.51,103.44,103.297,103.258,103.481,103.35,103.382,103.152,103.055,102.971,103.217,103.384,103.533,103.406,103.519,103.224,103.381,103.31,103.451,103.039,102.991,102.745,102.56,102.581,102.649,102.446,102.462,102.254,102.344,102.27,102.631,103.094,103.128,103.195,103.292,103.288,103.368,103.378,103.378,103.38,103.206,103.28,103.384,103.455,103.449,103.591,103.464,103.663,103.274,103.082,102.953,102.706,102.433,102.322,102.163,102.467,102.329,102.636,102.76,102.875,102.941,103.24,103.516,103.37,103.156,103.151,103.075,102.859,102.95,103.089,102.82,102.977,103.073,103.292,103.315,103.436,103.552,103.282,103.331,103.603,103.218,103.113,102.79,102.695,102.361,102.228,102.544,102.471,102.297,102.512,102.729,102.913,102.751,102.949,102.996,102.982,103.085,103.608,103.373,103.897,103.882,104.054,104.011,103.919,103.307,103.059,102.681,102.756,102.45,102.384,102.548,102.487,102.47,102.71,102.862,102.879,102.432,102.307,102.567,102.584,102.872,102.535,102.853,102.785,103.082,103.413,103.341,103.013,102.633,102.278,102.535,102.322,102.501,102.323,102.166,102.402,102.539,102.581,102.837,103.064,103.026,102.804,102.545,102.732,102.434,102.418,102.585,102.396,102.536,102.673,102.747,102.915,102.771,102.848,103.1,103.093,103.256,103.474,103.226,103.183,103.178,103.401,103.337,103.207,103.272,102.85,102.661,102.64,102.458,102.444,102.604,102.573,102.578,102.467,102.915,102.665,102.607,102.628,102.521,102.321,102.106,102.19,102.328,102.598,102.786,102.982,103.18,103.123,103.21,103.199,103.361,103.35,102.864,102.662,102.558,102.555,102.686,102.543,102.749,102.515,102.442,102.124,102.405,102.334,102.131,102.023,101.913,102.105,101.602,101.573,102.027,102.137,102.499,102.475,102.447,102.41,102.232,102.941,103.441,103.476,103.188,102.847,103.118,84.8276,821.739,3.09278,77.3196,
F_3520A2/384_G_Medium_0.54_VVS2,107.511,13.3162,-106.386,140.531,120.71,159.959,468.444,447.863,0.334193,3.35383,107.216,-82.8655,5384.28, ,60,29.9145,-137.131,88.5635,76.0003,75.7887,76.0181,76.5331,76.8939,76.9214,77.0617,77.0697,76.8248,76.7775,76.3251,76.6954,76.3033,75.9202,75.8858,75.4067,75.1646,75.1045,75.1732,75.7817,75.2995,75.7476,75.9365,75.8923,76.7623,76.9445,76.9291,77.2024,77.4065,77.3972,77.2487,76.6111,76.4961,75.5434,75.5871,75.3498,75.2137,74.4875,74.2553,73.9763,73.7797,73.6026,74.5705,74.5408,74.5879,74.2134,74.4549,74.875,74.9122,75.4701,76.1859,75.6536,75.1783,75.3336,75.4801,75.0825,75.1641,74.8985,74.4429,73.8338,73.7739,74.1801,74.3839,74.8435,75.3713,75.2344,75.1424,75.6378,76.2602,76.6206,76.3278,76.0849,75.9988,76.5141,76.4223,76.881,76.5595,76.165,76.4731,76.6519,76.7418,76.8056,76.2031,76.2291,76.0349,76.2958,76.6529,76.3596,76.5828,77.0801,77.2231,77.634,77.5,77.4001,77.1871,77.053,77.1711,76.9879,76.7014,76.5391,76.4024,76.7226,76.9671,77.4122,77.5281,77.1825,76.973,76.5463,76.4683,76.8607,76.6737,76.6245,76.5531,76.3745,76.6631,76.7602,76.95,77.0207,76.6683,76.6753,76.8579,76.6452,77.3,77.3747,77.3754,77.7566,77.7118,77.7966,77.6581,78.1541,78.5176,78.2748,78.1229,78.1242,78.0796,78.1796,78.3614,78.6295,78.5035,77.8526,77.5981,77.5486,77.7581,77.2882,77.0442,77.0118,76.6816,76.2585,76.6329,76.3923,76.4563,76.2433,76.2156,76.2556,76.1299,76.166,76.2519,76.1074,76.3158,76.1696,75.9564,75.7671,75.5406,75.3043,75.072,74.9483,74.7339,74.5157,74.4232,74.3766,74.4111,74.7032,74.8413,74.8711,74.7356,74.6731,74.7446,74.7611,74.9284,75.0418,74.9038,74.6964,74.8563,74.9829,75.1575,75.2263,75.2292,75.2609,75.2264,75.2508,75.3019,75.2604,75.3448,75.2809,75.3656,75.5766,75.9463,76.3729,76.7555,77.2428,77.5612,77.7998,77.9196,77.8927,77.7782,77.6347,77.3653,77.0509,76.7202,76.3982,76.0693,75.7802,75.5175,75.2215,74.9076,74.5905,74.2784,73.9482,73.6002,73.2388,72.8528,72.441,72.06,71.6927,71.3702,71.0398,70.7162,70.4381,70.2111,69.9735,69.7742,69.5672,69.3469,69.1153,68.9619,68.871,68.7774,68.6947,68.7795,68.8231,68.9494,69.1331,69.3201,69.4029,69.4275,69.4297,69.4049,69.3268,69.4514,69.6984,70.0595,70.5081,71.0043,71.7066,72.4061,73.1406,73.8662,74.5521,75.2186,75.9145,76.5435,77.7352,79.2825,81.2859,83.5998,86.4214,89.7137,93.4256,97.5879,102.912,109.943,119.711,132.888,145.34,156.183,166.469,176.763,187.625,198.31,207.948,215.201,219.048,225.143,235.324,250.021,267.382,287.001,308.998,330.727,353.201,373.988,392.158,404.959,413.565,418.906,421.486,420.938,420.736,418.666,420.786,426.667,438.441,449.797,461.508,469.604,475.3,479.681,483.329,482.947,481.688,476.745,471.794,466.134,463.637,463.059,462.992,463.329,465.613,467.603,470.228,472.447,475.375,476.636,477.855,476.131,474.059,470.6,465.426,461.079,457.126,452.07,448.324,443.793,441.524,439.759,436.809,435.439,433.155,429.805,426.556,422.684,418.901,414.04,409.557,404.997,399.282,393.611,388.607,383.481,377.62,373.077,367.899,362.355,357.423,352.105,346.447,342.046,337.712,334.383,330.119,326.52,322.664,317.839,313.875,310.252,305.252,300.151,295.001,290.127,285.385,280.745,276.701,272.569,268.341,264.378,260.715,256.737,252.8,249.094,245.116,241.354,237.675,233.546,230.065,226.264,222.721,218.833,215.01,211.596,208.505,205.405,202.886,199.321,196.639,194.048,191.845,189.248,186.412,184.04,181.715,178.834,176.827,174.329,172.031,169.704,167.738,165.674,163.595,161.393,159.613,157.859,156.138,154.233,152.629,150.451,149.149,147.78,146.334,145.21,143.713,142.388,141.242,140.017,139.362,138.513,137.221,135.768,134.868,133.832,133.011,132.107,130.86,129.874,128.389,127.444,127.038,126.09,125.43,124.661,124.16,123.598,122.952,122.503,122.193,121.847,121.284,120.729,120.226,119.512,119.089,118.67,118.313,117.516,116.753,116.088,115.702,115.192,114.587,114.145,113.815,113.421,113.389,113.095,112.958,112.587,112.248,112.275,112.206,111.911,111.865,111.493,111.323,111.317,111.085,111.061,110.899,110.539,110.673,110.214,110.188,109.981,109.674,109.523,109.409,109.056,109.063,108.607,108.65,108.35,108.255,107.998,107.863,107.896,107.814,107.632,107.551,107.579,107.72,107.738,107.367,107.316,106.834,107.151,107.041,106.817,106.546,106.554,106.779,107.116,107.551,107.732,107.499,107.697,107.869,108.103,107.879,107.572,107.538,107.407,107.571,107.626,107.555,107.777,107.725,107.91,107.994,108.048,107.891,107.767,107.473,107.545,107.313,107.501,107.395,107.385,107.5,107.592,107.557,107.742,107.619,107.609,107.652,107.674,107.89,108.445,108.068,108.68,108.632,108.948,109.121,108.717,108.86,108.673,108.069,108.18,107.751,107.913,108.046,108.244,108.593,108.431,108.276,108.475,108.948,109.243,109.768,109.132,108.988,108.763,109.142,109.465,109.638,109.577,109.624,109.575,110.523,110.678,110.574,110.377,110.091,110.024,110.546,110.078,109.837,109.387,109.424,110.366,110.856,111.032,111.421,111.322,111.44,111.275,111.393,112.223,112.201,112.233,112.47,112.79,112.348,112.626,112.688,113.193,112.815,112.795,113.16,113.05,112.686,113.036,113.322,113.991,113.477,113.109,112.497,111.833,112.788,112.643,112.753,112.84,112.926,113.562,113.991,115.403,115.924,115.996,115.986,116.607,117.45,118.33,117.596,117.47,116.08,116.093,115.628,115.683,115.331,115.156,114.453,115.102,115.617,116.513,117.184,117.608,119.244,119.546,119.251,118.862,119.558,119.04,119.09,118.203,118.05,116.743,117.381,116.093,116.483,115.142,114.986,114.757,114.634,114.403,115.065,114.656,116.507,115.798,116.522,117.155,118.281,119.104,119.168,119.49,118.586,118.395,120.086,121.519,121.933,121.272,121.892,122.779,122.359,122.547,123.041,122.917,121.951,122.145,122.627,122.734,123.452,123.456,124.292,124.108,124.099,124.377,125.682,125.385,123.444,124.122,124.516,125.546,124.386,123.819,124.495,123.167,122.694,124.52,122.832,122.176,119.343,120.388,122.136,121.047,122.44,123.787,123.989,125.257,126.028,128.13,128.178,127.795,129.244,127.127,126.21,126.682,126.673,127.128,128.495,127.781,127.217,129.455,129.953,130.975,130.019,129.368,129.798,128.026,128.195,127.485,123.036,125.643,124.605,123.614,123.635,121.585,121.599,121.986,123.854,128.157,124.434,123.894,127.681,128.377,128.133,130.465,132.557,131.695,131.779,139.191,140.238,137.994,139.826,143.686,144.639,146.289,144.907,140.303,134.686,133.843,131.346,129.845,131.772,129.782,126.995,124.55,126.986,124.754,124.682,123.809,124.304,119.854,120.26,118.099,119.389,114.586,115.955,118.068,119.611,117.824,120.647,123.944,124.559,123.496,126.866,128.85,128.643,132.685,134.954,135.829,128.935,133.71,134.234,129.685,129.05,130.091,126.77,123.789,123.037,123.264,125.183,126.952,131.591,133.622,134.748,143.474,155.724,153.392,147.373,138.247,137.347,135.037,134.356,129.024,123.1,115.909,121.591,127.192,129.241,127.072,132.544,122.764,123.203,122.965,118.408,112.707,107.757,102.484,105.271,101.482,104.098,104.966,106.666,110.793,109.076,118.838,120.556,120.127,117.108,120.479,116.691,112.813,107.09,104.193,95.5458,97.7536,92.7012,89.6089,89.2394,89.5741,88.9785,90.6719,95.539,98.2166,98.8701,99.589,105.587,100.657,102.069,103.471,102.847,99.947,99.2424,96.5683,101.001,99.6177,99.6085,99.2681,98.1916,101.001,99.9475,102.405,104.118,100.625,102.033,105.508,105.716,105.218,105.584,108.921,102.933,101.901,104.529,100.264,100.257,99.3616,95.9775,95.0916,92.8885,97.1022,95.2707,92.9585,94.1359,93.7882,91.6047,90.8683,86.8739,86.1512,82.5023,84.6726,84.7496,82.059,80.364,81.0464,82.4884,82.361,80.3423,80.3337,79.2098,78.8983,78.1078,77.9398,77.0714,76.2686,77.0907,79.3999,79.5535,79.0341,79.6017,81.5375,82.7949,83.2614,83.2179,82.8889,82.6802,81.2015,80.9043,80.7546,81.4578,81.0741,81.9482,81.622,81.5503,79.5121,81.112,81.2423,82.3115,81.0166,80.9253,78.5811,79.491,79.6918,81.7372,80.7816,80.1523,79.7857,81.4648,81.3029,82.3642,81.0779,81.5279,79.9376,80.3332,81.8172,79.7502,78.2717,79.1678,78.5372,79.4571,79.2464,79.3423,79.7386,78.3419,78.6868,79.1386,77.5328,78.7553,78.938,77.1921,77.7351,76.9726,76.1184,75.7942,76.5439,76.7357,76.114,75.788,77.58,78.012,77.9331,79.7037,80.2003,81.1877,81.7017,82.0928,81.4809,80.5208,80.252,79.6357,77.8639,77.2452,75.309,75.0041,73.4557,74.0994,74.0414,73.9611,73.6223,74.8446,74.7773,74.7553,75.2307,75.9631,76.2973,77.3125,78.0664,79.8513,80.4125,81.5364,82.3627,80.597,81.505,81.0582,81.4533,80.8371,80.9165,81.2321,80.2437,79.7203,80.3574,79.5676,78.9736,78.0971,78.362,77.9793,77.405,78.5303,78.3004,78.9138,245.098,-17166.7,122.59,14833.3,
W_Calibration,100,0,0,95.0422,100,108.876,565.016,99.9909,1.74827e-05,0.00127928,0,0,6504.1, ,100,100,100,100,100,100,100,100,100,100,100,100,100,100,100,100,100,100,100,100,100,100,100,100,100,100,100,100,100,100,100,100,100,100,100,100,100,100,100,100,100,100,100,100,100,100,100,100,100,100,100,100,100,100,100,100,100,100,100,100,100,100,100,100,100,100,100,100,100,100,100,100,100,100,100,100,100,100,100,100,100,100,100,100,100,100,100,100,100,100,100,100,100,100,100,100,100,100,100,100,100,100,100,100,100,100,100,100,100,100,100,100,100,100,100,100,100,100,100,100,100,100,100,100,100,100,100,100,100,100,100,100,100,100,100,100,100,100,100,100,100,100,100,100,100,100,100,100,100,100,100,100,100,100,100,100,100,100,100,100,100,100,100,100,100,100,100,100,100,100,100,100,100,100,100,100,100,100,100,100,100,100,100,100,100,100,100,100,100,100,100,100,100,100,100,100,100,100,100,100,100,100,100,100,100,100,100,100,100,100,100,100,100,100,100,100,100,100,100,100,100,100,100,100,100,100,100,100,100,100,100,100,100,100,100,100,100,100,100,100,100,100,100,100,100,100,100,100,100,100,100,100,100,100,100,100,100,100,100,100,100,100,100,100,100,100,100,100,100,100,100,100,100,100,100,100,100,100,100,100,100,100,100,100,100,100,100,100,100,100,100,100,100,100,100,100,100,100,100,100,100,100,100,100,100,100,100,100,100,100,100,100,100,100,100,100,100,100,100,100,100,100,100,100,100,100,100,100,100,100,100,100,100,100,100,100,100,100,100,100,100,100,100,100,100,100,100,100,100,100,100,100,100,100,100,100,100,100,100,100,100,100,100,100,100,100,100,100,100,100,100,100,100,100,100,100,100,100,100,100,100,100,100,100,100,100,100,100,100,100,100,100,100,100,100,100,100,100,100,100,100,100,100,100,100,100,100,100,100,100,100,100,100,100,100,100,100,100,100,100,100,100,100,100,100,100,100,100,100,100,100,100,100,100,100,100,100,100,100,100,100,100,100,100,100,100,100,100,100,100,100,100,100,100,100,100,100,100,100,100,100,100,100,100,100,100,100,100,100,100,100,100,100,100,100,100,100,100,100,100,100,100,100,100,100,100,100,100,100,100,100,100,100,100,100,100,100,100,100,100,100,100,100,100,100,100,100,100,100,100,100,100,100,100,100,100,100,100,100,100,100,100,100,100,100,100,100,100,100,100,100,100,100,100,100,100,100,100,100,100,100,100,100,100,100,100,100,100,100,100,100,100,100,100,100,100,100,100,100,100,100,100,100,100,100,100,100,100,100,100,100,100,100,100,100,100,100,100,100,100,100,100,100,100,100,100,100,100,100,100,100,100,100,100,100,100,100,100,100,100,100,100,100,100,100,100,100,100,100,100,100,100,100,100,100,100,100,100,100,100,100,100,100,100,100,100,100,100,100,100,100,100,100,100,100,100,100,100,100,100,100,100,100,100,100,100,100,100,100,100,100,100,100,100,100,100,100,100,100,100,100,100,100,100,100,100,100,100,100,100,100,100,100,100,100,100,100,100,100,100,100,100,100,100,100,100,100,100,100,100,100,100,100,100,100,100,100,100,100,100,100,100,100,100,100,100,100,100,100,100,100,100,100,100,100,100,100,100,100,100,100,100,100,100,100,100,100,100,100,100,100,100,100,100,100,100,100,100,100,100,100,100,100,100,100,100,100,100,100,100,100,100,100,100,100,100,100,100,100,100,100,100,100,100,100,100,100,100,100,100,100,100,100,100,100,100,100,100,100,100,100,100,100,100,100,100,100,100,100,100,100,100,100,100,100,100,100,100,100,100,100,100,100,100,100,100,100,100,100,100,100,100,100,100,100,100,100,100,100,100,100,100,100,100,100,100,100,100,100,100,100,100,100,100,100,100,100,100,100,100,100,100,100,100,100,100,100,100,100,100,100,100,100,100,100,100,100,100,100,100,100,100,100,100,100,100,100,100,100,100,100,100,100,100,100,100,100,100,100,100,100,100,100,100,100,100,100,100,100,100,100,100,100,100,100,100,100,100,100,100,100,100,100,100,100,100,100,100,100,100,100,100,100,100,100,100,100,100,100,100,100,100,100,100,100,100,100,100,100,100,100,100,100,100,100,100,100,100,100,100,100,100,100,100,100,100,100,100,100,100,100,100,100,100,100,100,100,100,100,100,100,100,100,100,100,100,100,100,100,100,100,100,100,100,100,100,100,100,100,100,100,100,100,100,100,100,100,100,100,100,100,100,100,100,100,100,100,100,100,100,100,100,100,100,100,100,100,100,100,100,100,100,100,100,100,100,100,100,100,100,100,100,100,100,100,100,100,100,100,100,100,100,100,100,100,100,100,100,100,100,100,100,100,100,
F_Calibration,100,0,0,108.104,100,39.2965,491.07,99.9909,0.000170256,0.00127928,0,0,3000.62, ,0,100,100,100,100,100,100,100,100,100,100,100,100,100,100,100,100,100,100,100,100,100,100,100,100,100,100,100,100,100,100,100,100,100,100,100,100,100,100,100,100,100,100,100,100,100,100,100,100,100,100,100,100,100,100,100,100,100,100,100,100,100,100,100,100,100,100,100,100,100,100,100,100,100,100,100,100,100,100,100,100,100,100,100,100,100,100,100,100,100,100,100,100,100,100,100,100,100,100,100,100,100,100,100,100,100,100,100,100,100,100,100,100,100,100,100,100,100,100,100,100,100,100,100,100,100,100,100,100,100,100,100,100,100,100,100,100,100,100,100,100,100,100,100,100,100,100,100,100,100,100,100,100,100,100,100,100,100,100,100,100,100,100,100,100,100,100,100,100,100,100,100,100,100,100,100,100,100,100,100,100,100,100,100,100,100,100,100,100,100,100,100,100,100,100,100,100,100,100,100,100,100,100,100,100,100,100,100,100,100,100,100,100,100,100,100,100,100,100,100,100,100,100,100,100,100,100,100,100,100,100,100,100,100,100,100,100,100,100,100,100,100,100,100,100,100,100,100,100,100,100,100,100,100,100,100,100,100,100,100,100,100,100,100,100,100,100,100,100,100,100,100,100,100,100,100,100,100,100,100,100,100,100,100,100,100,100,100,100,100,100,100,100,100,100,100,100,100,100,100,100,100,100,100,100,100,100,100,100,100,100,100,100,100,100,100,100,100,100,100,100,100,100,100,100,100,100,100,100,100,100,100,100,100,100,100,100,100,100,100,100,100,100,100,100,100,100,100,100,100,100,100,100,100,100,100,100,100,100,100,100,100,100,100,100,100,100,100,100,100,100,100,100,100,100,100,100,100,100,100,100,100,100,100,100,100,100,100,100,100,100,100,100,100,100,100,100,100,100,100,100,100,100,100,100,100,100,100,100,100,100,100,100,100,100,100,100,100,100,100,100,100,100,100,100,100,100,100,100,100,100,100,100,100,100,100,100,100,100,100,100,100,100,100,100,100,100,100,100,100,100,100,100,100,100,100,100,100,100,100,100,100,100,100,100,100,100,100,100,100,100,100,100,100,100,100,100,100,100,100,100,100,100,100,100,100,100,100,100,100,100,100,100,100,100,100,100,100,100,100,100,100,100,100,100,100,100,100,100,100,100,100,100,100,100,100,100,100,100,100,100,100,100,100,100,100,100,100,100,100,100,100,100,100,100,100,100,100,100,100,100,100,100,100,100,100,100,100,100,100,100,100,100,100,100,100,100,100,100,100,100,100,100,100,100,100,100,100,100,100,100,100,100,100,100,100,100,100,100,100,100,100,100,100,100,100,100,100,100,100,100,100,100,100,100,100,100,100,100,100,100,100,100,100,100,100,100,100,100,100,100,100,100,100,100,100,100,100,100,100,100,100,100,100,100,100,100,100,100,100,100,100,100,100,100,100,100,100,100,100,100,100,100,100,100,100,100,100,100,100,100,100,100,100,100,100,100,100,100,100,100,100,100,100,100,100,100,100,100,100,100,100,100,100,100,100,100,100,100,100,100,100,100,100,100,100,100,100,100,100,100,100,100,100,100,100,100,100,100,100,100,100,100,100,100,100,100,100,100,100,100,100,100,100,100,100,100,100,100,100,100,100,100,100,100,100,100,100,100,100,100,100,100,100,100,100,100,100,100,100,100,100,100,100,100,100,100,100,100,100,100,100,100,100,100,100,100,100,100,100,100,100,100,100,100,100,100,100,100,100,100,100,100,100,100,100,100,100,100,100,100,100,100,100,100,100,100,100,100,100,100,100,100,100,100,100,100,100,100,100,100,100,100,100,100,100,100,100,100,100,100,100,100,100,100,100,100,100,100,100,100,100,100,100,100,100,100,100,100,100,100,100,100,100,100,100,100,100,100,100,100,100,100,100,100,100,100,100,100,100,100,100,100,100,100,100,100,100,100,100,100,100,100,100,100,100,100,100,100,100,100,100,100,100,100,100,100,100,100,100,100,100,100,100,100,100,100,100,100,100,100,100,100,100,100,100,100,100,100,100,100,100,100,100,100,100,100,100,100,100,100,100,100,100,100,100,100,100,100,100,100,100,100,100,100,100,100,100,100,100,100,100,100,100,100,100,100,100,100,100,100,100,100,100,100,100,100,100,100,100,100,100,100,100,100,100,100,100,100,100,100,100,100,100,100,100,100,100,100,100,100,100,100,100,100,100,100,100,100,100,100,100,100,100,100,100,100,100,100,100,100,100,100,100,100,100,100,100,100,100,100,100,100,100,100,100,100,100,100,100,100,100,100,100,100,100,100,100,100,100,100,100,100,100,100,100,100,100,100,100,100,100,100,100,100,100,100,100,100,100,100,100,100,100,
W_3520A2/219_D_Faint_0.505_SI1,100.442,-0.0792318,0.239283,96.0876,101.148,109.732,571.01,100.1,0.00217148,0.00826071,0.25206,108.321,6484.42, ,20,-104.167,100.694,-101.389,98.6934,98.316,97.754,98.2572,97.9829,97.7428,97.9472,98.5658,98.7628,98.3768,98.4051,99.2193,99.2453,100.108,100.354,99.5454,99.11,98.7551,99.6462,100.106,99.5049,99.5301,99.1986,99.1546,99.1088,99.5373,100.032,100.032,99.7992,100.078,99.6881,99.5545,99.6926,100.438,100.301,100.098,99.2348,99.5898,99.7222,99.5712,99.4865,99.3589,98.8988,98.6949,98.9106,99.7335,99.5682,99.2604,99.5719,99.6571,99.5368,99.1931,99.501,99.3019,99.0306,99.0747,99.7693,99.7125,99.7727,99.9098,100.493,100.607,100.698,100.982,100.996,100.818,100.98,100.954,100.652,101.33,101.341,101.19,101.114,101.542,101.409,101.529,101.287,101.44,100.797,100.667,100.351,100.349,99.6156,99.5337,99.0498,99.1707,99.0923,98.8486,98.4781,98.9094,99.2246,99.682,99.7324,100.246,100.565,100.879,101.393,101.639,101.77,101.699,101.504,101.342,101.287,100.896,100.306,100.259,100.542,100.272,99.6972,99.7427,100.078,100.252,100.049,100.553,100.392,100.547,100.774,100.942,100.883,100.441,100.313,100.635,100.873,100.549,100.158,100.199,100.212,99.9362,100.212,99.95,99.8673,99.4163,99.5668,99.4579,99.7055,99.8694,99.9241,100.086,100.476,100.526,100.777,100.509,100.76,100.572,100.228,100.189,99.9134,99.5883,99.7837,99.2933,99.7851,99.6443,99.4399,100.134,100.107,99.8004,99.776,99.7127,99.8908,99.603,99.5795,99.6059,99.2368,99.5236,99.9677,99.7716,99.6395,99.9316,99.9681,99.9199,100.029,100.221,100.184,99.8495,100.016,99.8501,99.8155,99.817,99.7831,99.5774,99.2852,99.191,99.1,99.3208,99.3397,99.3689,99.5035,99.5202,99.3086,99.4311,99.4182,99.1071,98.8636,98.4853,98.0342,97.8119,97.8346,97.8688,97.4716,97.5811,97.8965,97.6826,98.232,98.3321,98.1842,97.8462,97.7641,97.765,97.8705,97.8211,97.7975,97.4529,97.3612,97.3272,97.4134,97.6211,97.6338,97.2631,97.1636,97.0556,96.8224,96.7075,96.819,96.9414,96.7265,96.6191,96.4435,96.3555,96.3847,96.3443,96.4453,96.4188,96.2882,96.0999,96.1552,96.2178,96.2319,95.8798,95.7004,95.2715,94.8645,94.5308,94.3934,94.0517,93.7736,93.4652,93.3759,93.2441,93.2515,93.1952,93.2636,93.3273,93.3705,93.4031,93.4503,93.3709,93.2977,93.2805,93.3582,93.4549,93.6355,93.9079,94.2394,94.5477,94.9151,95.2823,95.6674,96.0038,96.3806,96.672,96.8141,96.7523,96.5476,96.4417,96.5413,96.6987,96.9429,97.1437,97.4335,97.8104,98.376,99.1286,99.6642,99.9792,100.151,100.314,100.462,100.614,100.764,100.901,100.966,101.041,101.101,101.079,101.125,101.15,101.095,101.096,101.041,101.01,100.97,100.969,101.021,100.961,100.951,100.962,100.961,100.995,101.011,101.035,100.99,100.967,100.98,100.966,100.958,100.983,100.978,100.984,100.969,100.957,100.961,100.952,100.949,100.936,100.909,100.896,100.893,100.903,100.931,100.949,100.975,100.984,101.022,101.024,101.033,101.021,101.016,101.006,100.984,100.964,100.943,100.895,100.904,100.893,100.896,100.908,100.916,100.918,100.907,100.919,100.946,100.934,100.946,100.932,100.906,100.913,100.91,100.933,100.945,100.952,100.969,100.997,101.028,101.06,101.064,101.077,101.063,101.069,101.072,101.051,101.03,100.995,100.978,100.973,100.974,100.998,100.997,101.004,101.032,101.053,101.09,101.103,101.111,101.115,101.092,101.103,101.083,101.1,101.089,101.076,101.043,101.046,101.047,101.08,101.079,101.088,101.084,101.082,101.097,101.137,101.135,101.141,101.144,101.136,101.157,101.156,101.169,101.161,101.159,101.144,101.162,101.172,101.16,101.155,101.137,101.14,101.159,101.161,101.186,101.154,101.165,101.186,101.177,101.199,101.197,101.195,101.177,101.165,101.199,101.164,101.173,101.19,101.167,101.151,101.158,101.173,101.179,101.147,101.155,101.168,101.154,101.162,101.162,101.152,101.155,101.158,101.18,101.19,101.171,101.169,101.175,101.178,101.165,101.157,101.146,101.124,101.118,101.113,101.114,101.114,101.115,101.118,101.117,101.099,101.13,101.128,101.133,101.123,101.109,101.101,101.105,101.112,101.144,101.12,101.121,101.121,101.131,101.129,101.14,101.142,101.142,101.116,101.116,101.105,101.102,101.123,101.129,101.121,101.125,101.122,101.157,101.157,101.163,101.157,101.134,101.129,101.145,101.144,101.172,101.159,101.179,101.19,101.188,101.186,101.203,101.193,101.194,101.172,101.162,101.154,101.133,101.14,101.154,101.157,101.142,101.146,101.16,101.17,101.174,101.201,101.201,101.197,101.208,101.236,101.228,101.22,101.233,101.215,101.201,101.19,101.2,101.172,101.155,101.168,101.171,101.16,101.158,101.175,101.204,101.213,101.235,101.264,101.265,101.266,101.253,101.263,101.265,101.267,101.245,101.25,101.24,101.243,101.256,101.278,101.288,101.277,101.251,101.28,101.274,101.262,101.239,101.238,101.229,101.217,101.23,101.238,101.232,101.249,101.242,101.277,101.255,101.274,101.295,101.297,101.305,101.306,101.302,101.332,101.309,101.33,101.322,101.304,101.303,101.293,101.279,101.256,101.242,101.247,101.244,101.25,101.261,101.249,101.264,101.272,101.283,101.291,101.287,101.268,101.29,101.3,101.29,101.291,101.288,101.308,101.294,101.323,101.317,101.307,101.299,101.328,101.316,101.338,101.322,101.333,101.315,101.338,101.31,101.316,101.298,101.313,101.322,101.327,101.33,101.318,101.362,101.373,101.388,101.409,101.422,101.392,101.431,101.43,101.467,101.459,101.482,101.482,101.485,101.48,101.498,101.472,101.498,101.489,101.517,101.523,101.519,101.542,101.578,101.58,101.591,101.589,101.614,101.582,101.578,101.576,101.544,101.522,101.536,101.554,101.584,101.59,101.572,101.595,101.625,101.637,101.648,101.651,101.632,101.663,101.656,101.695,101.689,101.638,101.673,101.657,101.659,101.677,101.625,101.644,101.637,101.662,101.704,101.645,101.67,101.677,101.637,101.654,101.636,101.63,101.653,101.704,101.718,101.711,101.717,101.713,101.726,101.713,101.714,101.646,101.621,101.662,101.661,101.646,101.712,101.701,101.718,101.716,101.749,101.766,101.762,101.78,101.824,101.817,101.873,101.866,101.83,101.771,101.79,101.777,101.836,101.769,101.774,101.752,101.69,101.766,101.816,101.845,101.897,101.798,101.836,101.893,101.891,102.036,102.014,102.01,101.949,101.958,102.008,102.042,101.909,101.857,101.802,101.842,101.841,101.84,101.879,101.812,101.837,101.925,101.926,101.88,101.859,101.979,102.018,102.05,102.131,102.089,102.189,102.25,102.331,102.303,102.272,102.222,102.114,102.053,102.106,102.052,102.008,102.072,102.143,102.059,102.095,102.253,102.435,102.415,102.35,102.365,102.306,102.229,102.15,102.107,102.006,101.977,101.978,101.961,101.978,102.163,102.083,102.228,102.3,102.17,102.125,102.064,102,101.923,101.761,101.892,102.017,102.037,102.25,102.379,102.419,102.526,102.624,102.617,102.631,102.422,102.261,102.181,102.175,102.235,102.202,102.2,102.334,102.241,102.316,102.459,102.721,102.486,102.475,102.619,102.753,102.473,102.593,102.57,102.604,102.295,102.263,102.161,102.347,102.195,102.443,102.682,102.812,102.931,102.999,103.255,103.44,103.234,103.452,103.446,102.961,102.752,102.703,102.784,102.718,102.478,102.359,102.343,102.067,102.278,102.297,102.215,102.256,102.169,102.273,102.232,101.882,102.171,102.114,101.958,101.858,101.803,101.919,101.9,101.852,102.126,101.96,101.991,102.504,102.511,102.3,102.367,102.754,102.724,102.523,102.614,102.48,102.162,102.072,102.129,102.168,101.781,102.298,102.567,102.299,102.33,102.481,102.381,102.408,102.123,102.245,101.925,101.476,101.79,101.582,101.355,101.598,101.249,101.566,101.754,101.438,101.258,100.833,100.911,100.948,100.675,101.163,100.769,100.295,100.602,101.019,100.87,100.818,100.843,101.18,100.727,100.717,100.719,100.574,100.475,101.085,101.598,101.673,101.796,101.652,101.889,102.127,102.037,102.033,101.743,101.561,101.68,101.365,101.659,101.648,101.44,101.5,101.76,101.688,101.809,101.476,101.65,101.58,101.146,101.039,101.073,100.572,100.887,100.618,100.723,100.618,100.675,101.474,101.645,101.712,101.533,101.219,101.297,101.364,101.648,101.438,101.049,101.276,100.922,101.329,101.384,101.39,101.261,100.764,101.033,101.064,100.963,100.938,100.881,101.123,101.312,101.301,101.176,100.773,100.803,100.429,100.624,100.611,100.403,100.273,100.186,100.924,101.189,101.024,101.295,101.448,101.45,101.652,101.496,101.854,101.236,101.374,101.627,101.695,101.822,102.01,101.809,101.753,101.647,102.002,102.13,101.928,101.818,101.856,102.074,102.331,102.369,102.507,102.035,101.897,102.014,102.183,101.915,101.619,101.539,101.474,101.1,101.243,101.186,101.146,101.163,101.333,101.579,101.337,101.593,102.056,101.996,102.063,102.05,102.012,102.194,50.5208,51.0417,98.6111,-134.028,
F_3520A2/219_D_Faint_0.505_SI1,103.35,6.54053,-61.0676,122.291,108.916,93.3324,468.358,322.492,0.194768,1.71506,61.4169,-83.8868,3745.91, ,0,102.473,3.57143,23.7448,95.288,96.8106,96.3142,96.6538,97.0967,96.8953,97.0869,96.6316,95.9374,96.0791,95.3491,95.2456,94.3802,94.0958,93.9989,94.6787,94.4171,93.5685,93.7142,93.8022,93.8646,94.203,94.0156,94.5011,94.1843,93.8279,94.2921,93.1459,92.8508,93.2192,92.9849,92.991,93.2631,92.6044,92.2449,92.5337,93.7655,93.9844,93.8341,93.9063,93.158,93.0435,93.6179,94.4127,94.7221,94.0839,93.6798,93.9331,94.4521,94.5974,94.4287,94.9149,95.0751,94.881,94.975,94.7538,94.4585,94.1405,94.8696,94.2605,93.3383,93.3613,93.5238,93.6981,94.3473,94.1614,93.8949,93.8539,94.5192,95.0074,94.8413,94.7471,94.6607,94.7262,94.5485,94.4686,94.1901,93.7567,93.5338,93.3217,92.8479,92.9759,92.8711,93.5619,93.7108,93.3994,93.6905,93.5401,93.9445,94.3785,94.0972,93.7481,93.4286,93.2947,93.8127,93.9617,94.5618,94.0814,94.0309,94.1227,94.8534,94.0082,93.5883,93.6853,94.023,94.2713,94.1518,94.2983,94.8126,94.4598,94.8959,95.7872,95.7795,95.0522,94.623,95.2847,95.6399,95.4437,95.2561,95.8707,95.6411,95.5917,95.2985,95.0543,94.5935,93.7875,94.0998,94.0426,94.0671,94.14,94.1977,94.3705,95.1993,95.6368,95.7171,95.3939,94.5295,94.3138,93.9671,93.5824,93.6782,93.0269,92.398,92.2325,92.3722,93.2595,93.3301,93.4834,93.4089,93.2198,93.7364,93.7123,93.7,93.4249,92.9022,92.9282,93.0066,93.0737,93.1366,92.486,92.8673,93.2722,93.2541,93.36,93.4543,93.5853,93.7911,93.7419,94.0636,93.957,93.8242,93.9466,94.233,94.2257,94.0501,93.9414,94.1472,94.173,94.1968,94.0509,94.2215,94.2469,94.0999,94.0182,93.7528,93.6986,93.6067,93.4865,93.5839,93.4209,93.3725,93.4011,93.3725,93.6281,93.7091,94.0092,94.2236,94.1334,94.2273,94.3934,94.5202,94.5845,94.5998,94.5708,94.5062,94.4258,94.3955,94.285,94.2013,94.1386,94.1056,94.045,93.9894,93.9395,93.8882,93.8229,93.7809,93.706,93.5981,93.4836,93.3881,93.2575,93.1183,92.986,92.8598,92.7237,92.6181,92.5501,92.4444,92.3358,92.2603,92.2219,92.1345,92.0709,91.9968,91.8977,91.8301,91.8744,91.8753,91.9701,91.9535,92.0429,92.0688,92.0887,92.2117,92.2917,92.2403,92.2628,92.2781,92.3928,92.5933,92.8288,93.242,93.4604,93.7867,94.074,94.3394,94.7329,95.0763,95.5641,96.0943,96.4435,97.1725,97.9408,99.1689,100.481,102.127,103.911,105.807,108.515,112.83,120.084,130.538,139.341,145.646,150.888,156.302,161.71,166.785,170.094,170.05,166.591,165.575,169.325,174.952,182.178,190.652,200.156,210.66,221.495,230.247,237.848,243.539,247.082,249.06,249.371,248.42,246.458,244.737,245.654,248.305,251.722,257.135,261.389,265.192,268.158,270.755,272.243,272.733,271.8,270.064,266.982,264.972,263.062,262.111,261.967,262.501,262.977,263.598,265.289,266.74,268.958,270.132,271.155,270.458,268.802,266.63,264.512,261.888,259.428,256.457,254.587,252.471,251.291,249.928,249.132,248.142,246.807,246.176,244.494,242.455,240.372,237.885,235.712,233.163,231.01,228.591,225.674,223.242,220.836,218.618,216.697,214.587,212.245,210.403,208.534,206.814,205.289,203.555,201.037,198.677,196.807,195.006,192.555,190.698,187.947,185.66,183.318,181.212,179.939,177.685,175.983,174.243,172.449,171.11,168.994,167.673,166.311,164.227,162.745,160.434,158.703,156.787,155.26,153.591,151.882,150.518,148.851,147.575,146.841,145.625,144.419,142.814,141.871,140.719,139.437,138.686,137.691,136.395,135.382,134.51,133.838,132.723,131.644,130.838,129.925,129.011,128.23,127.307,126.298,125.483,124.547,124.043,123.395,122.361,121.376,120.737,119.908,119.429,118.673,118.638,117.768,117.158,116.648,116.08,115.411,115.172,114.735,114.477,113.707,113.378,113.058,112.955,112.676,112.28,111.978,111.456,111.123,111.227,110.952,110.463,109.876,109.801,109.704,109.526,109.614,109.329,108.707,108.461,108.185,108.129,107.793,107.311,107.194,106.634,106.537,106.421,106.434,106.273,106.283,106.25,106.467,105.93,105.646,105.59,105.555,105.24,105.52,105.278,105.22,105.063,104.872,105.073,104.847,104.694,104.992,104.716,104.759,104.491,104.615,104.807,104.434,104.451,104.177,103.755,103.803,103.684,103.812,103.492,103.407,103.633,103.583,103.924,103.795,103.549,103.331,103.168,103.218,103.281,103.35,103.152,102.85,102.878,102.819,103.022,102.811,102.34,102.186,101.997,101.913,102.06,102.065,102.328,102.366,102.368,102.735,102.668,102.894,103.251,103.276,103.335,103.222,103.159,103.597,103.679,103.75,103.521,103.378,103.128,103.188,103.021,102.703,102.692,102.785,102.831,103.116,103.239,103.062,103.014,103.072,103.138,103.082,103.014,102.921,102.9,102.995,103.095,103.185,103.331,104.078,103.645,103.833,103.85,103.841,103.491,103.57,103.412,103.262,102.659,103.142,102.897,102.862,102.729,102.665,103.299,103.239,103.144,103.024,102.442,102.373,102.776,103.019,103.114,102.401,102.999,103.071,103.576,104.032,104.261,103.995,103.629,103.813,104.101,104.198,104.699,104.064,103.779,103.836,104.493,104.097,103.657,103.529,102.351,103.339,103.891,104.152,104.069,103.31,103.447,103.719,104.04,104.542,103.07,102.879,102.726,102.627,102.81,103.407,103.837,104.393,105.388,105.821,106.542,107.044,106.919,107.138,106.97,107.507,106.99,106.439,106.251,105.547,105.687,105.906,106.077,105.779,104.841,105.29,105.22,104.486,104.02,103.834,103.474,103.368,103.669,104.302,103.375,103.855,105.538,106.261,105.667,106.246,107.127,106.358,105.752,106.005,105.637,105.392,106.395,107.589,107.03,106.089,107.199,108.012,108.067,107.572,105.633,104.365,104.306,104.757,104.456,104.454,103.961,104.293,105.096,106.274,105.939,105.1,104.842,105.64,105.272,105.959,105.358,105.582,106.449,107.192,107.092,107.895,108.092,109.244,107.184,109.235,107.926,107.397,107.999,108.361,107.176,107.183,107.177,108.721,106.346,108.821,109.021,108.192,108.704,110.192,110.824,110.887,110.356,111.857,110.233,110.765,111.159,111.034,112.945,111.032,110.038,110.942,110.431,110.323,111.153,111.141,112.498,111.349,111.653,112.627,113.752,114.112,113.922,113.4,113.063,110.337,108.503,108.515,106.551,105.37,104.689,103.486,103.246,103.044,104.141,104.635,106.366,109.543,111.305,109.535,110.442,108.453,108.351,108.38,107.456,105.807,103.908,99.1542,100.637,102.367,103.486,103.135,103.399,103.531,103.142,103.403,103.885,104.883,103.439,103.728,104.326,102.599,105.661,106.814,107.833,111.648,112.914,113.898,114.463,113.219,112.168,114.855,115.402,118.858,117.211,113.572,113.939,111.278,114.569,118.792,112.496,114.133,109.647,113.952,116.113,116.909,118.095,113.928,114.939,115.991,113.621,113.653,110.689,109.025,108.193,112.212,116.021,109.19,111.206,114.712,116.683,121.172,119.668,115.812,109.55,107.301,110.215,108.506,104.327,102.389,96.5285,96.7835,100.506,101.946,100.846,101.628,100.882,104.482,105.516,111.697,116.329,115.477,118.064,119.707,117.444,114.199,107.138,106.79,98.3717,102.269,99.2512,100.598,97.9194,102.492,98.7121,108.175,109.534,111.6,103.396,102.79,105.274,107.107,103.562,108.266,103.973,105.49,101.767,102.176,107.613,103.43,105.423,103.334,99.3789,98.997,95.8847,97.9266,97.8641,97.8561,93.2461,90.6305,92.8115,96.6851,97.4591,99.7136,110.244,106.644,104.591,105.111,100.522,97.1005,93.5657,93.5657,90.5771,84.6064,90.6887,89.0424,91.6566,95.8773,95.0328,98.9085,95.3856,95.6927,93.8043,88.7772,88.5813,85.5399,85.7132,89.3093,89.4981,91.4407,89.4217,92.9641,94.4687,98.9276,104.539,105.08,104.551,104.602,104.668,106.138,103.575,105.945,105.052,102.571,98.7622,98.2649,94.4109,94.4516,93.5444,93.8777,92.5221,89.5753,88.4657,92.4122,91.8513,93.9632,92.6214,94.1411,95.6535,94.4021,95.4842,98.0629,95.1881,94.1197,91.7868,91.4644,91.7968,90.5327,91.6738,91.3219,89.7663,90.851,90.8397,91.7392,91.6516,92.248,92.0935,90.2473,90.3739,90.2009,91.1975,93.3535,95.4591,98.0422,99.3368,100.271,103.33,102.856,103.455,102.132,101.172,99.2589,96.9342,96.2901,95.4538,93.244,94.3645,94.1692,94.7701,94.4774,94.0179,93.4715,90.6298,90.921,92.3933,91.9414,92.4088,91.9577,91.2951,91.0374,93.232,94.084,93.9848,92.4212,91.9981,91.2827,91.6716,92.8447,93.4784,93.3574,94.6615,94.6615,96.3917,96.78,95.5959,95.3497,95.2595,96.5522,96.9408,95.7819,96.0511,95.3865,96.2834,97.0697,97.366,97.6941,96.9918,96.015,95.5642,95.9839,95.8994,93.9368,95.0058,93.7014,91.8459,91.4138,90.4244,90.7339,90.6645,91.1078,92.3789,91.594,92.7724,94.4994,95.7802,97.2709,96.2666,96.0585,94.4883,93.8757,93.9952,93.2586,92.8651,92.0197,91.3967,93.3488,92.4461,93.5557,93.9952,92.5556,92.5072,92.2213,91.8646,91.8495,91.0045,92.1983,91.8297,91.794,93.5823,95.7654,92.2414,36.5385,98.4899,-12.6777,
W_3492A2/149_J_Faint_0.565_VS1,100.445,-1.2138,3.04381,95.444,101.155,105.199,569.85,87.89,0.0270898,0.462983,3.27691,111.741,6279.57, ,-60,102.5,116.25,34.1667,95.1595,94.7462,94.4766,94.3941,93.8147,93.3194,93.336,93.8968,94.2103,93.6872,94.0221,94.6131,95.0659,96.233,96.372,96.1868,95.7661,95.4129,95.6646,95.838,95.4579,95.8998,95.7048,95.8181,95.6839,95.7976,96.1567,96.2079,96.3868,96.2082,95.9436,95.5908,95.6177,96.4437,96.5505,96.1806,96.1276,96.0752,96.1007,95.4069,95.4744,95.3425,94.5131,93.9597,94.129,94.4643,94.0698,94.2864,94.6404,94.4467,94.6116,94.4772,94.8485,94.935,94.2938,94.6969,94.7366,94.4914,94.7551,94.6914,95.2717,95.2743,95.5218,95.751,95.7173,95.6602,95.5235,95.1853,95.2603,95.402,95.1878,95.0105,94.9841,94.8668,94.9447,95.2511,95.0511,95.1996,94.8503,94.5033,93.9068,94.3093,94.2198,94.24,93.8543,94.0136,93.6154,93.4807,93.506,93.9069,93.4675,93.482,93.6387,94.0537,94.3912,94.4118,94.715,94.7374,94.7185,94.7448,94.7155,94.6687,94.7182,94.4553,94.2969,94.0722,94.427,94.2875,94.1973,94.0989,93.8413,94.1016,93.6242,94.2322,94.5352,94.8335,95.4539,95.5385,95.425,95.1037,94.6719,95.3223,95.3502,95.2316,95.1821,95.0779,95.3303,95.5837,95.6083,96.0691,96.2054,96.1624,96.2303,96.1939,96.1571,95.9253,95.6245,96.3751,96.0287,95.8687,95.9885,95.7657,95.9446,95.8809,95.5704,95.8714,95.4867,95.9091,96.0293,95.4951,96.0033,95.684,95.7604,96.4183,96.5232,96.7272,96.3744,96.4924,96.6427,95.9168,95.8576,95.3741,95.6257,95.6928,95.8444,95.8403,95.5558,95.7399,96.2404,95.8483,96.0797,95.7604,95.4622,95.1463,95.2042,95.2954,95.0611,94.4685,94.9077,94.7361,94.5186,94.2254,93.6568,93.4616,93.071,92.9039,92.8091,92.5949,92.287,91.6933,91.6476,91.6495,91.359,91.0133,90.8836,90.7069,90.464,90.0152,90.032,89.9733,89.5863,89.3627,89.4472,89.1869,88.9693,88.7438,88.5557,88.2803,87.8937,87.949,87.5642,87.2193,86.8416,86.6565,86.4155,86.5426,86.3192,85.9066,85.522,85.3027,85.0877,84.6825,84.3018,83.9121,83.4267,83.0585,82.694,82.3712,81.9601,81.3365,80.8122,80.2106,79.3657,78.5838,77.8249,77.0987,76.161,75.2437,74.2086,73.2641,72.1929,71.3007,70.3712,69.4343,68.4414,67.5318,66.8383,66.3364,66.1214,65.9385,65.9223,65.9872,66.0423,66.0582,65.9753,65.6956,65.3333,65.0669,65.0659,65.2971,65.8475,66.6845,67.6938,68.7528,69.8427,71.063,72.3178,73.5702,74.8216,75.8504,76.3848,76.2156,75.6052,75.4485,75.876,76.6773,77.6741,78.6872,79.9624,81.7032,84.1079,86.9669,89.2027,90.5779,91.5094,92.2248,92.8962,93.4024,93.8218,94.2344,94.5623,94.851,95.1471,95.3837,95.6333,95.8801,96.0839,96.2699,96.398,96.5506,96.6429,96.7196,96.8187,96.8911,96.9136,96.9666,96.983,97.0274,97.0702,97.1299,97.1447,97.1688,97.1761,97.1859,97.1858,97.2189,97.1958,97.1209,97.0284,96.9618,96.8857,96.8428,96.8369,96.832,96.8039,96.8651,96.9521,97.0756,97.1773,97.2873,97.379,97.4303,97.4951,97.5803,97.6185,97.6248,97.6421,97.6654,97.7012,97.7527,97.8091,97.8777,97.9486,98.0397,98.1318,98.1988,98.275,98.3088,98.2811,98.2359,98.1375,97.9968,97.8224,97.6715,97.556,97.5091,97.5506,97.6734,97.8279,98.0402,98.305,98.588,98.8936,99.1679,99.3883,99.5317,99.6707,99.8116,99.9243,100.022,100.111,100.192,100.259,100.35,100.421,100.481,100.537,100.572,100.617,100.676,100.689,100.722,100.745,100.779,100.771,100.769,100.795,100.822,100.834,100.874,100.883,100.896,100.926,100.977,101.013,101.022,101.034,101.048,101.071,101.104,101.107,101.107,101.111,101.124,101.129,101.149,101.147,101.122,101.095,101.096,101.095,101.089,101.071,101.075,101.05,101.064,101.086,101.117,101.127,101.124,101.138,101.155,101.158,101.178,101.16,101.167,101.156,101.16,101.162,101.156,101.168,101.188,101.179,101.184,101.182,101.187,101.189,101.193,101.191,101.191,101.192,101.202,101.221,101.219,101.252,101.262,101.284,101.3,101.293,101.296,101.29,101.295,101.301,101.283,101.274,101.277,101.287,101.293,101.307,101.332,101.344,101.361,101.358,101.361,101.358,101.362,101.375,101.368,101.365,101.372,101.365,101.387,101.407,101.417,101.423,101.442,101.426,101.431,101.419,101.436,101.429,101.423,101.42,101.403,101.404,101.442,101.455,101.456,101.451,101.437,101.46,101.451,101.471,101.466,101.433,101.414,101.428,101.444,101.472,101.45,101.476,101.474,101.476,101.48,101.49,101.489,101.462,101.444,101.442,101.431,101.425,101.419,101.453,101.464,101.453,101.474,101.509,101.526,101.522,101.542,101.545,101.531,101.528,101.534,101.519,101.501,101.5,101.508,101.481,101.483,101.505,101.496,101.489,101.499,101.504,101.504,101.484,101.518,101.538,101.533,101.547,101.571,101.589,101.575,101.57,101.601,101.602,101.592,101.571,101.57,101.569,101.548,101.578,101.596,101.592,101.572,101.545,101.573,101.578,101.56,101.556,101.532,101.518,101.518,101.542,101.559,101.558,101.557,101.564,101.585,101.591,101.609,101.612,101.605,101.615,101.598,101.602,101.622,101.629,101.647,101.648,101.642,101.635,101.624,101.611,101.606,101.589,101.557,101.535,101.505,101.518,101.513,101.52,101.519,101.496,101.505,101.523,101.512,101.55,101.55,101.531,101.502,101.5,101.529,101.505,101.506,101.519,101.513,101.507,101.535,101.556,101.575,101.57,101.584,101.608,101.604,101.583,101.572,101.567,101.59,101.584,101.573,101.568,101.515,101.535,101.534,101.515,101.518,101.502,101.487,101.508,101.497,101.52,101.51,101.529,101.582,101.576,101.551,101.564,101.54,101.562,101.56,101.568,101.562,101.542,101.53,101.562,101.55,101.557,101.576,101.591,101.588,101.583,101.559,101.565,101.566,101.586,101.582,101.569,101.593,101.559,101.577,101.603,101.605,101.612,101.636,101.661,101.695,101.656,101.706,101.669,101.626,101.625,101.62,101.589,101.577,101.537,101.569,101.501,101.55,101.562,101.558,101.542,101.582,101.559,101.574,101.548,101.573,101.548,101.586,101.607,101.593,101.546,101.484,101.485,101.505,101.567,101.553,101.569,101.565,101.581,101.589,101.693,101.697,101.701,101.666,101.639,101.612,101.601,101.642,101.661,101.631,101.67,101.638,101.627,101.654,101.695,101.729,101.758,101.778,101.822,101.802,101.824,101.853,101.9,101.918,101.945,101.938,101.948,101.961,101.994,102.114,102.153,102.139,102.086,102.099,102.164,102.194,102.165,102.112,102.07,102.099,102.113,102.181,102.248,102.112,102.157,102.141,102.085,101.999,101.929,101.978,101.995,101.986,102.062,102.057,102.147,102.23,102.343,102.336,102.318,102.307,102.316,102.317,102.347,102.408,102.352,102.216,102.34,102.297,102.292,102.283,102.372,102.394,102.378,102.435,102.604,102.501,102.484,102.428,102.429,102.461,102.417,102.344,102.456,102.46,102.597,102.815,103.012,102.935,102.877,102.814,102.831,102.688,102.744,102.726,102.793,102.794,102.865,102.978,102.942,102.975,103.127,103.142,103.152,103.053,103.129,103.035,102.978,103.128,103.207,103.245,103.368,103.367,103.272,103.131,103.386,103.4,103.604,103.706,103.648,103.469,103.43,103.569,103.928,103.782,103.694,103.407,103.444,103.523,103.654,103.817,103.849,103.678,104.028,104.129,104.379,104.464,104.567,104.647,104.482,104.328,104.351,104.208,104.387,104.274,104.398,104.484,104.296,104.384,104.377,104.236,104.302,104.139,104.285,103.961,103.75,104.015,104.006,104.246,104.213,104.313,104.593,104.489,104.561,104.792,104.558,104.759,104.755,104.822,104.609,104.628,104.83,104.724,104.568,104.845,104.567,104.48,104.196,104.178,103.961,104.003,104.524,104.637,104.496,104.754,104.944,105.44,105.335,105.523,105.485,105.144,104.91,104.946,104.4,104.082,103.937,103.949,103.769,103.592,103.178,103.165,102.905,103.078,102.851,103.054,103.495,103.435,103.223,103.597,103.664,103.482,103.694,103.994,103.859,103.489,103.338,103.305,103.117,103.123,103.645,103.535,103.744,103.991,103.785,104.101,104.289,104.456,104.414,104.054,104.483,104.164,103.893,103.912,103.856,103.896,103.572,103.872,103.798,103.572,103.361,103.57,103.615,103.073,103.149,103.425,103.171,103.307,103.019,103.255,102.753,102.621,102.821,102.816,102.42,102.032,101.992,102.033,102.076,102.269,102.193,102.042,101.837,101.958,101.957,101.751,101.496,101.266,100.97,101.116,101.247,101.368,101.343,101.329,101.715,101.859,102.259,102.042,101.645,101.487,101.47,101.563,101.656,101.293,101.341,100.799,101.784,102.186,102.452,102.399,102.347,102.428,102.585,102.236,102.902,102.472,102.411,102.723,103.064,103.004,103.18,102.851,103.114,102.943,103.136,103.551,102.984,102.759,103.535,103.655,104.169,103.982,103.782,103.351,102.664,102.917,103.007,102.207,102.024,102.134,102.29,102.237,102.18,102.468,102.444,102.07,102.24,102.162,101.747,101.909,102.201,102.16,102.109,102.116,102.286,102.404,62.1875,174.375,167.5,17.0833,
F_3492A2/149_J_Faint_0.565_VS1,101.491,5.25919,-29.5062,115.861,103.905,61.3983,448.498,213.811,0.0894152,-2.65762,29.9712,-79.8937,3165.53, ,0,1.0989,100,24.6862,63.1993,63.9072,63.6397,64.2207,64.6957,65.0034,64.9749,65.4534,65.742,66.3443,65.5765,65.5535,65.1432,64.8176,64.7164,64.9775,64.7304,63.7737,63.5261,64.2917,64.4587,64.3804,64.2295,64.6041,64.4453,64.6134,65.1954,64.7331,64.0736,64.5386,64.4276,64.8718,64.6877,64.6029,64.43,64.4946,64.8539,65.2964,64.6048,64.6289,64.3068,64.362,64.688,64.3752,64.3373,63.9246,63.8368,64.2047,64.6298,64.3083,64.0232,64.396,64.9789,65.2622,65.8295,65.9411,65.9255,65.7834,66.1938,66.0898,64.9984,64.7452,64.4733,64.5315,64.6343,64.5726,64.5314,64.3956,64.598,65.4418,64.9601,64.6929,64.7112,64.4603,64.4496,64.0149,64.0282,63.8974,63.344,63.8459,63.9515,63.5322,63.6899,64.0545,64.1936,64.5421,64.8019,65.1122,65.8808,66.1628,66.4369,66.0989,66.0657,66.0232,65.7581,65.3714,65.3566,64.5438,64.2405,64.2828,64.901,64.3705,65.0478,64.8914,65.0396,64.4446,64.3371,64.7694,64.6259,64.5353,64.5251,64.4058,64.3929,64.346,64.9296,64.872,64.9724,64.9686,64.8116,65.1287,64.801,65.1574,65.2136,65.1973,65.6093,65.282,65.3593,65.4216,65.2685,65.7454,65.76,65.6337,66.3115,66.5085,66.2103,66.2664,65.8496,65.8528,65.5558,65.5358,65.8136,65.1921,64.9008,65.1933,65.5099,65.7732,65.6423,65.7696,65.5248,65.3447,65.6261,65.5917,65.3197,64.968,64.6885,65.0428,64.9368,65.0984,65.1853,64.7439,64.7824,64.9528,64.9965,65.0806,64.9381,65.2624,65.2134,65.0565,65.2721,65.3228,65.3257,65.2695,65.3929,65.3396,65.0993,65.2924,65.4514,65.5339,65.5485,65.4946,65.6092,65.6813,65.6355,65.6502,65.5409,65.4675,65.4903,65.4532,65.5298,65.4287,65.5452,65.6214,65.6114,65.748,65.9986,66.3697,66.8222,67.2491,67.8146,68.2684,68.6643,68.8781,69.0723,69.0916,68.9514,68.7422,68.4817,68.1198,67.7751,67.423,67.1164,66.7879,66.4865,66.1908,65.8783,65.5431,65.2138,64.8417,64.4496,64.0264,63.6111,63.1735,62.7324,62.3156,61.9377,61.5878,61.2803,61.0036,60.759,60.515,60.2634,60.054,59.8171,59.5905,59.3443,59.1492,59.0466,59.0292,59.0527,59.2069,59.3562,59.5721,59.6948,59.8247,59.9332,59.9199,59.8126,59.7999,59.8993,60.0464,60.3918,60.875,61.5308,62.1004,62.7568,63.3545,63.8158,64.003,64.1638,64.3275,64.7356,65.1324,65.9482,67.0248,68.4911,69.7826,71.5674,73.407,74.9705,76.6199,78.2736,80.0335,82.6853,85.2254,88.0261,90.607,93.274,96.2346,99.5566,102.695,105.598,107.82,110.188,113.542,117.211,121.651,126.258,131.034,136.356,142.159,146.85,150.707,153.978,156.278,157.691,158.325,158.408,158.098,157.648,158.261,160.253,161.979,164.587,166.936,169.252,171.088,172.342,173.051,173.721,173.085,172.118,170.946,169.659,168.834,168.163,168.229,168.653,168.551,168.8,169.721,170.334,171.65,172.025,172.545,171.971,171.123,170.31,169.223,168.198,167.12,165.741,165.045,164.161,163.9,163.315,163.001,162.801,162.135,161.866,161.134,160.182,159.348,158.136,157.443,156.281,155.423,154.398,152.867,151.492,150.031,148.497,147.418,146.031,144.919,143.967,142.659,141.848,141.281,140.669,140.022,139.132,138.437,137.498,136.607,136.426,135.536,134.832,133.87,133.126,132.578,131.837,131.284,130.225,129.188,128.49,127.402,126.965,126.375,125.753,125.103,124.166,123.366,122.386,121.67,120.915,120.13,119.124,118.143,117.309,116.85,116.454,116.284,115.793,115.381,114.791,114.358,114.147,113.923,113.421,113.109,112.529,112.245,111.867,111.547,111.265,110.977,110.353,110.095,109.591,109.043,108.685,108.088,107.714,107.431,106.866,106.681,106.369,105.983,105.878,105.383,105.335,105.106,105.097,104.897,104.65,104.257,104.064,104.005,104.025,103.74,103.585,103.116,103.165,103.2,102.942,103.044,102.67,102.722,102.981,102.904,102.949,102.514,102.301,102.478,102.483,102.639,102.133,101.779,101.792,101.557,101.771,101.585,101.276,101.16,101.08,101.284,101.236,101.21,101.415,101.432,101.499,101.892,101.617,101.367,101.427,101.356,101.081,101.148,100.978,101.044,100.934,101.007,101.123,100.898,101.064,101.504,101.189,101.233,101.241,101.28,101.568,101.35,101.355,101.239,100.943,101.101,101.215,101.192,101.193,100.907,101.187,101.43,101.682,101.651,101.753,101.597,101.799,102.069,102.103,102.253,102.021,101.761,101.966,101.823,102.204,101.98,101.57,101.716,101.598,101.687,101.825,101.676,101.865,101.69,101.809,102.075,102.067,102.472,102.595,102.902,103.074,103.177,103.403,103.836,103.929,103.923,103.473,103.573,103.514,103.579,103.677,103.647,103.598,103.616,103.712,104.226,104.878,104.71,105.096,105.117,105.375,105.592,105.892,106.075,106.337,106.006,106.58,106.718,106.887,107.32,107.247,107.342,107.325,107.291,107.665,107.398,107.318,107.402,107.045,107.278,106.961,107.364,107.408,107.058,107.543,107.348,107.169,107.325,106.774,107.408,107.681,107.667,108.138,107.985,108.528,109.033,109.069,109.637,109.481,109.373,109.031,108.983,109.099,109.433,109.496,109.302,109.329,109.526,110.211,110.394,110.118,110.425,109.843,110.428,111.005,111.462,111.523,110.966,111.701,112.09,112.166,112.046,110.823,110.902,110.66,110.861,111.063,111.412,111.411,111.693,112.622,113.757,114.097,114.374,114.631,114.628,113.777,114.643,114.228,114.079,114.482,114.042,114.486,114.144,115.136,116.042,115.243,115.838,115.964,115.131,115.136,114.763,114.812,114.148,114.151,114.623,114.735,115.599,117.011,117.898,117.692,117.914,118.395,117.797,118.208,118.629,118.418,118.103,118.727,120.37,121.329,120.244,121.154,121.672,121.399,120.867,120.508,119.413,118.988,118.267,120.133,119.992,119.659,119.491,119.315,120.492,120.233,119.526,118.359,118.375,119.057,120.321,120.096,121.438,120.237,121.299,121.418,123.543,123.261,123.53,122.367,124.359,124.085,125.297,126.684,126.991,128.2,128.461,128.273,128.153,127.937,128.071,126.809,126.295,127.795,127.904,129.324,130.621,131.164,131.404,134.07,136.043,135.011,135.263,134.638,134.472,133.947,136.906,138.225,136.736,137.745,141.542,143.606,143.992,144.532,144.69,142.275,143.759,144.258,144.344,141.716,138.406,139.613,137.381,136.058,137.411,135.739,138.125,139.698,141.935,145.619,144.887,147.596,149.942,151.645,151.972,150.372,150.376,150.115,146.992,147.032,147.602,148.745,146.68,150.604,152.814,151.741,153.006,157.877,163.786,164.589,167.334,169.96,167.825,168.043,170.368,174.099,178.494,181.918,190.69,193.53,198.315,204.696,213.37,224.22,221.618,220.567,226.06,221.958,227.666,231.419,225.036,216.527,210.697,216.672,222.901,212.791,218.491,215.491,221.184,237.555,238.841,236.071,231.446,230.435,231.17,233.703,240.007,234.649,223.072,227.503,241.67,258.919,249.226,254.757,256.878,263.504,275.852,276.638,271.693,264.115,254.892,256.383,260.75,257.814,251.492,240.653,240.156,250.172,243.953,239.061,252.051,253.963,262.248,256.719,263.542,283.639,282.787,300.735,309.824,295.266,279.378,268.109,280.771,275.454,264.465,272.553,271.854,268.224,274.076,275.253,281.272,277.602,272.151,262.726,252.625,246.341,245.407,242.918,250.654,236.77,231.438,223.825,222.19,220.897,215.369,211.518,203.324,196.033,198.988,187.064,193.898,197.102,197.847,197.822,187.812,194.995,200.115,198.592,220.068,226.921,214.367,215.93,205.485,208.396,200.869,197.197,197.197,183.078,168.795,170.286,160.95,165.421,166.325,169.109,165.637,162.702,167.802,170.423,169.705,171.154,170.67,168.325,164.129,163.88,164.321,157.398,154.463,150.886,157.193,153.656,150.18,151.018,151.875,146.325,142.618,140.515,143.49,136.945,136.394,133.625,129.633,123.17,122.03,121.693,122.034,119.193,113.315,113.564,114.911,113.557,113.341,111.531,109.862,108.984,106.853,107.787,106.471,105.675,102.653,100.751,100.592,101.621,98.126,97.8714,98.0301,95.2035,92.4294,91.4633,91.4327,90.3188,89.6512,90.791,87.6038,85.7436,85.5399,86.9722,88.038,90.1374,90.2548,89.4823,88.5741,91.5364,91.1941,91.163,89.1823,88.0777,84.4565,83.2724,83.034,82.437,80.9206,81.1704,80.6975,81.4118,80.4424,80.7672,81.158,79.9525,80.342,79.016,78.8611,79.3636,78.7019,80.0141,79.0452,79.1071,79.2803,79.082,79.144,77.9563,77.1556,77.8696,77.3385,77.6142,77.5463,77.6021,76.8927,77.2428,76.8222,75.7991,75.3911,75.0423,76.9315,76.0646,75.1903,75.8137,75.7833,76.1271,75.7085,74.1286,74.4813,72.0506,72.8618,73.8759,74.1737,75.1129,75.4281,76.7082,76.5033,75.6353,76.1169,75.2471,74.6212,73.8691,72.4805,72.5669,71.169,71.8991,72.9071,74.1192,74.7787,74.3107,74.8776,75.6165,75.5672,75.7703,75.1738,74.8366,72.8575,71.9676,72.5557,70.5696,70.1833,69.2786,68.7183,68.7935,68.2067,67.8946,68.1138,67.4328,68.8591,68.0236,68.3521,68.9476,70.139,-106.897,100,19.4631,-13.7441,
W_Calibration,100,0,0,95.0422,100,108.876,565.016,99.9909,1.74827e-05,0.00127928,0,0,6504.1, ,100,100,100,100,100,100,100,100,100,100,100,100,100,100,100,100,100,100,100,100,100,100,100,100,100,100,100,100,100,100,100,100,100,100,100,100,100,100,100,100,100,100,100,100,100,100,100,100,100,100,100,100,100,100,100,100,100,100,100,100,100,100,100,100,100,100,100,100,100,100,100,100,100,100,100,100,100,100,100,100,100,100,100,100,100,100,100,100,100,100,100,100,100,100,100,100,100,100,100,100,100,100,100,100,100,100,100,100,100,100,100,100,100,100,100,100,100,100,100,100,100,100,100,100,100,100,100,100,100,100,100,100,100,100,100,100,100,100,100,100,100,100,100,100,100,100,100,100,100,100,100,100,100,100,100,100,100,100,100,100,100,100,100,100,100,100,100,100,100,100,100,100,100,100,100,100,100,100,100,100,100,100,100,100,100,100,100,100,100,100,100,100,100,100,100,100,100,100,100,100,100,100,100,100,100,100,100,100,100,100,100,100,100,100,100,100,100,100,100,100,100,100,100,100,100,100,100,100,100,100,100,100,100,100,100,100,100,100,100,100,100,100,100,100,100,100,100,100,100,100,100,100,100,100,100,100,100,100,100,100,100,100,100,100,100,100,100,100,100,100,100,100,100,100,100,100,100,100,100,100,100,100,100,100,100,100,100,100,100,100,100,100,100,100,100,100,100,100,100,100,100,100,100,100,100,100,100,100,100,100,100,100,100,100,100,100,100,100,100,100,100,100,100,100,100,100,100,100,100,100,100,100,100,100,100,100,100,100,100,100,100,100,100,100,100,100,100,100,100,100,100,100,100,100,100,100,100,100,100,100,100,100,100,100,100,100,100,100,100,100,100,100,100,100,100,100,100,100,100,100,100,100,100,100,100,100,100,100,100,100,100,100,100,100,100,100,100,100,100,100,100,100,100,100,100,100,100,100,100,100,100,100,100,100,100,100,100,100,100,100,100,100,100,100,100,100,100,100,100,100,100,100,100,100,100,100,100,100,100,100,100,100,100,100,100,100,100,100,100,100,100,100,100,100,100,100,100,100,100,100,100,100,100,100,100,100,100,100,100,100,100,100,100,100,100,100,100,100,100,100,100,100,100,100,100,100,100,100,100,100,100,100,100,100,100,100,100,100,100,100,100,100,100,100,100,100,100,100,100,100,100,100,100,100,100,100,100,100,100,100,100,100,100,100,100,100,100,100,100,100,100,100,100,100,100,100,100,100,100,100,100,100,100,100,100,100,100,100,100,100,100,100,100,100,100,100,100,100,100,100,100,100,100,100,100,100,100,100,100,100,100,100,100,100,100,100,100,100,100,100,100,100,100,100,100,100,100,100,100,100,100,100,100,100,100,100,100,100,100,100,100,100,100,100,100,100,100,100,100,100,100,100,100,100,100,100,100,100,100,100,100,100,100,100,100,100,100,100,100,100,100,100,100,100,100,100,100,100,100,100,100,100,100,100,100,100,100,100,100,100,100,100,100,100,100,100,100,100,100,100,100,100,100,100,100,100,100,100,100,100,100,100,100,100,100,100,100,100,100,100,100,100,100,100,100,100,100,100,100,100,100,100,100,100,100,100,100,100,100,100,100,100,100,100,100,100,100,100,100,100,100,100,100,100,100,100,100,100,100,100,100,100,100,100,100,100,100,100,100,100,100,100,100,100,100,100,100,100,100,100,100,100,100,100,100,100,100,100,100,100,100,100,100,100,100,100,100,100,100,100,100,100,100,100,100,100,100,100,100,100,100,100,100,100,100,100,100,100,100,100,100,100,100,100,100,100,100,100,100,100,100,100,100,100,100,100,100,100,100,100,100,100,100,100,100,100,100,100,100,100,100,100,100,100,100,100,100,100,100,100,100,100,100,100,100,100,100,100,100,100,100,100,100,100,100,100,100,100,100,100,100,100,100,100,100,100,100,100,100,100,100,100,100,100,100,100,100,100,100,100,100,100,100,100,100,100,100,100,100,100,100,100,100,100,100,100,100,100,100,100,100,100,100,100,100,100,100,100,100,100,100,100,100,100,100,100,100,100,100,100,100,100,100,100,100,100,100,100,100,100,100,100,100,100,100,100,100,100,100,100,100,100,100,100,100,100,100,100,100,100,100,100,100,100,100,100,100,100,100,100,100,100,100,100,100,100,100,100,100,100,100,100,100,100,100,100,100,100,100,100,100,100,100,100,100,100,100,100,100,100,100,100,100,100,100,100,100,100,100,100,100,100,100,100,100,100,100,100,100,100,100,100,100,100,100,100,100,100,100,100,100,100,100,100,100,100,100,100,100,100,100,100,100,100,100,100,100,100,100,100,100,100,100,100,100,100,100,100,100,100,100,100,100,100,100,100,100,100,100,100,100,100,100,100,
F_Calibration,100,0,0,108.104,100,39.2965,491.07,99.9909,0.000170256,0.00127928,0,0,3000.62, ,100,100,100,100,100,100,100,100,100,100,100,100,100,100,100,100,100,100,100,100,100,100,100,100,100,100,100,100,100,100,100,100,100,100,100,100,100,100,100,100,100,100,100,100,100,100,100,100,100,100,100,100,100,100,100,100,100,100,100,100,100,100,100,100,100,100,100,100,100,100,100,100,100,100,100,100,100,100,100,100,100,100,100,100,100,100,100,100,100,100,100,100,100,100,100,100,100,100,100,100,100,100,100,100,100,100,100,100,100,100,100,100,100,100,100,100,100,100,100,100,100,100,100,100,100,100,100,100,100,100,100,100,100,100,100,100,100,100,100,100,100,100,100,100,100,100,100,100,100,100,100,100,100,100,100,100,100,100,100,100,100,100,100,100,100,100,100,100,100,100,100,100,100,100,100,100,100,100,100,100,100,100,100,100,100,100,100,100,100,100,100,100,100,100,100,100,100,100,100,100,100,100,100,100,100,100,100,100,100,100,100,100,100,100,100,100,100,100,100,100,100,100,100,100,100,100,100,100,100,100,100,100,100,100,100,100,100,100,100,100,100,100,100,100,100,100,100,100,100,100,100,100,100,100,100,100,100,100,100,100,100,100,100,100,100,100,100,100,100,100,100,100,100,100,100,100,100,100,100,100,100,100,100,100,100,100,100,100,100,100,100,100,100,100,100,100,100,100,100,100,100,100,100,100,100,100,100,100,100,100,100,100,100,100,100,100,100,100,100,100,100,100,100,100,100,100,100,100,100,100,100,100,100,100,100,100,100,100,100,100,100,100,100,100,100,100,100,100,100,100,100,100,100,100,100,100,100,100,100,100,100,100,100,100,100,100,100,100,100,100,100,100,100,100,100,100,100,100,100,100,100,100,100,100,100,100,100,100,100,100,100,100,100,100,100,100,100,100,100,100,100,100,100,100,100,100,100,100,100,100,100,100,100,100,100,100,100,100,100,100,100,100,100,100,100,100,100,100,100,100,100,100,100,100,100,100,100,100,100,100,100,100,100,100,100,100,100,100,100,100,100,100,100,100,100,100,100,100,100,100,100,100,100,100,100,100,100,100,100,100,100,100,100,100,100,100,100,100,100,100,100,100,100,100,100,100,100,100,100,100,100,100,100,100,100,100,100,100,100,100,100,100,100,100,100,100,100,100,100,100,100,100,100,100,100,100,100,100,100,100,100,100,100,100,100,100,100,100,100,100,100,100,100,100,100,100,100,100,100,100,100,100,100,100,100,100,100,100,100,100,100,100,100,100,100,100,100,100,100,100,100,100,100,100,100,100,100,100,100,100,100,100,100,100,100,100,100,100,100,100,100,100,100,100,100,100,100,100,100,100,100,100,100,100,100,100,100,100,100,100,100,100,100,100,100,100,100,100,100,100,100,100,100,100,100,100,100,100,100,100,100,100,100,100,100,100,100,100,100,100,100,100,100,100,100,100,100,100,100,100,100,100,100,100,100,100,100,100,100,100,100,100,100,100,100,100,100,100,100,100,100,100,100,100,100,100,100,100,100,100,100,100,100,100,100,100,100,100,100,100,100,100,100,100,100,100,100,100,100,100,100,100,100,100,100,100,100,100,100,100,100,100,100,100,100,100,100,100,100,100,100,100,100,100,100,100,100,100,100,100,100,100,100,100,100,100,100,100,100,100,100,100,100,100,100,100,100,100,100,100,100,100,100,100,100,100,100,100,100,100,100,100,100,100,100,100,100,100,100,100,100,100,100,100,100,100,100,100,100,100,100,100,100,100,100,100,100,100,100,100,100,100,100,100,100,100,100,100,100,100,100,100,100,100,100,100,100,100,100,100,100,100,100,100,100,100,100,100,100,100,100,100,100,100,100,100,100,100,100,100,100,100,100,100,100,100,100,100,100,100,100,100,100,100,100,100,100,100,100,100,100,100,100,100,100,100,100,100,100,100,100,100,100,100,100,100,100,100,100,100,100,100,100,100,100,100,100,100,100,100,100,100,100,100,100,100,100,100,100,100,100,100,100,100,100,100,100,100,100,100,100,100,100,100,100,100,100,100,100,100,100,100,100,100,100,100,100,100,100,100,100,100,100,100,100,100,100,100,100,100,100,100,100,100,100,100,100,100,100,100,100,100,100,100,100,100,100,100,100,100,100,100,100,100,100,100,100,100,100,100,100,100,100,100,100,100,100,100,100,100,100,100,100,100,100,100,100,100,100,100,100,100,100,100,100,100,100,100,100,100,100,100,100,100,100,100,100,100,100,100,100,100,100,100,100,100,100,100,100,100,100,100,100,100,100,100,100,100,100,100,100,100,100,100,100,100,100,100,100,100,100,100,100,100,100,100,100,100,100,100,100,100,100,100,100,100,100,100,100,100,100,100,100,100,
W_VX12/135_D_Faint_0.514_VVS2,100.821,-0.12306,-0.256415,97.0024,102.137,111.628,483.39,103.234,0.00246539,0.342873,0.284416,-115.638,6538.85, ,-166.667,168.201,64.4628,7800,100.125,100.361,100.839,101.307,101.311,101.41,101.941,102.262,102.412,102.352,102.431,101.842,101.363,100.989,101.796,102.022,101.406,100.839,100.834,100.517,100.705,100.56,101.325,100.864,100.949,100.942,101.007,101.582,102.08,102.119,102.172,101.654,101.355,101.844,101.496,101.555,100.955,100.907,101.036,101.337,101.883,101.697,101.082,101.358,101.094,101.237,101.251,100.633,100.591,99.9476,100.336,100.477,100.697,101.034,100.526,100.285,101.349,101.16,101.386,101.497,101.239,101.039,101.186,101.653,101.804,100.812,100.975,100.951,100.56,100.538,100.758,100.737,100.751,101.088,101.353,101.233,101.301,101.272,101.529,101.321,101.469,101.084,100.992,101.037,101.12,100.944,101.208,101.47,101.764,101.47,101.787,101.659,101.6,101.639,101.933,101.981,101.087,100.801,101.266,101.076,101.337,101.703,101.728,101.362,100.979,101.292,101.493,101.153,101.446,101.199,100.488,100.05,100.76,100.986,100.692,100.519,100.659,100.853,100.668,101.416,101.269,100.869,100.962,101.654,101.973,102.056,101.483,101.706,101.396,101.909,101.7,101.587,101.781,101.805,101.369,101.5,101.423,101.347,101.222,100.817,100.495,100.23,99.8491,99.7844,99.9539,99.954,100.447,100.472,101.043,101.184,100.792,100.678,100.986,100.96,100.995,100.453,100.542,100.386,100.639,100.913,101.346,101.204,101.196,101.065,101.483,101.97,102.347,101.893,101.842,102.001,101.972,101.932,102.042,102.155,101.298,100.933,101.296,100.956,100.33,100.04,99.9026,99.5787,99.3076,99.4118,99.6461,99.4349,99.6864,99.9314,100.036,100.015,100.236,99.9448,100.23,99.725,99.8332,99.7132,99.9485,100.288,100.302,100.191,100.276,100.099,100.337,100.197,99.8964,99.3709,99.1886,99.1234,98.9573,98.7479,98.543,98.4929,98.6263,99.1251,99.3376,99.3445,99.5117,99.72,99.8223,99.82,99.6657,99.4786,99.2051,99.0325,98.6089,98.6198,98.4742,98.4785,98.3074,98.4876,98.4626,98.4743,98.4303,98.3656,98.3158,98.1817,98.0242,97.9296,97.6241,97.2732,97.15,96.9292,96.7302,96.5402,96.2907,96.0544,95.8695,95.7668,95.8317,95.833,95.9469,95.9727,96.0058,96.1223,96.094,96.0349,96.0117,95.9186,95.9306,96.0264,96.1856,96.4603,96.7328,97.0775,97.4232,97.759,98.1493,98.522,98.843,99.1183,99.2415,99.1646,98.9161,98.8184,98.8857,99.0009,99.1217,99.3563,99.6183,99.99,100.576,101.307,101.816,102.03,102.188,102.329,102.379,102.48,102.564,102.631,102.68,102.683,102.743,102.779,102.809,102.826,102.846,102.807,102.81,102.805,102.785,102.786,102.777,102.765,102.763,102.742,102.752,102.753,102.756,102.783,102.778,102.784,102.777,102.766,102.784,102.784,102.764,102.747,102.745,102.74,102.731,102.718,102.717,102.724,102.7,102.703,102.706,102.702,102.71,102.699,102.715,102.748,102.726,102.744,102.74,102.715,102.712,102.691,102.682,102.677,102.678,102.674,102.65,102.664,102.671,102.657,102.648,102.663,102.669,102.638,102.62,102.617,102.583,102.561,102.54,102.526,102.514,102.509,102.508,102.517,102.54,102.564,102.578,102.594,102.64,102.67,102.662,102.628,102.614,102.593,102.606,102.652,102.646,102.609,102.594,102.619,102.643,102.673,102.695,102.685,102.668,102.674,102.678,102.673,102.623,102.623,102.602,102.59,102.566,102.539,102.519,102.524,102.497,102.492,102.478,102.496,102.477,102.458,102.46,102.45,102.412,102.42,102.42,102.423,102.394,102.402,102.393,102.364,102.376,102.396,102.387,102.396,102.378,102.389,102.358,102.36,102.353,102.343,102.322,102.299,102.272,102.256,102.229,102.225,102.222,102.207,102.196,102.198,102.2,102.202,102.215,102.216,102.22,102.213,102.214,102.19,102.188,102.171,102.17,102.15,102.15,102.143,102.15,102.146,102.161,102.145,102.161,102.172,102.18,102.17,102.151,102.152,102.155,102.141,102.142,102.124,102.104,102.096,102.108,102.127,102.099,102.085,102.107,102.119,102.12,102.132,102.124,102.097,102.073,102.061,102.073,102.05,102.037,102.041,102,101.992,101.986,102.014,102.034,102.025,102.023,102.011,101.981,101.985,102.002,101.998,101.977,101.948,101.941,101.937,101.935,101.925,101.931,101.926,101.94,101.947,101.959,101.951,101.94,101.955,101.98,101.965,101.945,101.924,101.925,101.915,101.933,101.942,101.927,101.927,101.928,101.925,101.939,101.917,101.92,101.892,101.9,101.915,101.914,101.925,101.922,101.915,101.93,101.939,101.947,101.927,101.925,101.907,101.904,101.905,101.892,101.874,101.877,101.883,101.889,101.858,101.857,101.847,101.837,101.83,101.826,101.816,101.811,101.804,101.818,101.816,101.824,101.859,101.88,101.905,101.898,101.897,101.907,101.916,101.917,101.893,101.869,101.868,101.862,101.867,101.864,101.86,101.853,101.865,101.896,101.894,101.892,101.864,101.876,101.895,101.899,101.897,101.891,101.866,101.849,101.853,101.886,101.872,101.847,101.834,101.827,101.824,101.831,101.848,101.835,101.804,101.803,101.815,101.829,101.841,101.827,101.823,101.823,101.83,101.831,101.798,101.781,101.775,101.767,101.782,101.785,101.798,101.793,101.817,101.842,101.848,101.858,101.851,101.844,101.847,101.858,101.857,101.85,101.843,101.85,101.837,101.857,101.871,101.867,101.836,101.823,101.81,101.838,101.825,101.808,101.804,101.815,101.84,101.856,101.877,101.905,101.898,101.899,101.903,101.903,101.872,101.851,101.864,101.843,101.819,101.84,101.851,101.872,101.881,101.9,101.91,101.888,101.917,101.957,101.925,101.938,101.93,101.885,101.879,101.912,101.912,101.904,101.877,101.884,101.876,101.898,101.964,101.979,101.952,101.999,101.999,101.989,102.035,102.066,102.045,102.017,102.026,102.075,102.05,102.092,102.107,102.072,102.04,102.053,102.041,102.099,102.041,102.055,102.018,101.998,101.997,102.021,102.028,102.067,102.012,102.039,102.022,102.007,102.064,102.113,102.149,102.159,102.19,102.165,102.156,102.165,102.187,102.191,102.193,102.112,102.145,102.122,102.164,102.241,102.232,102.251,102.251,102.231,102.299,102.301,102.295,102.299,102.234,102.322,102.368,102.364,102.413,102.376,102.423,102.401,102.389,102.386,102.323,102.263,102.246,102.219,102.297,102.335,102.413,102.433,102.46,102.466,102.447,102.419,102.421,102.382,102.245,102.138,102.114,102.181,102.106,102.174,102.312,102.233,102.298,102.391,102.477,102.545,102.447,102.452,102.498,102.419,102.473,102.425,102.275,102.277,102.213,102.28,102.457,102.407,102.394,102.41,102.429,102.582,102.623,102.644,102.589,102.59,102.663,102.731,102.704,102.664,102.641,102.452,102.428,102.6,102.363,102.283,102.076,102.228,102.276,102.36,102.491,102.493,102.281,102.396,102.383,102.542,102.394,102.495,102.468,102.378,102.415,102.391,102.46,102.49,102.419,102.569,102.502,102.381,102.372,102.347,102.325,102.306,102.42,102.743,102.509,102.579,102.553,102.68,102.714,103.098,103.288,103.269,103.104,103.213,103.304,103.329,103.44,103.478,103.281,103.169,102.967,103.061,103.229,102.96,102.935,102.931,102.827,102.486,102.452,102.706,102.476,102.263,102.247,102.431,102.166,102.183,102.442,102.288,101.948,102.177,102.186,102.481,102.173,102.302,102.446,102.383,102.749,103,102.695,102.642,102.41,102.737,102.478,102.468,102.654,102.266,102.178,102.078,102.08,102.047,101.997,102.266,102.146,101.994,102.261,102.463,102.829,102.927,103.068,102.998,102.729,102.806,103.055,102.884,102.687,102.383,102.218,102.179,102.438,102.77,102.547,102.384,102.398,102.409,102.919,102.681,102.644,102.155,101.854,101.818,101.997,101.758,101.455,101.013,101.188,101.121,101.392,101.715,102.197,101.967,102.317,102.639,102.73,102.91,102.787,102.59,102.3,102.119,102.014,102.157,102.161,102.236,102.335,102.42,102.465,102.069,101.601,101.586,101.473,101.835,101.7,101.341,101.428,101.427,101.698,102.099,102.262,102.101,102.046,101.856,102.254,102.323,102.085,102.157,102.1,101.981,102.088,101.671,101.683,101.368,101.25,101.793,101.719,101.529,101.697,101.358,101.3,101.458,101.756,102.133,101.74,102.163,102.056,101.665,101.969,102.011,101.998,101.822,100.903,100.901,100.866,101.258,101.504,101.403,101.097,101.521,101.372,101.997,102.286,102.013,102.092,102.109,102.259,102.742,102.487,102.378,102.197,101.739,102.046,101.998,102.088,102.258,102.135,102.093,102.256,102.575,103.002,102.542,102.719,102.519,102.539,102.821,102.79,102.856,102.72,102.547,102.493,102.212,102.129,102.031,101.947,102.3,102.277,102.713,103.108,103.449,103.649,104.181,104.038,103.82,103.355,103.719,103.213,103.002,103.084,103.021,102.638,102.511,102.724,102.862,102.804,102.7,102.8,102.952,103.136,103.317,103.668,103.613,103.857,107.054,-89.5028,90.5028,56.9832,
F_VX12/135_D_Faint_0.514_VVS2,101.85,3.11096,-31.4351,115.455,104.861,63.4434,467.836,223.212,0.0979043,0.714847,31.5887,-84.3481,3278.71, ,-400,121.239,-102.725,-6.88259,94.9608,94.2127,94.2934,94.5678,95.1764,95.3615,96.1869,97.0152,96.3516,96.1535,96.3372,96.4077,96.2975,96.4509,96.4583,96.0377,95.1536,95.4514,95.9507,96.3373,96.2465,96.5428,95.6813,95.5947,95.9331,96.5842,95.8873,95.9183,96.1272,96.5622,96.4425,96.4368,96.5884,95.8575,96.2927,97.3577,96.8592,96.4656,97.0905,97.2786,97.6108,97.9206,98.8814,97.9284,97.9316,98.1238,98.6496,98.0892,98.159,98.2233,98.1996,97.8869,97.7471,97.3538,98.2015,97.3361,97.0273,98.012,98.2476,97.935,97.0616,97.755,97.6457,96.5961,97.0516,97.8389,96.1535,95.4849,95.9393,96.1932,95.8673,96.1215,96.2983,96.0489,95.1922,95.5489,96.2051,95.8999,96.1262,96.3195,95.97,96.0235,96.3388,96.164,96.3915,96.2154,96.2488,96.3448,96.0408,95.6476,96.0266,95.6782,95.9388,95.4862,94.9227,94.7373,94.7836,94.6727,94.8751,94.9394,95.2213,95.1344,95.7817,96.5897,96.1433,95.9835,96.1219,96.6813,96.4192,96.8417,97.1813,96.9386,96.734,96.8002,96.9428,97.6334,97.0382,96.9897,96.7655,96.6932,96.901,96.754,96.9117,96.9002,96.1402,96.6419,96.8682,96.6537,97.091,97.0796,97.2233,97.0107,96.2046,96.2719,96.2209,95.8506,95.8214,95.2889,95.3784,95.1351,94.6231,95.0558,94.8327,94.754,94.8383,94.7182,94.75,94.477,94.7923,95.3213,95.5584,95.8387,95.8149,95.8719,95.9756,96.1482,96.338,96.2882,96.4561,96.2858,96.1991,96.1249,96.4798,96.7571,96.7294,96.7758,96.8756,96.7884,96.9457,97.0659,97.1792,97.0406,96.8335,96.8628,96.9763,96.9897,97.1173,97.0875,97.0987,96.9704,97.049,97.0927,97.0793,96.9873,97.0871,96.955,97.0171,97.1571,97.1381,96.9844,96.9636,96.9797,97.196,97.1455,97.3128,97.3733,97.3587,97.5982,97.8817,98.054,98.2428,98.225,98.2272,98.138,98.0749,98.0114,97.9449,97.8069,97.7361,97.6917,97.6542,97.5914,97.5372,97.5026,97.4488,97.3949,97.3657,97.2938,97.1958,97.0834,96.9855,96.8893,96.7684,96.642,96.5044,96.3486,96.2329,96.1139,96.0365,95.9372,95.8305,95.7085,95.6253,95.5305,95.4418,95.3745,95.3571,95.2822,95.2987,95.2879,95.2991,95.3386,95.4181,95.5633,95.5216,95.4753,95.4486,95.3462,95.411,95.5464,95.6102,95.7489,95.765,95.952,96.1204,96.2995,96.443,96.3668,96.3454,96.5218,96.6366,96.9099,97.421,97.7163,98.2634,98.9611,100.105,101.067,102.267,103.769,105.421,108.495,112.964,116.672,119.485,121.885,124.26,126.304,128.148,129.904,129.683,128.612,128.494,130.062,132.461,135.813,140.138,144.814,149.032,153.68,158.164,161.897,164.115,165.98,166.67,166.508,165.879,165.222,164.937,164.481,165.408,167.63,169.795,172.02,173.808,174.902,175.853,176.193,176.896,176.301,175.212,174.098,173.066,172.399,172.353,172.309,172.647,172.942,173.545,174.146,174.855,175.667,176.366,176.67,176.403,176.224,174.996,174.15,173.476,172.296,171.326,170.226,169.434,169.276,168.849,168.557,167.821,166.749,166.012,165.058,164.42,163.328,162.005,160.666,159.822,158.869,157.943,157.152,156.196,155.029,154.389,153.696,152.524,151.66,150.628,149.979,148.566,147.278,146.498,145.414,144.217,143.375,142.279,141.606,140.456,139.789,139.014,138.178,137.035,136.185,135.26,134.261,133.228,132.665,131.737,131.36,129.81,129.09,128.587,128.073,127.357,126.615,125.971,125.25,124.305,124.296,123.606,123.025,122.305,121.612,121.02,120.152,119.68,119.208,118.327,117.896,117.333,117.061,116.767,116.078,115.522,114.857,114.339,113.86,113.58,112.991,112.463,112.223,112.272,112.024,111.921,111.637,111.52,111.125,110.845,110.666,110.317,109.982,109.849,109.765,109.645,109.283,108.836,108.83,108.496,108.223,107.967,107.658,107.662,107.224,106.996,107.217,106.923,106.745,106.599,106.353,106.308,105.686,105.734,105.706,105.199,105.006,104.946,104.992,105.108,105.026,104.972,104.763,104.838,104.8,104.63,104.433,103.975,103.658,103.435,103.407,103.085,102.85,102.951,102.932,102.779,103.023,103.158,103.283,103.076,103.474,103.343,103.266,103.438,103.524,103.467,103.192,103.154,103.302,102.84,103.034,102.95,102.59,102.538,102.388,102.622,102.559,102.595,102.951,102.721,102.295,102.358,102.432,102.138,101.862,101.694,101.668,101.615,101.865,102.508,102.585,102.663,102.778,102.888,102.811,102.663,102.554,102.428,102.067,101.734,101.956,102.112,102.326,102.676,103.091,103.231,103.135,103.224,103.602,102.951,102.845,102.494,102.317,101.899,101.953,102.092,102.298,102.04,102.4,102.561,102.839,102.608,102.584,102.312,102.254,102.078,102.223,102.095,102.284,101.973,102.303,102.428,102.653,102.488,102.546,102.586,102.662,102.395,102.701,102.295,102.176,101.904,102.439,102.054,102.373,102.444,102.801,102.69,103.019,103.111,103.353,102.782,103.368,103.754,102.971,102.754,102.856,102.724,102.7,103.169,103.341,102.988,102.506,102.968,102.833,102.875,102.401,102.914,102.46,102.408,102.542,102.437,102.851,103.349,102.989,103.339,103.206,102.782,102.66,102.501,101.711,101.602,100.941,101.431,101.765,101.47,102.113,102.623,102.496,103.57,103.256,103.284,102.822,102.621,102.722,102.641,102.244,102.768,103.182,103.133,103.628,103.789,104.217,103.812,104.103,104.43,104.717,104.812,105.797,105.856,106.021,105.927,106.461,106.051,105.812,105.721,104.534,103.763,104.08,104.012,104.567,104.175,104.342,104.257,104.188,104.858,104.714,103.723,103.882,103.188,103.266,103.198,104.345,104.392,104.205,105.565,106.309,106.307,106.133,106.958,106.549,106.125,105.285,104.935,103.629,104.142,104.146,105.078,105.246,105.537,104.25,104.958,104.793,105.591,105.099,105.319,105.337,104.691,104.958,106.12,106.752,107.505,107.598,108.108,108.269,107.718,107.469,107.492,108.469,108.367,108.309,108.201,107.826,107.744,108.469,109.226,108.838,107.622,107.249,107.969,107.893,107.551,108.38,107.97,108.312,108.618,108.199,108.075,106.789,106.926,106.811,106.849,105.571,105.323,105.007,106.44,106.892,107.238,106.993,106.828,106.935,105.708,104.613,104.599,102.997,101.565,103.272,102.849,104.058,101.73,104.794,107.843,107.712,108.194,110.006,110.425,110.451,109.074,110.371,109.297,108.598,107.262,108.745,109.336,107.61,106.911,108.706,110.498,112.292,111.135,115.039,113.651,113.867,114.386,113.76,115.606,115.792,114.23,115.436,115.261,115.228,114.365,114.339,116.996,114.105,113.576,115.602,114.122,115.78,116.464,119.317,120.795,118.956,118.978,115.376,112.778,109.397,109.864,110.953,104.981,102.972,103.069,103.599,107.713,107.594,109.744,102.695,100.053,104.125,103.906,109.791,107.673,108.751,108.402,111.021,113.928,114.467,113.354,114.941,107.054,109.774,104.114,105.268,102.675,105.391,103.361,105.109,108.644,112.631,113.777,112.813,116.584,118.085,115.634,116.586,115.197,110.908,109.471,104.916,111.251,107.485,105.166,103.976,100.878,102.84,104.525,104.543,103.906,103.096,100.507,102.666,107.764,115.998,115.482,115.77,120.243,126.762,124.307,127.563,133.858,135.034,128.595,128.045,125.154,119.58,117.014,114.528,114.735,109.589,106.763,108.839,104.241,102.921,108.969,108.083,108.469,107.456,108.232,107.636,111.504,115.313,115.694,110.361,109.34,111.991,113.737,114.875,112.504,110.167,110.272,114.875,114.003,112.865,109.901,108.905,105.746,109.905,107.751,106.358,101.492,107.1,103.372,104.033,106.2,105.84,105.482,105.058,107.198,111.669,106.564,110.191,104.741,107.054,106.326,107.102,108.704,104.019,101.928,103.55,103.538,110.212,106.463,107.527,103.251,107.191,112.885,110.285,111.419,116.75,116.844,115.117,116.279,120.14,112.406,106.461,107.787,106.071,104.224,102.86,102.365,101.474,102.418,102.173,103.866,101.898,101.503,101.301,100.566,99.8598,99.5143,98.2883,97.5938,95.4998,97.0359,96.1707,94.024,92.9703,93.5399,92.3536,90.7929,92.2262,95.1851,95.4905,96.5942,97.2758,97.7136,97.8531,98.9981,99.3842,97.3487,95.5111,93.5572,93.1362,93.9273,93.3136,94.0131,93.6021,94.3422,95.8105,96.383,97.3035,99.191,97.0807,96.8029,95.6924,96.8642,96.9939,98.1508,98.083,97.6871,96.8616,97.9278,98.438,98.2528,97.859,99.198,97.8612,97.4314,98.1716,96.1838,97.2861,97.8959,97.788,98.4813,96.5458,96.3784,96.203,96.3072,98.8963,98.1716,97.8612,98.4844,98.5912,97.9232,98.5237,98.9227,98.9195,97.5507,97.1195,96.7579,96.0096,94.1562,95.3369,94.9499,95.5281,94.7984,94.0123,92.6529,93.3857,93.9862,93.4838,93.7195,95.1225,94.5063,95.2932,95.5251,97.2293,97.6571,96.5656,98.5045,96.4854,95.7495,95.4166,94.4399,94.6359,94.3522,94.1118,95.6405,94.9841,96.0861,94.5152,94.9617,95.3017,95.5858,95.8271,95.3255,95.2621,96.3124,97.1339,98.916,99.1014,99.8349,100.292,100.019,99.2734,99.1764,97.5534,96.108,95.7101,94.7988,93.7893,652.212,158.856,-7100,90.2834,
W_3528A2/17_D_Faint_0.50_VS1,100.948,-0.21735,0.0799632,97.2667,102.473,111.435,517.703,102.115,0.000561882,0.323805,0.231592,159.801,6509.88, ,100,143.305,262.397,7750,100.036,100.44,100.776,100.82,101.644,101.615,101.917,102.239,102.06,102.354,102.108,101.571,101.734,100.282,100.551,100.847,100.429,100.5,99.9885,99.7958,100.108,99.5588,100.18,99.7044,99.1678,98.7776,98.8763,99.2032,99.2991,99.0723,99.1018,98.8406,98.8015,99.2514,99.191,99.3052,99.3302,99.3109,99.5748,99.9244,100.795,100.898,100.226,100.439,100.245,100.413,100.768,99.9901,100.572,99.6817,99.4792,99.8885,100.294,100.332,100.289,99.5374,100.267,99.3857,99.6417,100.107,99.9716,99.7811,100.048,100.048,100.766,100.178,100.605,100.712,100.801,101.16,101.363,101.576,101.458,101.54,101.892,101.537,102.241,101.923,101.583,101.184,101.006,101.102,101.095,101.224,101.542,101.096,101.343,101.604,101.665,101.454,101.233,100.948,100.926,100.728,100.963,100.94,100.994,101.222,101.64,101.96,101.987,102.151,102.574,101.699,101.633,101.444,101.284,100.931,101.017,100.773,100.299,99.6317,100.645,100.627,100.579,100.477,100.717,100.389,100.528,101.009,101.073,100.202,99.744,99.5919,100.09,100.215,100.159,100.629,100.503,100.586,100.406,100.818,101.452,101.476,100.934,100.944,100.52,100.289,100.448,100.578,100.377,100.112,99.6279,99.603,99.4742,99.3978,99.851,99.9421,100.474,100.512,100.509,100.899,100.961,101.309,101.806,101.745,101.895,101.834,102.085,101.809,101.535,101.817,101.544,100.992,100.992,101.087,101.085,100.737,100.748,101.15,100.99,101.012,101.267,101.311,100.521,100.196,100.504,100.347,99.9713,99.937,99.9262,99.3102,99.1424,99.4785,99.6034,99.2745,99.1779,99.1361,98.8988,98.8937,99.0473,98.7132,98.7795,98.5216,98.5511,98.6811,98.7994,99.0069,98.9114,99.105,99.2837,99.0896,99.0232,98.9965,98.6672,98.244,97.9828,97.9768,97.9117,97.7821,97.7422,97.8378,97.808,98.0404,97.9511,97.8838,97.8365,97.8514,97.578,97.2425,96.9517,96.6916,96.6685,96.689,96.6194,96.4782,96.2102,96.0797,96.1361,96.1543,95.9958,95.7074,95.4692,95.0299,94.6194,94.3633,94.1647,93.7918,93.3318,92.8396,92.5996,92.1789,91.8566,91.459,90.916,90.377,89.8975,89.6061,89.6509,89.607,89.7158,89.7417,89.8092,89.8842,89.8795,89.8251,89.712,89.5524,89.5493,89.6965,89.9779,90.4527,90.9825,91.5391,92.1253,92.7433,93.4093,94.0764,94.6854,95.2057,95.4676,95.3678,95.0379,94.8982,95.0622,95.3293,95.6868,96.1143,96.6144,97.3134,98.3823,99.651,100.591,101.114,101.514,101.776,101.961,102.175,102.332,102.454,102.554,102.592,102.633,102.706,102.741,102.772,102.79,102.775,102.81,102.863,102.887,102.897,102.873,102.886,102.876,102.869,102.835,102.79,102.767,102.744,102.76,102.748,102.696,102.705,102.707,102.721,102.712,102.689,102.676,102.645,102.629,102.631,102.626,102.615,102.597,102.604,102.605,102.613,102.615,102.631,102.655,102.648,102.635,102.648,102.639,102.632,102.63,102.619,102.605,102.584,102.6,102.606,102.608,102.614,102.624,102.637,102.641,102.646,102.658,102.639,102.616,102.597,102.569,102.515,102.495,102.48,102.467,102.473,102.488,102.511,102.552,102.598,102.672,102.697,102.768,102.802,102.816,102.799,102.83,102.817,102.829,102.839,102.856,102.821,102.821,102.833,102.847,102.855,102.879,102.883,102.888,102.894,102.886,102.876,102.838,102.865,102.85,102.841,102.808,102.767,102.745,102.74,102.723,102.713,102.675,102.688,102.665,102.667,102.702,102.684,102.657,102.661,102.673,102.682,102.652,102.653,102.636,102.599,102.596,102.612,102.619,102.627,102.611,102.61,102.586,102.607,102.625,102.638,102.626,102.616,102.608,102.596,102.585,102.6,102.6,102.586,102.57,102.574,102.571,102.556,102.564,102.558,102.544,102.524,102.523,102.522,102.526,102.509,102.496,102.501,102.512,102.526,102.532,102.527,102.519,102.505,102.518,102.538,102.519,102.502,102.472,102.482,102.459,102.443,102.449,102.42,102.404,102.413,102.424,102.439,102.409,102.416,102.43,102.42,102.442,102.451,102.439,102.42,102.405,102.411,102.401,102.394,102.395,102.398,102.373,102.365,102.374,102.385,102.384,102.398,102.405,102.388,102.371,102.368,102.38,102.379,102.383,102.37,102.36,102.352,102.376,102.372,102.396,102.407,102.412,102.408,102.405,102.406,102.405,102.409,102.406,102.384,102.374,102.344,102.358,102.369,102.375,102.356,102.354,102.373,102.372,102.363,102.381,102.354,102.346,102.323,102.341,102.331,102.323,102.326,102.311,102.288,102.312,102.324,102.323,102.312,102.324,102.315,102.317,102.319,102.341,102.313,102.319,102.336,102.321,102.303,102.282,102.275,102.271,102.262,102.245,102.225,102.207,102.224,102.219,102.227,102.225,102.246,102.252,102.279,102.276,102.281,102.276,102.291,102.305,102.291,102.275,102.283,102.289,102.284,102.292,102.303,102.307,102.3,102.328,102.324,102.296,102.277,102.283,102.28,102.287,102.273,102.276,102.239,102.245,102.272,102.294,102.298,102.278,102.251,102.259,102.266,102.298,102.318,102.306,102.282,102.272,102.276,102.288,102.276,102.271,102.269,102.247,102.253,102.249,102.241,102.263,102.254,102.252,102.249,102.248,102.262,102.266,102.298,102.312,102.316,102.316,102.316,102.303,102.297,102.297,102.278,102.263,102.24,102.229,102.229,102.235,102.267,102.271,102.277,102.29,102.29,102.326,102.346,102.35,102.364,102.363,102.379,102.391,102.403,102.417,102.405,102.385,102.367,102.373,102.359,102.325,102.309,102.293,102.288,102.288,102.299,102.325,102.339,102.356,102.387,102.355,102.386,102.386,102.381,102.387,102.419,102.414,102.389,102.407,102.438,102.43,102.442,102.45,102.434,102.432,102.403,102.45,102.448,102.469,102.465,102.428,102.464,102.498,102.462,102.46,102.426,102.447,102.446,102.466,102.495,102.505,102.492,102.534,102.585,102.621,102.576,102.572,102.55,102.585,102.582,102.613,102.587,102.583,102.578,102.583,102.568,102.557,102.59,102.587,102.572,102.628,102.649,102.619,102.679,102.699,102.71,102.658,102.703,102.722,102.689,102.628,102.703,102.744,102.734,102.755,102.757,102.706,102.712,102.769,102.882,102.853,102.806,102.936,102.944,102.992,103.021,102.983,103.009,102.888,102.914,102.914,102.818,102.801,102.767,102.783,102.841,102.851,102.926,102.911,102.86,102.807,102.76,102.766,102.787,102.74,102.704,102.649,102.692,102.703,102.734,102.854,102.896,102.839,102.925,102.889,102.874,102.863,102.9,102.911,102.897,102.808,102.821,102.76,102.729,102.885,102.772,102.816,102.897,102.928,103.024,102.961,102.992,103.078,103.034,103.104,103.137,103.113,103.179,103.079,103.091,103.137,103.139,103.072,103.224,103.245,103.18,103.025,103.077,103.246,103.259,103.225,103.29,103.15,102.943,102.942,103.069,103.123,103.096,103.047,103.065,102.916,102.938,103.055,103.142,103.074,103.035,103.095,103.046,102.898,103.028,103.054,103.009,103.059,103.142,103.296,103.271,103.278,103.537,103.328,103.362,103.574,103.602,103.512,103.388,103.371,103.585,103.39,103.565,103.554,103.516,103.535,103.651,103.702,103.834,103.628,103.663,103.764,103.704,103.476,103.349,103.3,103.149,103.029,102.928,103.015,102.776,102.825,103.007,102.756,102.719,102.815,102.61,102.817,102.873,102.865,102.843,102.669,103.254,103.474,103.388,103.488,103.226,103.287,103.252,103.456,103.57,103.39,103.302,103.143,103.088,103.31,103.164,103.371,103.154,103.214,103.22,103.037,103.045,103.229,103.315,103.47,103.214,103.332,103.597,103.296,103.211,103.505,103.074,102.883,102.766,102.761,102.462,101.983,102.389,102.633,102.762,102.999,103.245,103.08,103.218,103.551,103.713,103.47,103.34,103.383,103.618,103.721,103.776,104.398,104.282,104.114,104.392,104.345,104.137,103.85,103.74,103.689,103.065,102.843,102.684,102.382,102.397,102.518,102.54,102.148,102.204,102.15,102.069,102.698,102.528,102.757,102.611,102.425,102.631,102.595,102.661,102.751,102.251,102.591,102.654,102.066,102.162,102.172,102.226,102.508,102.522,102.543,102.568,102.15,102.43,102.452,102.485,102.479,101.998,101.784,101.618,101.301,101.289,101.322,101.574,101.676,101.387,101.765,102.102,102.314,102.288,102.239,102.44,102.375,101.823,102.011,101.906,101.863,101.807,102.097,102.133,102.369,101.995,102.32,102.699,102.458,102.037,102.032,102.018,102.215,102.16,102.15,102.165,101.847,102.358,102.814,102.975,102.855,102.931,102.779,102.993,103.362,103.527,103.104,103.248,103.076,103.104,103.118,102.841,102.907,102.58,102.638,102.703,102.422,102.844,102.981,102.895,103.414,103.596,103.607,103.599,103.645,103.951,104.143,104.331,104.266,103.481,103.402,103.464,103.29,103.469,103.127,102.715,102.645,102.81,103.322,102.928,102.757,103.143,103.095,103.403,103.393,103.205,103.103,103.091,81.9502,109.116,191.341,-43.2961,
F_3528A2/17_D_Faint_0.50_VS1,104.223,7.59103,-66.339,125.711,111.323,100.625,467.765,339.792,0.210277,1.42467,66.7719,-83.4722,3835.22, ,-100,-100,-132.698,-51.417,90.0008,90.3866,89.7277,89.8563,90.1982,90.4646,90.6564,90.5706,90.6337,90.4167,89.9239,90.0658,89.6326,90.1934,90.0759,89.7674,90.0883,90.2464,90.4327,90.606,91.0342,92.0616,91.2478,90.9422,90.9241,91.2926,90.6723,90.6117,90.9031,91.0951,90.4303,90.4149,90.5431,90.2756,90.0851,90.8546,90.9977,91.1625,91.3451,91.3451,91.008,91.1892,91.8748,91.5321,90.9569,91.111,91.2426,90.7486,90.7934,91.2963,91.6891,91.1641,90.9631,91.3055,91.627,90.7277,90.7126,91.5248,91.7056,91.3943,91.2528,91.2553,91.0189,90.1109,90.3409,90.7898,89.792,89.4503,89.3873,89.3962,89.7779,89.8725,90.3708,90.0797,89.2781,89.6364,89.4724,89.9535,89.9727,90.0601,90.0737,90.4255,90.5583,90.5722,90.9912,91.3279,91.7777,91.9943,91.309,91.283,91.5537,92.1015,92.8142,92.0633,91.904,91.1205,91.3135,91.8665,91.8758,92.0264,91.9987,91.7128,92.4546,93.0874,92.9938,92.9938,92.7105,92.8986,92.2686,92.5549,93.1251,92.5698,92.0314,91.4607,91.2041,92.5933,92.568,92.6826,92.422,91.7317,92.486,92.9545,93.0449,92.7036,92.0712,91.762,91.7383,91.6685,92.1367,92.0565,91.8295,91.7878,91.8265,91.2602,91.2205,91.4042,90.9575,90.326,90.1924,90.151,90.2479,90.3694,90.2867,90.3442,90.2451,90.2637,90.6397,90.3034,90.3046,90.3633,90.5582,90.6466,90.6485,90.5648,90.8659,90.6556,90.8488,90.8893,90.9476,90.6952,90.7346,90.7047,90.8618,90.9582,90.9769,91.0306,91.0646,91.209,91.3165,91.2922,91.2533,91.1398,90.7158,90.6953,90.6035,90.5332,90.5051,90.5023,90.4826,90.4225,90.4353,90.7097,90.7496,90.8014,90.9411,90.8527,90.7658,90.9658,90.9895,90.9332,90.8017,90.8574,90.8915,90.9838,91.0601,91.2218,91.5082,91.8706,92.2812,92.5602,92.7652,92.8266,92.8502,92.8167,92.7273,92.649,92.5153,92.3648,92.1777,91.9969,91.8669,91.6928,91.5362,91.4023,91.2603,91.1094,90.9501,90.7794,90.5863,90.3657,90.174,89.9709,89.7472,89.5045,89.2592,89.0133,88.8162,88.6305,88.4642,88.2815,88.1172,87.9274,87.7536,87.6452,87.5254,87.3849,87.3365,87.2873,87.3251,87.3384,87.467,87.5565,87.6115,87.7348,87.8042,87.8138,87.8014,87.7326,87.7821,87.8976,88.0943,88.3675,88.6355,88.9238,89.2138,89.6148,89.9428,90.2628,90.6054,91.1347,91.6019,92.2593,93.3565,94.5476,96.0131,97.7642,99.9217,102.058,104.619,107.647,112.296,119.42,129.548,138.557,145.177,151.117,157.166,162.96,168.674,172.752,173.658,171.899,172.572,177.003,183.693,191.79,202.239,213.344,224.477,236.273,247.238,255.869,261.88,266.072,268.598,267.935,266.922,265.584,264.654,264.482,266.901,272.355,277.923,283.016,287.721,290.534,292.382,293.514,294.577,293.54,290.311,287.971,285.149,283.829,283.819,283.858,284.477,284.861,286.224,288.251,289.732,291.872,293.211,293.769,293.854,293.288,291.163,288.707,286.751,283.783,280.928,278.392,275.772,274.112,272.601,271.44,269.998,267.926,266.386,264.195,262.365,260.214,257.753,254.957,252.936,249.98,247.289,244.597,242.533,239.676,237.354,235.205,232.531,230.269,228.16,226.029,223.963,221.363,219.247,216.977,214.09,211.588,208.761,206.492,203.696,201.043,198.503,196.22,193.977,191.651,189.3,187.125,185.043,183.135,181.018,179.693,176.758,174.706,172.844,171.351,169.231,167.198,165.514,163.09,161.044,159.89,158.217,156.899,155.39,153.651,152.204,150.471,149.396,147.909,146.374,145.16,143.459,142.256,141.491,140.221,139.183,138.005,136.699,135.599,134.344,133.461,132.238,131.253,130.564,129.258,128.645,127.973,127.495,126.815,126.238,125.708,124.695,123.879,123.69,123.042,122.573,121.806,120.961,120.196,119.43,118.969,118.42,117.743,117.446,116.689,116.164,115.91,115.507,115.057,114.66,114.23,113.867,113.015,112.761,112.512,111.911,111.581,111.603,111.681,111.566,111.467,111.512,111.311,110.915,110.804,110.71,110.211,109.744,109.262,108.824,108.583,108.217,107.962,108.03,107.894,107.932,107.529,107.775,107.939,107.77,107.955,107.781,107.38,107.424,107.052,107.016,106.804,106.639,106.497,106.019,106.286,106.402,105.878,105.833,105.884,105.897,105.72,105.686,105.911,105.6,105.32,105.296,105.202,104.978,104.54,104.582,104.631,104.613,105.089,105.307,105.525,105.834,105.8,105.959,105.729,105.526,105.345,105.1,105.099,104.839,104.796,104.97,104.803,105.157,105.266,105.399,105.269,105.405,105.576,105.073,105.147,105.048,104.897,104.99,105.076,105.183,104.904,105.083,105.67,105.538,105.887,105.634,105.537,105.215,104.985,105.327,104.888,104.407,104.669,104.594,104.71,104.801,105.007,105.206,104.787,105.021,105.213,104.849,104.961,105.228,105.154,104.798,105.242,105.019,105.424,105.67,105.922,105.704,105.426,105.69,106.294,105.52,105.906,105.792,105.321,105.191,105.363,105.498,105.085,105.119,105.419,105.559,105.39,105.568,105.782,105.866,105.604,106.09,106.158,106.213,105.842,105.887,106.061,106.201,106.107,106.273,106.317,105.591,105.617,105.85,105.434,105.445,105.097,105.481,105.745,105.921,106.823,107.089,107.269,107.777,107.495,107.459,107.215,107.474,107.106,106.555,105.917,106.408,106.635,107.115,107.512,107.369,107.395,107.333,107.73,108.063,107.852,108.342,108.726,109.121,109.556,109.45,109.754,109.155,108.901,109.083,108.386,107.758,107.738,108.01,107.956,107.679,108.369,108.533,108.533,108.409,108.669,108.181,107.241,107.09,107.626,108.03,108.979,109.237,108.828,109.448,110.236,111.074,110.694,110.422,109.786,109.262,107.935,108.709,108.062,107.845,107.565,108.747,109.016,109.126,108.927,110.097,109.303,110.893,111.039,111.16,111.204,110.823,110.983,112.273,112.463,113.338,111.961,112.359,112.925,113.186,112.534,111.816,111.998,112.318,112.545,113.066,112.582,111.185,110.823,112.303,114.035,112.213,111.077,112.082,111.733,111.779,113.8,113.116,112.107,112.021,111.467,111.826,109.94,110.577,110.847,111.411,110.828,112.373,111.289,112.645,112.955,112.827,111.92,112.578,111.728,111.579,109.498,109.695,109.801,108.92,110.19,108.473,107.372,106.255,108.342,112.333,112.517,112.884,113.65,113.902,117.922,116.555,116.015,114.474,113.209,113.129,113.065,114.027,114.996,111.876,115.092,116.998,117.623,116.729,118.702,118.558,118.188,115.067,115.91,115.56,115.004,114.368,114.826,113.691,112.843,112.187,114.289,116.332,116.121,117.604,119.83,117.865,120.284,119.828,122.549,122.182,118.896,120.41,118.528,116.878,114.993,113.484,116.096,111.824,110.949,115.332,114.689,117.355,116.371,116.136,113.724,111.141,114.639,115.116,115.84,111.686,109.522,113.222,118.947,119.398,123.877,120.079,122.792,119.948,127.017,125.613,122.746,118.905,119.283,118.433,121.158,120.564,120.015,120.367,118.034,119.116,116.865,118.955,111.357,112.078,112.359,109.764,108.919,112.696,108.557,112.112,107.777,112.354,109.447,108.464,110.932,109.744,109.44,114.776,115.891,124.354,125.997,127.763,124.676,125.525,124.17,121.281,119.251,125.547,118.2,117.076,116.841,118.769,116.68,113.339,110.48,110.045,103.002,102.484,103.041,99.9792,98.3572,101.192,100.4,106.687,98.039,100.757,96.9568,98.8382,100.362,99.6,95.7909,95.7045,96.2573,99.2221,100.36,105.805,104.841,106.903,111.365,113.906,120.183,112.553,112.648,107.542,106.408,102.541,100.721,97.4958,97.5222,96.0169,98.6613,105.775,110.508,111.826,111.297,114.243,115.447,112.29,110.802,108.33,109.633,107.561,107.353,108.618,106.243,107.449,108.224,112.306,112.749,107.663,105.583,102.598,106.523,104.87,100.586,102.675,99.6871,101.722,102.217,103.622,103.946,100.759,100.974,99.9879,96.2806,94.7088,95.2224,92.5981,89.3455,89.4852,87.9637,86.5939,88.0843,89.5422,90.958,89.912,89.4746,92.5328,93.7033,96.1554,97.6407,97.8269,96.7741,94.3006,93.5459,95.0115,91.7382,89.7936,88.5612,89.2337,89.987,89.5647,89.9086,90.2315,90.537,92.4151,92.938,91.071,90.2135,87.7917,86.8222,88.518,89.2094,88.7982,89.1363,89.9075,91.6854,92.8305,94.0806,97.3766,96.6982,93.2089,92.7011,93.2264,93.9374,94.0508,93.3174,91.9312,91.3588,90.3666,93.6624,93.9627,94.0249,93.8254,93.5169,92.6413,93.5235,92.5242,93.5141,92.3067,92.3848,92.4014,91.8193,91.8009,91.4568,91.9671,94.4764,94.448,94.648,94.0555,93.2569,92.7061,92.4142,93.7109,93.1918,90.4151,89.7489,89.0602,88.4442,87.797,87.4776,86.4135,86.331,86.4218,86.0116,85.7299,86.1772,88.0235,87.9386,89.1573,91.1272,90.1656,90.5454,90.5504,91.1625,91.9652,90.8495,91.3821,90.1397,89.4156,89.4112,89.4889,90.0652,90.6133,90.1202,91.4254,92.0322,92.4967,91.8766,91.8693,91.8324,92.7591,91.8816,91.762,90.3965,89.4974,89.3603,91.5436,92.201,92.9346,92.3209,93.4748,93.3816,94.6609,94.8745,95.2355,93.1638,92.502,92.0594,430.973,-67.3025,-8671.43,240.081,
W_Calibration,100,0,0,95.0422,100,108.876,565.016,99.9909,1.74827e-05,0.00127928,0,0,6504.1, ,100,100,100,100,100,100,100,100,100,100,100,100,100,100,100,100,100,100,100,100,100,100,100,100,100,100,100,100,100,100,100,100,100,100,100,100,100,100,100,100,100,100,100,100,100,100,100,100,100,100,100,100,100,100,100,100,100,100,100,100,100,100,100,100,100,100,100,100,100,100,100,100,100,100,100,100,100,100,100,100,100,100,100,100,100,100,100,100,100,100,100,100,100,100,100,100,100,100,100,100,100,100,100,100,100,100,100,100,100,100,100,100,100,100,100,100,100,100,100,100,100,100,100,100,100,100,100,100,100,100,100,100,100,100,100,100,100,100,100,100,100,100,100,100,100,100,100,100,100,100,100,100,100,100,100,100,100,100,100,100,100,100,100,100,100,100,100,100,100,100,100,100,100,100,100,100,100,100,100,100,100,100,100,100,100,100,100,100,100,100,100,100,100,100,100,100,100,100,100,100,100,100,100,100,100,100,100,100,100,100,100,100,100,100,100,100,100,100,100,100,100,100,100,100,100,100,100,100,100,100,100,100,100,100,100,100,100,100,100,100,100,100,100,100,100,100,100,100,100,100,100,100,100,100,100,100,100,100,100,100,100,100,100,100,100,100,100,100,100,100,100,100,100,100,100,100,100,100,100,100,100,100,100,100,100,100,100,100,100,100,100,100,100,100,100,100,100,100,100,100,100,100,100,100,100,100,100,100,100,100,100,100,100,100,100,100,100,100,100,100,100,100,100,100,100,100,100,100,100,100,100,100,100,100,100,100,100,100,100,100,100,100,100,100,100,100,100,100,100,100,100,100,100,100,100,100,100,100,100,100,100,100,100,100,100,100,100,100,100,100,100,100,100,100,100,100,100,100,100,100,100,100,100,100,100,100,100,100,100,100,100,100,100,100,100,100,100,100,100,100,100,100,100,100,100,100,100,100,100,100,100,100,100,100,100,100,100,100,100,100,100,100,100,100,100,100,100,100,100,100,100,100,100,100,100,100,100,100,100,100,100,100,100,100,100,100,100,100,100,100,100,100,100,100,100,100,100,100,100,100,100,100,100,100,100,100,100,100,100,100,100,100,100,100,100,100,100,100,100,100,100,100,100,100,100,100,100,100,100,100,100,100,100,100,100,100,100,100,100,100,100,100,100,100,100,100,100,100,100,100,100,100,100,100,100,100,100,100,100,100,100,100,100,100,100,100,100,100,100,100,100,100,100,100,100,100,100,100,100,100,100,100,100,100,100,100,100,100,100,100,100,100,100,100,100,100,100,100,100,100,100,100,100,100,100,100,100,100,100,100,100,100,100,100,100,100,100,100,100,100,100,100,100,100,100,100,100,100,100,100,100,100,100,100,100,100,100,100,100,100,100,100,100,100,100,100,100,100,100,100,100,100,100,100,100,100,100,100,100,100,100,100,100,100,100,100,100,100,100,100,100,100,100,100,100,100,100,100,100,100,100,100,100,100,100,100,100,100,100,100,100,100,100,100,100,100,100,100,100,100,100,100,100,100,100,100,100,100,100,100,100,100,100,100,100,100,100,100,100,100,100,100,100,100,100,100,100,100,100,100,100,100,100,100,100,100,100,100,100,100,100,100,100,100,100,100,100,100,100,100,100,100,100,100,100,100,100,100,100,100,100,100,100,100,100,100,100,100,100,100,100,100,100,100,100,100,100,100,100,100,100,100,100,100,100,100,100,100,100,100,100,100,100,100,100,100,100,100,100,100,100,100,100,100,100,100,100,100,100,100,100,100,100,100,100,100,100,100,100,100,100,100,100,100,100,100,100,100,100,100,100,100,100,100,100,100,100,100,100,100,100,100,100,100,100,100,100,100,100,100,100,100,100,100,100,100,100,100,100,100,100,100,100,100,100,100,100,100,100,100,100,100,100,100,100,100,100,100,100,100,100,100,100,100,100,100,100,100,100,100,100,100,100,100,100,100,100,100,100,100,100,100,100,100,100,100,100,100,100,100,100,100,100,100,100,100,100,100,100,100,100,100,100,100,100,100,100,100,100,100,100,100,100,100,100,100,100,100,100,100,100,100,100,100,100,100,100,100,100,100,100,100,100,100,100,100,100,100,100,100,100,100,100,100,100,100,100,100,100,100,100,100,100,100,100,100,100,100,100,100,100,100,100,100,100,100,100,100,100,100,100,100,100,100,100,100,100,100,100,100,100,100,100,100,100,100,100,100,100,100,100,100,100,100,100,100,100,100,100,100,100,100,100,100,100,100,100,100,100,100,100,100,100,100,100,100,100,100,100,100,100,100,100,100,100,100,100,100,100,100,100,100,100,100,100,100,100,100,100,100,100,100,100,100,100,100,100,100,100,100,100,100,100,100,100,100,100,100,100,100,100,100,100,100,
F_Calibration,100,0,0,108.104,100,39.2965,491.07,99.9909,0.000170256,0.00127928,0,0,3000.62, ,100,100,100,100,100,100,100,100,100,100,100,100,100,100,100,100,100,100,100,100,100,100,100,100,100,100,100,100,100,100,100,100,100,100,100,100,100,100,100,100,100,100,100,100,100,100,100,100,100,100,100,100,100,100,100,100,100,100,100,100,100,100,100,100,100,100,100,100,100,100,100,100,100,100,100,100,100,100,100,100,100,100,100,100,100,100,100,100,100,100,100,100,100,100,100,100,100,100,100,100,100,100,100,100,100,100,100,100,100,100,100,100,100,100,100,100,100,100,100,100,100,100,100,100,100,100,100,100,100,100,100,100,100,100,100,100,100,100,100,100,100,100,100,100,100,100,100,100,100,100,100,100,100,100,100,100,100,100,100,100,100,100,100,100,100,100,100,100,100,100,100,100,100,100,100,100,100,100,100,100,100,100,100,100,100,100,100,100,100,100,100,100,100,100,100,100,100,100,100,100,100,100,100,100,100,100,100,100,100,100,100,100,100,100,100,100,100,100,100,100,100,100,100,100,100,100,100,100,100,100,100,100,100,100,100,100,100,100,100,100,100,100,100,100,100,100,100,100,100,100,100,100,100,100,100,100,100,100,100,100,100,100,100,100,100,100,100,100,100,100,100,100,100,100,100,100,100,100,100,100,100,100,100,100,100,100,100,100,100,100,100,100,100,100,100,100,100,100,100,100,100,100,100,100,100,100,100,100,100,100,100,100,100,100,100,100,100,100,100,100,100,100,100,100,100,100,100,100,100,100,100,100,100,100,100,100,100,100,100,100,100,100,100,100,100,100,100,100,100,100,100,100,100,100,100,100,100,100,100,100,100,100,100,100,100,100,100,100,100,100,100,100,100,100,100,100,100,100,100,100,100,100,100,100,100,100,100,100,100,100,100,100,100,100,100,100,100,100,100,100,100,100,100,100,100,100,100,100,100,100,100,100,100,100,100,100,100,100,100,100,100,100,100,100,100,100,100,100,100,100,100,100,100,100,100,100,100,100,100,100,100,100,100,100,100,100,100,100,100,100,100,100,100,100,100,100,100,100,100,100,100,100,100,100,100,100,100,100,100,100,100,100,100,100,100,100,100,100,100,100,100,100,100,100,100,100,100,100,100,100,100,100,100,100,100,100,100,100,100,100,100,100,100,100,100,100,100,100,100,100,100,100,100,100,100,100,100,100,100,100,100,100,100,100,100,100,100,100,100,100,100,100,100,100,100,100,100,100,100,100,100,100,100,100,100,100,100,100,100,100,100,100,100,100,100,100,100,100,100,100,100,100,100,100,100,100,100,100,100,100,100,100,100,100,100,100,100,100,100,100,100,100,100,100,100,100,100,100,100,100,100,100,100,100,100,100,100,100,100,100,100,100,100,100,100,100,100,100,100,100,100,100,100,100,100,100,100,100,100,100,100,100,100,100,100,100,100,100,100,100,100,100,100,100,100,100,100,100,100,100,100,100,100,100,100,100,100,100,100,100,100,100,100,100,100,100,100,100,100,100,100,100,100,100,100,100,100,100,100,100,100,100,100,100,100,100,100,100,100,100,100,100,100,100,100,100,100,100,100,100,100,100,100,100,100,100,100,100,100,100,100,100,100,100,100,100,100,100,100,100,100,100,100,100,100,100,100,100,100,100,100,100,100,100,100,100,100,100,100,100,100,100,100,100,100,100,100,100,100,100,100,100,100,100,100,100,100,100,100,100,100,100,100,100,100,100,100,100,100,100,100,100,100,100,100,100,100,100,100,100,100,100,100,100,100,100,100,100,100,100,100,100,100,100,100,100,100,100,100,100,100,100,100,100,100,100,100,100,100,100,100,100,100,100,100,100,100,100,100,100,100,100,100,100,100,100,100,100,100,100,100,100,100,100,100,100,100,100,100,100,100,100,100,100,100,100,100,100,100,100,100,100,100,100,100,100,100,100,100,100,100,100,100,100,100,100,100,100,100,100,100,100,100,100,100,100,100,100,100,100,100,100,100,100,100,100,100,100,100,100,100,100,100,100,100,100,100,100,100,100,100,100,100,100,100,100,100,100,100,100,100,100,100,100,100,100,100,100,100,100,100,100,100,100,100,100,100,100,100,100,100,100,100,100,100,100,100,100,100,100,100,100,100,100,100,100,100,100,100,100,100,100,100,100,100,100,100,100,100,100,100,100,100,100,100,100,100,100,100,100,100,100,100,100,100,100,100,100,100,100,100,100,100,100,100,100,100,100,100,100,100,100,100,100,100,100,100,100,100,100,100,100,100,100,100,100,100,100,100,100,100,100,100,100,100,100,100,100,100,100,100,100,100,100,100,100,100,100,100,100,100,100,100,100,100,100,100,100,100,100,100,100,100,100,100,100,100,100,100,100,100,100,100,100,
W_1733A2/276_E_None_0.574_SI1,100.307,-0.325875,0.346497,95.6125,100.796,109.175,559.828,99.2771,0.00275474,0.368131,0.475662,133.243,6489.31, ,-0,114.108,-8500,32.2245,100.567,100.558,100.051,99.8151,99.8608,99.2796,98.9541,99.1086,99.6888,98.9689,98.9219,99.421,99.1018,99.0369,99.2604,99.8194,100.353,100.037,100.037,99.8699,99.656,100.107,100.107,100.652,100.389,99.7796,99.6166,99.6882,99.5961,99.4144,99.3481,99.2367,98.5468,98.7978,99.4068,99.4998,99.8562,100.3,100.563,100.761,100.907,100.532,100.813,100.033,100.289,100.033,99.9696,99.5937,99.2235,99.454,99.7643,99.5622,100.235,100.011,99.7889,99.4277,100.031,100.13,99.6357,99.4625,99.0381,98.7132,98.8931,98.9763,99.0015,98.951,99.333,99.6355,99.786,99.7697,99.7536,99.7377,99.9379,99.742,99.5316,99.2714,99.5028,99.2826,99.284,99.1837,98.8812,98.4264,98.6731,98.727,98.6826,98.5728,98.6484,98.77,98.8594,99.3539,99.3409,99.652,99.303,99.4351,98.7904,99.2653,99.2717,99.5722,98.9594,99.1941,98.5432,98.8357,98.6619,99.1344,99.0654,99.3359,98.5559,99.2371,99.3889,99.9639,99.9052,99.9495,99.9934,99.6596,99.6901,100.427,99.9218,99.4803,98.9316,99.0914,99.3602,98.9151,98.8769,98.6306,98.512,98.664,99.0068,99.5207,99.2589,99.0675,99.5096,99.7319,99.4178,99.3916,99.6524,99.5608,99.4956,99.5376,99.4725,99.0647,99.0639,99.5563,99.5577,99.5194,99.3244,99.1693,99.1971,99.1857,99.7985,99.6183,99.5027,99.7357,99.6213,99.7886,99.636,99.8667,99.9689,99.8045,99.7045,100.196,99.7442,99.7073,100.044,100.305,100.155,100.364,100.031,100.154,99.4333,99.3254,99.4129,99.0416,99.0214,98.8423,98.5016,99.2555,98.918,98.8355,99.0534,99.1762,99.2299,99.1597,99.0578,99.2335,98.8858,99.2515,99.5044,99.8369,99.5998,99.3995,99.3661,99.4346,99.4322,99.1962,99.0351,98.9816,98.5394,98.5335,98.6093,98.5145,98.2483,97.6738,97.691,97.7664,97.7594,97.8318,97.6229,97.81,97.816,97.8857,98.2999,98.2762,98.2906,98.3417,97.9457,97.6985,97.588,97.5317,97.6132,97.2515,96.9128,96.9083,96.5531,96.7469,96.9198,96.9156,96.7187,96.4521,96.2049,96.1132,96.1669,96.1806,96.0259,95.917,95.5443,95.2438,95.1471,95.0623,95.0744,94.5656,94.3873,94.008,93.7603,93.6426,93.4415,93.1547,92.8994,92.7095,92.6526,92.7063,92.8371,92.8102,92.7934,92.7907,92.8346,92.8081,92.7904,92.7335,92.7557,92.8815,93.1009,93.3961,93.7134,94.0138,94.3416,94.6548,95.0015,95.3614,95.6923,95.9579,96.0687,96.0018,95.8338,95.7637,95.8808,96.0484,96.2184,96.3949,96.6294,97.0095,97.5617,98.1839,98.6839,98.9338,99.1357,99.2676,99.3811,99.4873,99.5368,99.6137,99.7364,99.7939,99.8706,99.9061,99.9461,99.9872,99.9688,100.003,100.046,100.084,100.098,100.1,100.12,100.149,100.178,100.253,100.283,100.275,100.283,100.324,100.358,100.373,100.378,100.386,100.371,100.356,100.407,100.413,100.393,100.377,100.38,100.371,100.382,100.403,100.436,100.424,100.442,100.464,100.494,100.508,100.53,100.529,100.541,100.556,100.569,100.576,100.603,100.591,100.614,100.636,100.658,100.681,100.683,100.716,100.728,100.714,100.743,100.742,100.753,100.762,100.742,100.738,100.69,100.659,100.655,100.647,100.645,100.641,100.64,100.675,100.703,100.758,100.806,100.839,100.859,100.921,100.926,100.949,100.944,100.953,100.945,100.946,100.942,100.983,100.953,100.978,100.992,100.995,101.004,101.008,101.024,101.046,101.01,100.996,100.994,100.992,101.011,101.006,100.996,100.985,100.983,101.002,101.023,101.017,101.03,101.02,101.008,101.019,101.029,101.039,101.052,101.035,101.041,100.995,100.997,100.995,100.988,100.992,100.979,100.943,100.944,100.925,100.931,100.906,100.908,100.926,100.907,100.902,100.928,100.935,100.95,100.938,100.961,100.961,100.965,100.971,100.954,100.943,100.936,100.912,100.914,100.914,100.897,100.889,100.871,100.89,100.871,100.874,100.881,100.891,100.889,100.887,100.872,100.873,100.85,100.847,100.839,100.836,100.831,100.806,100.813,100.8,100.77,100.762,100.756,100.757,100.756,100.77,100.778,100.772,100.789,100.806,100.817,100.841,100.843,100.839,100.822,100.802,100.805,100.803,100.824,100.807,100.782,100.745,100.726,100.708,100.742,100.738,100.712,100.677,100.691,100.696,100.693,100.729,100.747,100.721,100.724,100.725,100.746,100.727,100.716,100.74,100.73,100.7,100.685,100.682,100.679,100.671,100.689,100.706,100.69,100.666,100.685,100.701,100.703,100.711,100.706,100.692,100.676,100.683,100.684,100.701,100.7,100.685,100.674,100.682,100.695,100.697,100.704,100.704,100.678,100.659,100.686,100.67,100.67,100.672,100.659,100.641,100.646,100.65,100.663,100.647,100.661,100.653,100.645,100.644,100.644,100.632,100.65,100.614,100.599,100.577,100.574,100.572,100.563,100.573,100.583,100.577,100.585,100.6,100.624,100.628,100.629,100.659,100.662,100.65,100.629,100.657,100.661,100.664,100.664,100.653,100.639,100.639,100.65,100.677,100.655,100.653,100.643,100.648,100.653,100.658,100.658,100.672,100.658,100.691,100.694,100.702,100.693,100.684,100.682,100.689,100.677,100.667,100.639,100.636,100.622,100.615,100.626,100.597,100.599,100.592,100.594,100.6,100.594,100.595,100.616,100.622,100.661,100.663,100.669,100.701,100.714,100.708,100.743,100.738,100.754,100.725,100.727,100.734,100.742,100.737,100.756,100.736,100.729,100.703,100.747,100.723,100.722,100.689,100.695,100.704,100.721,100.734,100.757,100.738,100.741,100.729,100.723,100.725,100.718,100.691,100.706,100.668,100.669,100.669,100.692,100.699,100.695,100.706,100.691,100.68,100.71,100.685,100.718,100.73,100.792,100.778,100.757,100.803,100.813,100.838,100.882,100.828,100.778,100.706,100.748,100.757,100.75,100.752,100.718,100.742,100.75,100.825,100.835,100.826,100.874,100.887,100.87,100.923,100.925,100.978,100.961,100.969,100.963,100.914,100.912,100.887,100.856,100.823,100.762,100.775,100.761,100.773,100.794,100.811,100.86,100.833,100.771,100.853,100.824,100.864,100.884,100.841,100.842,100.851,100.885,100.951,100.955,100.961,100.938,100.895,100.944,100.986,100.983,101.002,101.042,101.088,101.102,101.163,101.194,101.19,101.138,101.081,101.027,100.984,100.954,100.936,100.909,100.908,100.863,100.823,100.838,100.895,100.953,101,101.036,101.071,101.054,101.068,101.126,101.109,101.051,100.961,100.835,100.864,100.833,100.852,100.914,100.895,101.028,101.072,101.103,101.151,101.149,101.156,101.187,101.182,101.147,101.107,101.163,101.178,101.231,101.135,101.127,101.14,101.145,101.126,101.008,100.944,101.072,101.018,101.199,101.143,101.334,101.337,101.364,101.47,101.566,101.583,101.664,101.57,101.63,101.576,101.648,101.757,101.84,101.71,101.655,101.503,101.31,101.367,101.257,101.305,101.314,101.334,101.425,101.503,101.516,101.685,101.653,101.653,101.606,101.693,101.691,101.703,101.479,101.576,101.636,101.696,101.681,101.626,101.497,101.449,101.447,101.738,101.747,101.622,101.553,101.676,101.756,101.706,101.589,101.593,101.377,101.457,101.654,101.619,101.499,101.222,101.239,101.171,101.056,101.242,101.393,101.101,101.217,101.138,101.476,101.341,101.439,101.473,101.397,101.156,101.28,101.23,101.286,101.177,101.311,101.628,101.6,101.614,101.384,101.7,101.473,101.6,101.628,101.678,101.312,101.431,101.261,101.636,101.296,101.372,101.325,101.293,101.048,101.193,101.098,101.049,100.917,101.275,101.562,101.346,101.145,101.525,101.381,101.169,101.623,101.62,101.015,100.878,100.959,101.111,100.964,101.312,101.377,101.142,101.104,101.384,101.667,101.439,101.361,101.368,101.306,101.422,101.522,101.227,101.2,100.937,101.239,101.348,101.288,100.856,100.984,100.868,101.398,101.322,101.059,100.608,100.256,100.089,100.29,99.7422,99.974,99.5055,100.017,100.47,101.062,101.367,101.55,101.833,102.501,102.069,102.449,101.754,101.453,101.366,101.041,101.035,100.858,100.769,101.173,101.392,101.558,101.449,101.628,101.852,101.877,101.584,101.891,101.993,101.559,101.14,101.67,101.222,101.377,101.233,101.398,100.928,100.331,100.297,100.773,100.203,100.632,100.666,100.585,100.353,100.481,100.47,100.667,100.608,100.772,100.644,100.306,100.491,100.756,100.616,100.522,100.648,100.844,101.162,101.021,101.258,101.219,101.309,101.458,101.729,101.292,101.49,101.351,101.384,101.169,101.146,101.097,100.993,100.869,101.024,100.821,100.412,100.093,100.584,100.584,100.658,100.363,100.296,100.316,100.466,101.095,101.273,100.853,101.017,100.602,101.008,101.413,101.562,101.305,101.102,101.168,101.266,101.465,101.675,101.505,101.411,101.363,101.469,101.137,100.994,100.971,100.829,100.916,101.187,101.329,101.249,101.254,101.406,101.619,101.691,101.564,101.668,101.188,101.025,101.015,100.956,100.868,101.03,100.952,101.132,101.141,101.473,101.45,101.754,101.791,102.099,102.004,102.099,82.1206,21.4979,-169.421,-134.855,
F_1733A2/276_E_None_0.574_SI1,100.055,0.953161,-5.66912,108.878,100.143,42.7931,446.446,122.155,0.0167794,-0.608214,5.74869,-80.456,3025.45, ,-400,103.198,-44.9219,25.2016,92.2564,92.7559,93.2303,93.5254,93.2724,94.1425,92.7823,92.8251,93.4785,93.552,93.0543,92.105,91.0065,91.4427,90.3248,91.7313,92.5671,91.9759,91.8002,92.0284,93.0286,93.6093,93.5551,94.3803,94.1981,93.2607,94.7254,95.1842,95.3131,94.8358,94.769,93.9174,93.8171,93.8431,94.2595,93.1438,92.8443,92.1084,92.3741,92.6816,92.8223,92.0807,92.2994,91.7119,91.9109,92.3347,91.9625,91.6509,91.4134,91.9524,92.6867,92.4825,92.938,92.9939,92.3851,92.9182,93.0799,93.075,93.0145,92.5067,92.9992,92.3265,92.2738,92.3437,92.6575,92.2828,92.0195,91.469,92.1892,91.5091,91.7457,92.1051,92.4544,92.2807,93.0023,92.8718,93.1943,92.537,93.1489,93.122,92.8815,93.1923,93.2659,93.0302,93.2514,93.4469,93.4791,93.7295,94.2541,94.4515,93.9599,94.026,94.1142,94.8168,94.9949,95.4184,94.5043,93.5232,93.1412,92.8213,92.653,92.3335,91.964,91.7192,91.5329,91.9768,92.4583,92.6694,93.3212,92.9849,92.394,92.2986,92.5378,92.0452,92.176,91.9908,91.7597,91.4422,91.0975,91.8132,91.6617,91.2416,91.7084,91.4345,91.7172,91.5538,92.2227,92.9616,92.4641,92.6776,92.8592,92.5193,92.2706,92.5228,92.8434,91.7541,91.4522,91.7368,91.4981,91.6013,91.9902,92.0626,91.7239,91.7354,92.2462,92.4164,92.3583,92.5031,92.2491,92.0804,92.4074,92.6025,92.4509,92.7388,92.7667,92.4344,92.4766,92.3474,92.6944,92.3833,92.5239,92.3993,92.1098,92.1487,92.2664,92.322,92.5963,92.3642,92.4311,92.5975,92.8633,92.8503,93.005,93.3943,93.4487,93.4474,93.6153,93.5522,93.2523,93.2454,93.1346,92.9676,92.7913,92.5633,92.6342,92.6926,92.8501,92.7918,92.8177,92.6743,92.7548,92.7945,92.9127,92.9751,92.8091,92.8484,93.0593,93.2266,93.4894,93.6628,93.7461,93.8515,93.9359,93.9415,93.9391,93.9024,93.834,93.7371,93.6463,93.6171,93.564,93.524,93.4861,93.4423,93.3921,93.3345,93.2883,93.2345,93.1293,93.039,92.9237,92.7995,92.6748,92.5498,92.4368,92.3058,92.1851,92.1249,92.0387,91.9513,91.8861,91.8031,91.7264,91.6654,91.618,91.5904,91.5314,91.4884,91.5109,91.5693,91.6079,91.6843,91.6734,91.7191,91.7303,91.6829,91.6629,91.6347,91.5962,91.719,91.7441,91.8726,91.9643,92.0466,92.2429,92.4835,92.5974,92.6146,92.5621,92.5209,92.7133,92.9445,93.1335,93.4012,93.6485,94.0555,94.49,95.0088,95.4946,95.6133,95.8261,96.1552,96.7419,97.2159,97.5463,98.0662,98.4928,99.0657,99.8219,100.487,100.719,100.743,100.952,101.558,102.111,102.643,103.401,104.201,105.237,106.298,107.103,108.053,108.378,108.966,109.398,109.178,109.063,109.063,108.933,109.086,109.113,110.109,110.581,110.837,111.729,111.998,111.965,111.92,111.954,112.082,111.38,111.287,111.401,111.226,111.019,110.919,110.808,110.899,110.855,110.911,111.012,110.611,110.575,110.932,110.989,111.297,111.236,111.248,111.338,111.028,110.936,110.464,110.265,110.22,110.116,110,109.917,109.819,109.744,109.633,109.768,109.614,109.564,109.104,108.669,108.26,108.01,107.797,107.931,107.951,107.579,107.543,107.496,107.618,107.49,107.532,107.266,107.072,106.547,106.545,106.378,106.286,106.111,105.799,105.344,104.842,104.495,104.635,104.484,104.035,104.005,104.086,103.895,103.719,103.821,103.651,103.302,102.936,103.013,102.755,102.362,102.5,102.553,102.522,102.377,102.275,102.401,102.228,101.926,101.851,101.721,101.83,101.855,102.017,101.876,101.814,101.733,101.796,101.631,101.586,101.26,101.272,100.935,101.14,101.094,101.023,101.036,101.118,101.236,101.335,101.394,101.445,101.461,101.112,100.941,100.694,100.555,100.503,100.407,100.205,100.179,99.8843,100.009,100.169,100.363,100.463,100.318,100.343,100.248,100.393,100.493,100.518,100.639,100.736,100.535,100.49,100.21,100.155,99.8839,100.029,99.9337,99.7573,99.611,99.6552,99.755,99.8359,99.83,99.9373,99.8698,100.233,100.004,99.9256,99.9622,99.6447,99.7705,99.6733,99.7417,99.4924,99.2303,99.3302,99.3926,99.5215,99.613,99.5563,99.566,99.4411,99.4787,99.5163,99.7786,99.9933,99.8565,99.9876,99.953,100.057,99.999,99.9229,99.8812,99.5609,99.4684,99.5128,99.4487,99.6758,99.5998,99.7763,99.7867,100.011,100.119,100.146,100.166,99.8048,99.2906,99.4807,99.292,99.5666,99.5838,99.7086,99.4561,99.3568,99.6203,99.9571,99.8661,99.9706,99.8076,99.4926,99.4678,99.4719,99.243,99.397,99.4004,99.4542,99.48,99.5727,99.7064,99.5405,99.8333,100.286,100.321,100.358,100.254,100.207,100.175,99.8884,99.8187,99.6874,99.5273,99.8216,99.9537,100.026,100.173,100.147,100.534,100.914,100.625,100.653,100.294,99.8791,99.6968,99.8354,99.8641,99.6331,99.544,100.03,100.193,100.525,100.935,101.401,101.151,101.222,101.25,101.212,100.903,101.401,101.149,101.337,101.19,101.41,101.379,101.406,101.389,101.49,101.194,100.977,101.018,100.805,100.601,100.55,100.559,100.686,101.075,100.995,101.365,101.016,100.741,101.073,101.229,101.475,101.49,101.185,101.317,101.142,101.35,101.847,101.521,101.666,101.667,100.97,100.817,100.695,100.226,100.094,100.194,99.9965,100.118,99.9552,100.899,101.276,101.121,101.866,101.857,101.946,102.438,102.337,102.225,101.56,100.713,100.505,100.562,100.698,100.658,100.719,100.73,101.008,100.831,101.647,101.388,101.041,100.711,100.805,101.167,101.207,101.192,101.576,101.102,100.899,101.037,101.245,100.745,100.291,100.23,100.474,101.008,101.694,101.683,102.467,102.539,102.72,103.626,103.447,103.02,103.374,103.237,103.619,103.351,104.111,104.216,103.984,104.012,104.706,103.575,103.341,103.061,102.51,101.808,101.832,100.786,101.199,100.449,100.767,100.832,101.06,101.248,100.598,101.624,101.608,100.575,101.298,102.22,104.005,104.441,105.025,106.186,104.723,104.577,105.62,103.988,103.436,101.558,102.104,102.058,101.998,101.417,101.51,100.825,102.096,102.345,103.131,103.151,101.336,101.861,102.898,103.711,104.934,103.705,102.782,102.022,101.606,103.439,103.374,104.191,103.988,104.461,105.812,107.126,106.607,106.757,106.266,106.48,106.063,105.606,103.39,102.848,101.604,102.433,100.805,102.844,100.942,100.1,100.346,101.612,101.645,102.702,103.044,105.292,104.437,104.155,106.263,104.322,103.084,106.597,106.099,102.81,101.457,98.8253,100.652,101.343,106.486,107.203,103.479,106.199,108.35,112.149,114.773,113.72,112.754,110.175,111.736,109.722,104.497,105.211,103.268,102.115,102.375,101.776,101.184,102.043,106.335,111.599,112.95,116.911,116.911,115.109,114.825,114.541,111.389,111.71,107.414,106.536,102.105,106.715,105.837,108.713,107.327,107.578,106.921,110.677,106.353,105.573,99.9489,101.17,98.4018,99.9454,102.534,102.196,100.26,104.596,99.9426,100.277,100.278,97.9607,98.9651,95.6633,93.75,95.6489,94.1333,98.5981,99.2443,100.65,98.5025,97.1195,101.802,105.033,102.689,108.233,104.87,105.602,108.532,116.608,115.751,107.506,105.935,104.477,102.127,107.507,108.578,105.184,99.9197,96.3472,100.827,101.274,104.511,100.353,103.775,97.3361,98.1345,104.617,110.218,110.168,115.311,111.633,115.078,106.466,105.756,101.725,102.603,99.4953,100.356,96.6468,95.5722,97.8053,101.268,106.684,107.29,105.191,108.184,105.429,105.063,102.65,100.842,99.9242,100.827,97.2653,94.0139,96.1417,96.5909,95.5264,99.5296,99.1724,98.7872,96.9128,99.1497,98.7588,97.614,97.2168,98.7588,100.692,99.9326,95.8271,94.879,97.4357,98.8733,100.995,100.281,99.9412,98.2681,99.6054,102.983,107.256,104.521,101.523,98.0871,96.6218,96.0765,96.3084,94.9604,94.6826,95.1831,100.246,105.164,105.522,107.936,110.113,106.825,106.574,106.678,101.68,101.719,96.8767,95.8173,95.4176,89.9241,89.3342,90.8189,88.7389,88.2163,85.2944,86.7529,86.4445,87.7144,91.3687,91.8353,91.9719,94.6152,96.7358,94.373,93.1884,92.8731,92.6683,91.0776,90.0161,88.5463,89.7791,89.2624,89.9864,90.2995,91.128,90.9205,92.5919,94.7328,94.1162,92.3559,93.7929,94.2341,93.3608,91.9418,91.9814,89.7847,90.2468,90.1527,90.3754,88.6268,89.6801,91.0123,91.9452,92.0328,94.0562,92.8845,93.1016,92.3631,91.3408,90.5799,89.6564,88.844,87.3072,85.9163,86.7757,87.7347,87.7328,89.9396,89.6844,91.048,92.5087,93.8015,93.917,95.308,95.0171,95.0478,93.4301,94.6531,93.5588,93.4901,93.1261,93.7937,91.5735,92.5259,92.8384,91.8759,91.7848,94.0364,95.0063,95.6047,94.8162,95.0799,92.6244,93.0412,93.855,93.6195,90.4991,88.8697,88.2679,88.957,89.6867,91.5828,89.9426,89.3451,89.2806,89.4948,90.8739,91.9267,93.1051,92.1843,91.8341,93.9248,94.893,94.1827,93.8258,94.4374,92.9992,91.5265,93.0987,93.3655,91.7027,92.17,92.8329,94.0836,92.7149,94.3908,94.4943,93.4328,92.6431,94.3293,94.3751,93.5666,93.9775,95.1027,93.7212,93.3097,92.2333,92.4527,91.8114,91.5406,93.1704,92.0771,90.6944,90.8403,93.3547,96.1902,97.0745,88.0474,-32.3905,154.095,
W_1735A2/219_E_None_0.514_SI1,100.313,-0.139032,0.100099,95.7347,100.812,109.596,549.758,100.367,0.000731105,0.182809,0.171318,144.247,6502.73, ,-100,109.129,26300,-20.1663,101.038,101.33,100.909,100.821,101.523,100.776,100.849,100.544,101.141,100.663,100.091,100.51,100.435,99.4299,99.4814,99.6279,99.9915,99.7258,99.6313,100.087,99.9441,99.7084,100.629,101.294,101.121,100.808,100.831,101.128,101.126,100.636,100.404,99.992,98.9324,99.4073,99.6558,100.037,99.903,99.948,100.543,101.115,100.385,100.513,100.858,101.15,101.124,100.964,100.202,100.014,99.9305,100.468,101.084,100.279,99.9725,99.7904,100.074,100.777,100.934,101.407,101.276,100.444,101.024,101.271,101.631,101.66,101.611,101.828,101.254,101.474,101.956,101.473,101.111,100.72,100.21,99.7438,99.0376,99.2732,99.3123,98.7479,98.6811,99.0134,98.8316,98.9898,99.3513,99.7748,99.7758,99.2425,99.5627,99.8951,99.9286,100.191,100.304,100.108,99.8821,99.851,99.678,100.058,99.9945,99.6985,99.3775,99.3646,99.2773,99.3093,99.0114,99.7989,99.6057,99.9649,99.817,100.306,100.378,100.79,101.302,101.443,101.48,101.185,100.587,100.877,100.339,99.938,99.641,99.4452,99.5446,99.2667,99.7997,100.009,99.6905,99.8843,100.551,101.025,100.522,100.424,100.161,99.9676,99.7209,100.036,100.664,100.266,100.103,100.13,100.142,100.208,100.354,100.407,100.458,100.246,100.337,100.022,100.466,100.595,100.726,100.553,100.681,100.603,100.626,100.625,100.802,100.633,100.784,101.084,101.117,101.381,101.221,101.106,101.304,101.463,101.256,101.006,100.794,100.559,100.313,100.409,99.9958,99.9717,99.7435,100.02,100.032,100.222,100.173,100.078,100.205,100.538,100.35,100.481,100.375,100.427,100.105,100.32,100.508,100.44,100.194,100.14,100.047,99.9965,99.9669,100.075,99.8814,99.9967,99.8754,99.8404,99.4621,99.4882,99.3207,99.0819,99.2144,99.1755,99.1552,99.216,99.2755,99.3895,99.6157,99.6749,99.8156,99.8038,99.9608,99.8248,99.6662,99.5765,99.7473,99.5086,99.6553,99.3758,99.0309,99.2167,99.2165,99.2289,99.3238,99.4784,99.4365,99.3523,99.4957,99.7762,99.8207,99.6417,99.4955,99.5397,99.2116,99.0449,99.087,99.1369,99.0758,99.0153,99.0692,99.1064,99.1051,99.3688,99.3549,99.2537,99.1683,99.1869,99.1901,99.2719,99.3125,99.2712,99.2132,99.2471,99.3042,99.3332,99.3668,99.3663,99.4311,99.4771,99.616,99.6966,99.7882,99.8432,99.9099,99.945,100.028,100.082,100.157,100.156,100.174,100.149,100.187,100.185,100.231,100.205,100.167,100.119,100.099,100.157,100.222,100.19,100.233,100.246,100.292,100.362,100.429,100.464,100.401,100.339,100.393,100.407,100.445,100.451,100.428,100.387,100.339,100.324,100.354,100.398,100.404,100.369,100.393,100.419,100.441,100.476,100.489,100.5,100.459,100.492,100.518,100.535,100.51,100.53,100.537,100.546,100.588,100.606,100.593,100.598,100.584,100.614,100.618,100.637,100.668,100.664,100.674,100.71,100.723,100.74,100.743,100.758,100.752,100.75,100.757,100.775,100.766,100.786,100.791,100.814,100.827,100.85,100.853,100.888,100.888,100.888,100.89,100.884,100.902,100.903,100.903,100.91,100.888,100.899,100.895,100.91,100.921,100.904,100.891,100.916,100.929,100.932,100.925,100.954,100.947,100.972,100.963,100.992,100.967,100.972,100.963,100.969,100.944,100.951,100.937,100.953,100.943,100.945,100.951,100.941,100.96,100.966,100.959,100.947,100.937,100.942,100.949,100.949,100.956,100.958,100.968,100.978,100.992,100.984,100.995,100.987,100.974,100.98,100.972,100.981,100.974,100.959,100.998,100.98,100.973,100.968,100.96,100.946,100.915,100.882,100.908,100.873,100.87,100.876,100.883,100.887,100.887,100.887,100.92,100.89,100.895,100.88,100.877,100.858,100.868,100.866,100.878,100.864,100.878,100.855,100.861,100.87,100.871,100.866,100.859,100.863,100.86,100.862,100.884,100.885,100.889,100.879,100.855,100.849,100.829,100.82,100.816,100.802,100.786,100.766,100.791,100.791,100.781,100.788,100.777,100.763,100.76,100.783,100.788,100.774,100.79,100.792,100.798,100.816,100.82,100.82,100.808,100.789,100.774,100.769,100.763,100.748,100.732,100.706,100.71,100.709,100.745,100.771,100.753,100.768,100.77,100.762,100.793,100.812,100.807,100.79,100.784,100.783,100.782,100.759,100.765,100.752,100.731,100.718,100.689,100.672,100.682,100.686,100.72,100.729,100.72,100.702,100.726,100.754,100.751,100.77,100.758,100.743,100.746,100.765,100.798,100.788,100.785,100.798,100.788,100.812,100.818,100.808,100.809,100.776,100.764,100.745,100.756,100.75,100.713,100.707,100.702,100.692,100.688,100.706,100.716,100.707,100.711,100.733,100.72,100.706,100.702,100.727,100.731,100.712,100.719,100.71,100.703,100.721,100.725,100.734,100.732,100.735,100.748,100.748,100.743,100.741,100.733,100.764,100.754,100.75,100.734,100.744,100.724,100.742,100.737,100.748,100.742,100.731,100.741,100.755,100.739,100.752,100.749,100.75,100.748,100.726,100.737,100.716,100.697,100.707,100.686,100.682,100.681,100.654,100.662,100.674,100.679,100.682,100.698,100.705,100.696,100.704,100.712,100.722,100.726,100.724,100.726,100.736,100.731,100.733,100.735,100.734,100.734,100.726,100.738,100.753,100.732,100.744,100.776,100.779,100.806,100.805,100.813,100.796,100.783,100.777,100.808,100.78,100.794,100.782,100.79,100.768,100.783,100.794,100.786,100.769,100.795,100.786,100.8,100.819,100.84,100.843,100.839,100.868,100.846,100.811,100.802,100.782,100.768,100.755,100.76,100.761,100.721,100.77,100.768,100.794,100.829,100.802,100.822,100.823,100.837,100.871,100.831,100.876,100.889,100.895,100.926,100.926,100.922,100.883,100.905,100.931,100.916,100.88,100.868,100.887,100.879,100.89,100.934,100.938,100.922,100.927,100.941,100.957,100.944,100.952,100.977,100.989,100.965,100.986,101.013,101.015,101.013,101.008,101.004,100.989,100.949,100.986,101.023,101.012,101.007,100.985,100.952,100.989,101.004,101.005,100.991,100.911,100.898,100.937,100.944,100.986,101.047,101.065,101.12,101.113,101.173,101.262,101.216,101.245,101.238,101.191,101.198,101.252,101.281,101.266,101.218,101.231,101.219,101.246,101.294,101.29,101.224,101.252,101.26,101.184,101.2,101.152,101.218,101.189,101.207,101.222,101.177,101.193,101.235,101.158,101.238,101.13,101.134,101.235,101.303,101.346,101.376,101.386,101.555,101.578,101.596,101.467,101.356,101.275,101.32,101.21,101.203,101.13,101.223,101.192,101.309,101.242,101.27,101.32,101.431,101.415,101.433,101.262,101.397,101.364,101.373,101.305,101.365,101.576,101.571,101.534,101.678,101.759,101.811,101.835,101.958,101.802,101.714,101.772,101.906,101.785,101.735,101.626,101.585,101.579,101.67,101.674,101.759,101.798,101.834,101.959,102.084,102.325,102.397,102.346,102.357,102.437,102.335,102.485,102.321,102.322,102.227,102.146,102.303,102.183,102.156,102.194,102.105,102.277,102.289,102.251,102.128,102.091,102.099,102.022,101.975,102.08,101.867,101.818,101.857,101.901,101.73,101.852,101.722,101.745,101.587,101.741,101.98,101.879,102.155,102.161,102.065,102.099,102.043,102.092,101.918,101.601,101.848,101.582,101.424,101.516,101.575,101.649,101.653,101.792,101.771,101.684,101.641,101.96,101.814,101.82,101.79,101.917,101.742,101.938,101.946,101.753,101.646,101.685,101.574,101.556,101.458,101.673,101.349,101.312,101.891,101.969,101.791,101.815,101.674,101.341,101.262,101.541,101.376,101.105,100.756,100.955,100.989,101.338,101.583,101.892,101.865,101.933,101.945,102.036,101.944,102.123,102.227,102.201,101.769,101.495,101.693,101.764,101.809,101.981,101.885,101.257,101.228,101.113,101.604,101.24,100.915,100.868,100.465,100.258,100.469,100.123,100.506,100.369,100.479,100.827,101.118,101.609,101.926,102.056,102.379,101.635,101.442,101.296,100.624,100.535,100.457,100.279,100.439,100.486,100.991,101.027,101.123,101.715,101.791,101.482,101.471,101.168,101.31,101.924,101.502,101.386,101.343,101.164,101.402,101.223,101.107,100.813,100.077,100.17,100.205,99.9844,100.205,100.123,100.065,100.146,100.239,100.495,100.634,100.644,101.017,100.668,100.377,100.735,100.792,100.824,100.603,100.753,101.236,101.266,101.467,101.532,100.925,101.163,101.323,101.526,101.428,101.244,101.274,101.105,100.913,101.293,100.964,100.528,100.284,100.195,99.82,99.5244,99.5373,100.116,100.192,100.387,100.58,100.598,100.928,101.269,101.566,101.775,101.68,101.872,101.608,101.939,102.352,102.227,101.987,101.882,101.669,101.654,101.648,101.837,101.576,101.673,101.444,101.819,101.704,101.628,101.78,101.566,101.76,101.833,101.876,102.308,102.31,102.237,102.537,102.28,102.344,102.091,102.217,101.853,101.603,101.11,101.012,100.983,100.781,100.837,101.313,101.417,101.413,101.651,101.899,102.271,102.248,102.751,-20.1663,119.695,-278.512,-90.0415,
F_1735A2/219_E_None_0.514_SI1,100.648,0.311047,2.77071,110.129,101.685,38.3298,582.641,90.0445,0.0349923,-0.698377,2.78812,83.5946,2964.37, ,-200,0.290698,140.234,23.9919,99.4384,99.4827,100.378,100.091,99.9036,100.83,99.7623,100.507,100.01,99.903,99.3756,98.3341,98.2745,98.5148,97.6177,98.0973,97.9901,98.1824,98.4645,98.6704,99.168,99.0683,99.2714,99.9084,100.244,99.5447,100.176,100.043,100.544,100.941,101.001,100.564,100.041,100.074,100.428,99.7847,99.0872,98.312,98.2525,98.571,98.6365,98.401,98.3706,98.3826,98.5386,98.6351,99.0348,98.3817,98.508,98.5134,99.3194,99.2065,99.1519,99.1879,98.9292,98.7558,98.962,98.734,98.3061,97.1783,97.3701,97.032,96.3324,96.5505,96.8915,96.5612,96.3877,96.4341,97.2927,97.0011,97.0796,97.8098,97.7484,97.7835,98.2665,98.199,98.7255,98.76,99.2315,99.4831,99.4561,100.228,100.42,100.995,100.556,100.199,99.6258,99.6792,99.7068,99.8163,99.6798,99.2443,98.5644,99.8431,100.089,100.665,99.9803,99.6825,99.1979,99.3894,98.9891,98.8554,98.2463,97.905,97.6389,97.9294,97.8501,98.3024,97.9865,97.697,97.579,97.6086,97.5829,97.1566,97.732,98.1761,97.9417,97.921,98.0874,98.4486,98.072,98.3433,98.9393,98.5049,97.8205,97.5293,98.0335,98.5058,98.307,98.5558,98.3506,97.8635,97.798,97.6708,97.9688,96.8095,96.4185,96.6816,96.7192,96.4582,96.8036,96.4799,96.3461,96.169,96.8305,97.038,96.8752,96.8375,96.7224,96.2111,96.4833,97.0002,96.9576,96.783,96.7367,96.4448,96.6161,96.6728,97.2133,97.3018,97.3504,97.5192,97.5869,97.7131,98.1871,98.1492,98.4566,98.3064,98.1916,98.4543,98.335,98.2778,98.4807,98.566,98.8357,98.8394,99.0269,99.1228,98.9876,99.1577,99.1,98.9752,98.948,98.6483,98.6765,98.744,98.7559,98.4359,98.4223,98.3557,98.3553,98.4008,98.437,98.2792,98.2308,98.1964,98.327,98.3277,98.3659,98.2731,98.1418,98.1466,98.1986,98.1801,98.196,98.1595,98.1174,98.12,98.178,98.27,98.3588,98.4692,98.5549,98.6043,98.6928,98.7732,98.8621,98.9504,99.0024,99.0672,99.0767,99.0984,99.1426,99.1843,99.2211,99.2408,99.2488,99.2805,99.2805,99.335,99.3916,99.4473,99.4511,99.4797,99.5104,99.5468,99.6278,99.648,99.6526,99.6559,99.6668,99.6714,99.7171,99.7547,99.7962,99.7452,99.7483,99.807,99.755,99.8623,99.8366,99.8497,99.8077,99.6921,99.7,99.8725,99.9071,100.092,99.9354,99.8277,99.8543,99.9981,99.9812,99.916,99.6097,99.3712,99.0791,99.1111,99.0767,98.6306,98.2227,98.0116,97.8686,97.5845,97.3484,97.4917,97.1624,97.1662,97.3097,97.4745,97.2119,97.0058,96.9322,97.1169,96.8741,96.8285,96.5933,96.5481,96.5372,96.4745,96.6305,96.9631,96.709,96.7939,96.9366,96.814,96.9781,96.9758,97.1007,97.1704,97.2164,97.4953,97.2696,97.2162,97.6268,97.3453,97.229,97.086,97.1295,96.7968,96.5338,96.6188,96.6867,96.6094,96.6939,96.7881,96.7889,96.4627,96.6545,96.5052,96.7658,96.4856,96.6738,97.0006,96.8409,96.9666,97.3492,97.5138,97.729,97.5738,97.823,97.238,97.1907,97.4898,97.5109,97.4215,97.5682,97.6587,97.8443,97.6725,97.8219,97.4138,97.3366,97.2682,97.0733,96.7962,96.8757,96.7814,97.0571,97.3851,97.6875,97.8298,97.8708,98.2999,98.4853,98.702,98.6312,98.6555,98.2988,98.2873,98.1903,98.2189,98.1656,98.0764,97.8839,97.7199,97.5453,97.9221,98.1372,98.2338,98.398,98.3813,98.4098,98.358,98.7198,98.8831,98.8336,98.754,98.8289,98.8804,98.9274,99.1101,99.3675,99.3421,99.5157,99.7683,99.832,100.041,100.007,99.907,100.035,100.15,100.133,100.395,100.399,100.457,100.422,100.436,100.578,100.5,100.397,100.733,100.561,100.715,100.578,100.405,100.543,100.816,101.161,101.302,101.422,101.35,101.065,101.201,101.376,101.188,101.007,100.944,100.857,100.599,100.702,100.815,100.919,101.008,101.183,101.318,101.142,101.361,101.265,101.381,101.548,101.463,101.521,101.696,101.55,101.56,101.51,101.597,101.349,101.372,101.38,101.372,101.186,101.24,101.527,101.332,101.4,101.346,101.134,101.214,100.978,101.114,101.066,100.604,100.709,100.824,101.009,101.381,101.566,101.649,101.558,101.785,102.246,102.392,102.445,102.451,102.234,102.146,102.432,102.647,102.322,101.93,101.843,101.708,101.659,101.798,101.832,101.884,101.993,102.162,102.566,102.581,102.489,102.481,102.498,102.615,102.257,102.115,102.293,101.916,101.652,101.91,102.03,102.017,101.822,102.027,101.969,101.853,101.99,102.32,102.215,102.319,102.098,102.019,101.939,101.821,101.702,101.888,101.487,101.442,101.363,101.607,101.717,101.501,101.813,102.26,102.155,102.428,102.584,102.504,102.492,102.298,102.571,102.223,101.721,102.063,102.214,102.221,102.478,102.431,102.598,102.692,102.827,102.981,102.643,102.516,102.284,102.394,102.437,102.339,102.538,102.522,102.594,102.607,103.061,103.272,102.983,102.901,103.232,102.809,102.457,102.798,102.955,102.57,102.563,102.675,102.78,102.404,102.468,102.921,102.493,102.21,102.171,102.114,101.986,101.721,102.042,102.175,102.068,102.26,102.397,102.276,102.11,102.332,102.452,102.386,101.863,101.326,100.952,100.825,100.924,101.062,100.448,100.418,100.078,100.244,100.713,101.213,101.057,101.287,101.563,101.907,101.772,101.818,102.063,102.288,102.148,102.074,101.246,101.149,101.399,101.374,102.118,102.045,101.657,101.511,102.27,103.241,102.989,102.487,102.708,102.22,102.164,102.954,102.96,102.495,102.3,102.323,102.381,102.492,102.372,102.137,102.131,102.035,102.788,102.478,102.782,102.782,103.002,103.504,104.242,103.481,103.639,103.248,103.478,102.96,104.064,103.891,103.038,102.557,103.256,103.102,103.286,103.83,104.061,104.27,103.942,104.04,104.573,103.928,103.659,103.258,103.499,103.497,101.504,101.775,101.743,102.084,102.854,103.331,103.679,102.832,103.283,104.811,105.104,105.371,104.839,105.824,104.657,104.862,104.65,103.372,102.811,102.122,102.916,103.046,102.59,104.911,104.163,105.308,105.213,105.429,105.815,104.553,104.897,103.639,103.899,103.911,104.18,104.849,104.596,104.452,104.955,105.182,106.226,104.981,106.563,105.959,107.485,108.329,110.278,112.198,111.901,111.891,111.753,110.541,112.037,112.646,112.97,111.852,110.126,110.707,108.796,108.525,108.985,106.774,105.725,104.814,105.187,106.575,106.393,107.639,109.552,109.395,108.688,109.775,111.071,111.399,113.781,114.454,115.076,115.067,115.598,117.77,119.265,119.245,118.044,114.966,116.069,116.098,115.555,113.909,112.297,110.394,110.259,111.821,111.529,109.301,109.183,109.96,111.972,114.318,112.535,112.256,112.536,115.989,119.31,124.219,128.958,129.435,127.243,132.075,132.312,134.375,133.51,131.964,130.088,128.853,133.618,133.709,133.995,139.337,135.879,140.108,143.647,138.827,136.79,133.044,137.722,137.454,133.44,134.415,130.655,127.462,131.674,128.962,130.314,130.753,128.492,128.773,133.336,129.099,130.804,133.013,135.687,137.622,140.34,141.347,142.028,144.539,153.091,150.936,154.516,157.774,155.217,148.192,155.578,155.293,147.159,145.747,148.087,150.827,158.005,160.286,164.308,155.682,151.508,154.925,153.325,161.651,153.154,154.438,156.201,160.445,171.558,184.531,191.931,204.864,192.419,198.218,181.045,175.079,170.908,167.594,156.819,148.868,141.13,144.941,148.887,151.29,155.579,155.578,156.31,165.783,170.833,180.578,178.833,178.079,173.776,176.664,177.624,171.484,169.081,166.42,158.157,158.557,153.377,156.255,155.995,158.747,163.047,165.408,163.722,164.611,163.41,162.077,154.248,149.232,145.845,143.391,140.971,142.64,139.045,137.575,138.037,140.661,142.312,139.985,135.756,134.472,129.708,132.244,136.772,134.999,138.407,138.2,141.301,145.511,145.314,147.402,148.975,141.362,143.963,141.394,137.853,137.566,132.497,129.017,129.156,123.99,120.819,120.509,116.661,115.8,112.538,113.485,113.576,113.939,117.053,115.559,115.112,114.078,115.315,112.465,113.95,113.746,111,109.094,108.161,106.274,109.94,109.883,111.169,108.719,108.886,111.537,112.634,115.911,115.329,113.338,111.305,110.453,108.598,106.216,106.185,104.83,104.723,104.478,104.834,104.8,104.838,106.93,108.765,106.503,107.094,106.326,107.022,106.986,106.123,106.261,104.977,104.741,103.726,102.321,101.461,100.538,99.6229,99.0135,99.7222,100.644,101.257,103.016,103.832,105.429,105.717,105.682,107.194,107.612,106.859,106.723,104.565,103.721,102.5,103.308,102.905,100.906,99.6407,101.294,100.515,102.848,102.269,102.576,100.801,100.711,102.202,102.811,101.2,101.197,99.338,100.519,100.517,101.297,101.378,101.356,101.352,100.962,101.622,102.063,102.907,102.411,102.341,102.449,102.665,102.458,100.679,100.684,99.2806,99.106,100.956,100.958,99.0132,99.0141,99.0969,101.337,101.129,103.475,101.607,99.564,100.025,102.621,102.923,100.575,98.9329,98.4597,96.7098,97.5227,97.2573,97.1781,96.0322,95.0153,97.3765,98.5021,99.0686,99.9105,99.8934,101.669,-96.0106,109.398,76.5511,155.388,
W_Calibration,100,0,0,95.0422,100,108.876,565.016,99.9909,1.74827e-05,0.00127928,0,0,6504.1, ,100,100,100,100,100,100,100,100,100,100,100,100,100,100,100,100,100,100,100,100,100,100,100,100,100,100,100,100,100,100,100,100,100,100,100,100,100,100,100,100,100,100,100,100,100,100,100,100,100,100,100,100,100,100,100,100,100,100,100,100,100,100,100,100,100,100,100,100,100,100,100,100,100,100,100,100,100,100,100,100,100,100,100,100,100,100,100,100,100,100,100,100,100,100,100,100,100,100,100,100,100,100,100,100,100,100,100,100,100,100,100,100,100,100,100,100,100,100,100,100,100,100,100,100,100,100,100,100,100,100,100,100,100,100,100,100,100,100,100,100,100,100,100,100,100,100,100,100,100,100,100,100,100,100,100,100,100,100,100,100,100,100,100,100,100,100,100,100,100,100,100,100,100,100,100,100,100,100,100,100,100,100,100,100,100,100,100,100,100,100,100,100,100,100,100,100,100,100,100,100,100,100,100,100,100,100,100,100,100,100,100,100,100,100,100,100,100,100,100,100,100,100,100,100,100,100,100,100,100,100,100,100,100,100,100,100,100,100,100,100,100,100,100,100,100,100,100,100,100,100,100,100,100,100,100,100,100,100,100,100,100,100,100,100,100,100,100,100,100,100,100,100,100,100,100,100,100,100,100,100,100,100,100,100,100,100,100,100,100,100,100,100,100,100,100,100,100,100,100,100,100,100,100,100,100,100,100,100,100,100,100,100,100,100,100,100,100,100,100,100,100,100,100,100,100,100,100,100,100,100,100,100,100,100,100,100,100,100,100,100,100,100,100,100,100,100,100,100,100,100,100,100,100,100,100,100,100,100,100,100,100,100,100,100,100,100,100,100,100,100,100,100,100,100,100,100,100,100,100,100,100,100,100,100,100,100,100,100,100,100,100,100,100,100,100,100,100,100,100,100,100,100,100,100,100,100,100,100,100,100,100,100,100,100,100,100,100,100,100,100,100,100,100,100,100,100,100,100,100,100,100,100,100,100,100,100,100,100,100,100,100,100,100,100,100,100,100,100,100,100,100,100,100,100,100,100,100,100,100,100,100,100,100,100,100,100,100,100,100,100,100,100,100,100,100,100,100,100,100,100,100,100,100,100,100,100,100,100,100,100,100,100,100,100,100,100,100,100,100,100,100,100,100,100,100,100,100,100,100,100,100,100,100,100,100,100,100,100,100,100,100,100,100,100,100,100,100,100,100,100,100,100,100,100,100,100,100,100,100,100,100,100,100,100,100,100,100,100,100,100,100,100,100,100,100,100,100,100,100,100,100,100,100,100,100,100,100,100,100,100,100,100,100,100,100,100,100,100,100,100,100,100,100,100,100,100,100,100,100,100,100,100,100,100,100,100,100,100,100,100,100,100,100,100,100,100,100,100,100,100,100,100,100,100,100,100,100,100,100,100,100,100,100,100,100,100,100,100,100,100,100,100,100,100,100,100,100,100,100,100,100,100,100,100,100,100,100,100,100,100,100,100,100,100,100,100,100,100,100,100,100,100,100,100,100,100,100,100,100,100,100,100,100,100,100,100,100,100,100,100,100,100,100,100,100,100,100,100,100,100,100,100,100,100,100,100,100,100,100,100,100,100,100,100,100,100,100,100,100,100,100,100,100,100,100,100,100,100,100,100,100,100,100,100,100,100,100,100,100,100,100,100,100,100,100,100,100,100,100,100,100,100,100,100,100,100,100,100,100,100,100,100,100,100,100,100,100,100,100,100,100,100,100,100,100,100,100,100,100,100,100,100,100,100,100,100,100,100,100,100,100,100,100,100,100,100,100,100,100,100,100,100,100,100,100,100,100,100,100,100,100,100,100,100,100,100,100,100,100,100,100,100,100,100,100,100,100,100,100,100,100,100,100,100,100,100,100,100,100,100,100,100,100,100,100,100,100,100,100,100,100,100,100,100,100,100,100,100,100,100,100,100,100,100,100,100,100,100,100,100,100,100,100,100,100,100,100,100,100,100,100,100,100,100,100,100,100,100,100,100,100,100,100,100,100,100,100,100,100,100,100,100,100,100,100,100,100,100,100,100,100,100,100,100,100,100,100,100,100,100,100,100,100,100,100,100,100,100,100,100,100,100,100,100,100,100,100,100,100,100,100,100,100,100,100,100,100,100,100,100,100,100,100,100,100,100,100,100,100,100,100,100,100,100,100,100,100,100,100,100,100,100,100,100,100,100,100,100,100,100,100,100,100,100,100,100,100,100,100,100,100,100,100,100,100,100,100,100,100,100,100,100,100,100,100,100,100,100,100,100,100,100,100,100,100,100,100,100,100,100,100,100,100,100,100,100,100,100,100,100,100,100,100,100,100,100,100,100,100,100,100,100,100,100,100,100,100,100,100,100,100,100,100,100,
F_Calibration,100,0,0,108.104,100,39.2965,491.07,99.9909,0.000170256,0.00127928,0,0,3000.62, ,100,100,100,100,100,100,100,100,100,100,100,100,100,100,100,100,100,100,100,100,100,100,100,100,100,100,100,100,100,100,100,100,100,100,100,100,100,100,100,100,100,100,100,100,100,100,100,100,100,100,100,100,100,100,100,100,100,100,100,100,100,100,100,100,100,100,100,100,100,100,100,100,100,100,100,100,100,100,100,100,100,100,100,100,100,100,100,100,100,100,100,100,100,100,100,100,100,100,100,100,100,100,100,100,100,100,100,100,100,100,100,100,100,100,100,100,100,100,100,100,100,100,100,100,100,100,100,100,100,100,100,100,100,100,100,100,100,100,100,100,100,100,100,100,100,100,100,100,100,100,100,100,100,100,100,100,100,100,100,100,100,100,100,100,100,100,100,100,100,100,100,100,100,100,100,100,100,100,100,100,100,100,100,100,100,100,100,100,100,100,100,100,100,100,100,100,100,100,100,100,100,100,100,100,100,100,100,100,100,100,100,100,100,100,100,100,100,100,100,100,100,100,100,100,100,100,100,100,100,100,100,100,100,100,100,100,100,100,100,100,100,100,100,100,100,100,100,100,100,100,100,100,100,100,100,100,100,100,100,100,100,100,100,100,100,100,100,100,100,100,100,100,100,100,100,100,100,100,100,100,100,100,100,100,100,100,100,100,100,100,100,100,100,100,100,100,100,100,100,100,100,100,100,100,100,100,100,100,100,100,100,100,100,100,100,100,100,100,100,100,100,100,100,100,100,100,100,100,100,100,100,100,100,100,100,100,100,100,100,100,100,100,100,100,100,100,100,100,100,100,100,100,100,100,100,100,100,100,100,100,100,100,100,100,100,100,100,100,100,100,100,100,100,100,100,100,100,100,100,100,100,100,100,100,100,100,100,100,100,100,100,100,100,100,100,100,100,100,100,100,100,100,100,100,100,100,100,100,100,100,100,100,100,100,100,100,100,100,100,100,100,100,100,100,100,100,100,100,100,100,100,100,100,100,100,100,100,100,100,100,100,100,100,100,100,100,100,100,100,100,100,100,100,100,100,100,100,100,100,100,100,100,100,100,100,100,100,100,100,100,100,100,100,100,100,100,100,100,100,100,100,100,100,100,100,100,100,100,100,100,100,100,100,100,100,100,100,100,100,100,100,100,100,100,100,100,100,100,100,100,100,100,100,100,100,100,100,100,100,100,100,100,100,100,100,100,100,100,100,100,100,100,100,100,100,100,100,100,100,100,100,100,100,100,100,100,100,100,100,100,100,100,100,100,100,100,100,100,100,100,100,100,100,100,100,100,100,100,100,100,100,100,100,100,100,100,100,100,100,100,100,100,100,100,100,100,100,100,100,100,100,100,100,100,100,100,100,100,100,100,100,100,100,100,100,100,100,100,100,100,100,100,100,100,100,100,100,100,100,100,100,100,100,100,100,100,100,100,100,100,100,100,100,100,100,100,100,100,100,100,100,100,100,100,100,100,100,100,100,100,100,100,100,100,100,100,100,100,100,100,100,100,100,100,100,100,100,100,100,100,100,100,100,100,100,100,100,100,100,100,100,100,100,100,100,100,100,100,100,100,100,100,100,100,100,100,100,100,100,100,100,100,100,100,100,100,100,100,100,100,100,100,100,100,100,100,100,100,100,100,100,100,100,100,100,100,100,100,100,100,100,100,100,100,100,100,100,100,100,100,100,100,100,100,100,100,100,100,100,100,100,100,100,100,100,100,100,100,100,100,100,100,100,100,100,100,100,100,100,100,100,100,100,100,100,100,100,100,100,100,100,100,100,100,100,100,100,100,100,100,100,100,100,100,100,100,100,100,100,100,100,100,100,100,100,100,100,100,100,100,100,100,100,100,100,100,100,100,100,100,100,100,100,100,100,100,100,100,100,100,100,100,100,100,100,100,100,100,100,100,100,100,100,100,100,100,100,100,100,100,100,100,100,100,100,100,100,100,100,100,100,100,100,100,100,100,100,100,100,100,100,100,100,100,100,100,100,100,100,100,100,100,100,100,100,100,100,100,100,100,100,100,100,100,100,100,100,100,100,100,100,100,100,100,100,100,100,100,100,100,100,100,100,100,100,100,100,100,100,100,100,100,100,100,100,100,100,100,100,100,100,100,100,100,100,100,100,100,100,100,100,100,100,100,100,100,100,100,100,100,100,100,100,100,100,100,100,100,100,100,100,100,100,100,100,100,100,100,100,100,100,100,100,100,100,100,100,100,100,100,100,100,100,100,100,100,100,100,100,100,100,100,100,100,100,100,100,100,100,100,100,100,100,100,100,100,100,100,100,100,100,100,100,100,100,100,100,100,100,100,100,100,100,100,100,100,100,100,100,100,100,100,100,100,100,100,100,100,100,100,100,100,100,100,
W_3498A2/343_D_None_0.501_SI1,97.2583,-0.0805488,0.10773,88.4175,93.0758,101.169,563.705,92.5851,0.000929641,0.0822338,0.134514,126.785,6497.97, ,120,-64.7696,0.775194,50.7431,92.0042,92.1899,92.0832,92.1934,92.424,91.9386,92.3836,92.9944,93.0031,92.4769,92.3654,92.8296,92.8967,92.625,92.6955,92.9207,92.6192,93.5152,93.768,94.0169,93.5117,93.6029,93.7378,94.264,93.8968,93.7999,93.0801,93.2229,93.4718,93.4944,93.3191,93.3176,93.2332,93.0382,93.4455,93.1537,93.1266,92.3268,92.5071,92.4108,92.3198,92.139,92.0499,91.9704,92.2134,92.018,92.2003,91.7514,91.6753,91.7694,91.7689,92.1856,91.8187,92.0519,92.1737,92.8478,92.6233,92.9918,93.0702,92.9849,92.5092,92.7467,92.4432,92.1955,91.3026,91.1396,90.8465,91.0377,91.1688,91.5149,91.5773,91.8037,92.0532,92.3892,92.4982,92.9173,92.6667,92.763,92.5564,92.5503,92.3186,92.821,92.6954,93.1175,92.6167,92.6907,92.2965,92.768,92.947,93.1594,91.9104,92.0911,92.2501,92.3885,92.5462,92.714,92.2719,91.8501,91.6898,92.4372,92.6777,92.3021,92.2284,92.3103,92.2998,92.4849,92.6552,92.9142,93.002,92.7301,92.8293,92.771,92.6543,92.5791,92.4174,92.6296,92.9837,93.0634,92.8475,92.9129,92.6312,92.56,92.7774,92.8645,92.4752,91.9678,91.7124,92.1791,92.1105,92.6367,92.6974,92.4324,92.1871,92.4724,92.6322,92.2611,91.9259,91.8396,91.2458,90.81,90.8561,91.1368,91.4459,91.3944,92.0426,92.319,92.5261,92.7172,92.9881,92.9861,92.8013,92.2882,92.6848,92.4344,91.8975,91.7163,91.9217,91.8852,91.9314,92.0152,92.4342,92.4164,92.6035,93.319,93.5422,93.5019,93.6326,93.5959,93.7314,93.3771,93.0585,92.7994,92.5638,92.4384,92.1812,92.0039,92.2363,92.3115,92.5435,92.1399,92.584,92.5373,92.3886,92.6223,92.5981,92.5589,92.2578,92.219,92.3956,91.9932,92.1833,92.201,92.0076,92.1803,92.0644,92.2004,92.0586,92.033,91.9298,91.6371,91.5652,91.599,91.5587,91.3123,91.2248,91.243,91.3976,91.7387,91.8715,92.1778,92.5488,92.1895,92.5546,92.5498,92.683,92.3948,92.1322,92.0212,91.9033,91.6006,91.6575,91.362,91.4246,91.1112,91.3159,91.3654,91.2502,90.9517,90.8695,90.9979,91.1505,90.9778,91.1294,91.0495,90.9006,90.8791,90.8847,90.9999,90.9171,90.7192,90.6775,90.5236,90.207,90.1704,90.2047,90.2161,89.9446,89.885,89.9289,89.9895,90.0446,90.084,90.0752,90.024,90.0503,90.0208,89.9408,89.8816,89.8714,89.8844,89.938,90.0406,90.1558,90.235,90.3691,90.4929,90.6259,90.7416,90.8643,90.9719,91.0272,90.9839,90.8831,90.8376,90.8921,90.9892,91.0818,91.182,91.2851,91.4292,91.6715,92.0048,92.2172,92.3079,92.3378,92.3989,92.4126,92.4625,92.4825,92.534,92.5743,92.5842,92.6634,92.7355,92.773,92.861,92.8767,92.9046,92.9231,92.905,92.926,92.9098,92.93,92.9282,92.9139,92.9411,92.9455,92.9585,92.9952,93.0041,92.9975,92.9792,92.9856,92.9943,93.0251,93.017,92.9974,92.9998,93.0236,93.0505,93.0665,93.0672,93.076,93.0473,93.0637,93.0702,93.0549,93.0441,93.0376,93.0307,93.0372,93.015,93.0127,93.0367,93.046,93.0638,93.0866,93.0901,93.0985,93.0971,93.1167,93.139,93.1225,93.1146,93.128,93.11,93.1071,93.0988,93.0902,93.0888,93.0603,93.0521,93.0652,93.0315,93.0269,93.0082,93.0072,93.0325,93.0297,93.0328,93.0383,93.0282,93.0366,93.0402,93.0587,93.0619,93.0618,93.0813,93.1052,93.1336,93.1471,93.1687,93.1925,93.207,93.2116,93.2007,93.2012,93.1955,93.146,93.1232,93.1153,93.1237,93.1201,93.1205,93.1355,93.1206,93.1053,93.1233,93.1528,93.1254,93.1113,93.1134,93.1298,93.124,93.1271,93.1308,93.1412,93.1481,93.1766,93.1712,93.1658,93.1497,93.1463,93.1555,93.1833,93.183,93.1658,93.1464,93.1293,93.1284,93.1411,93.1486,93.1415,93.1101,93.1095,93.1151,93.1374,93.1538,93.1669,93.1528,93.1507,93.1452,93.1662,93.1555,93.1571,93.1447,93.1314,93.1388,93.1274,93.1211,93.137,93.1342,93.1328,93.1326,93.1414,93.1575,93.1427,93.1427,93.1505,93.1195,93.1081,93.1178,93.1065,93.0891,93.0812,93.0743,93.0957,93.0958,93.1129,93.1109,93.0933,93.0925,93.1062,93.0994,93.1035,93.0901,93.0802,93.0764,93.0614,93.0593,93.0538,93.0242,93.0027,92.9918,92.984,92.964,92.9507,92.9602,92.9302,92.9233,92.9489,92.9629,92.9336,92.9269,92.9292,92.9247,92.9077,92.9377,92.9527,92.9599,92.9611,92.9933,92.9959,93.0162,93.03,93.0451,93.0489,93.0483,93.0332,93.0157,93.0281,93.0417,93.0314,93.0433,93.0584,93.0601,93.0295,93.0266,93.0477,93.0441,93.0401,93.0405,93.041,93.0228,93.0362,93.0523,93.0551,93.0515,93.0259,93.0292,93.0233,93.0082,93.0202,93.0082,93.0215,93.0329,93.0223,93.0412,93.0402,93.0419,93.037,93.0333,93.0385,93.047,93.0431,93.0459,93.041,93.0432,93.035,93.0512,93.0511,93.0469,93.0485,93.0604,93.0753,93.082,93.0603,93.0729,93.0703,93.0768,93.0897,93.0738,93.0683,93.0612,93.0708,93.1294,93.129,93.1338,93.1303,93.1117,93.1431,93.1303,93.1443,93.1424,93.1038,93.1238,93.1241,93.1496,93.1519,93.1213,93.1303,93.1172,93.1159,93.1323,93.126,93.128,93.1005,93.1189,93.1294,93.1229,93.1485,93.1741,93.1681,93.18,93.1862,93.2053,93.2034,93.2212,93.2243,93.2165,93.1932,93.2079,93.1825,93.1764,93.1662,93.1824,93.1878,93.1878,93.1623,93.1812,93.1665,93.1527,93.1548,93.1751,93.155,93.1411,93.1504,93.1793,93.1717,93.1968,93.2244,93.2362,93.2178,93.2371,93.2147,93.2348,93.2346,93.2232,93.189,93.209,93.1787,93.2,93.2073,93.2326,93.2055,93.2062,93.2225,93.2413,93.2417,93.2702,93.2502,93.2472,93.2582,93.2764,93.2879,93.3037,93.3246,93.3324,93.3312,93.337,93.339,93.3665,93.3889,93.4011,93.3883,93.3601,93.3842,93.3951,93.4532,93.4707,93.4723,93.4974,93.4937,93.5082,93.5572,93.5201,93.5371,93.4825,93.4694,93.4652,93.4309,93.4313,93.4431,93.4421,93.4762,93.4951,93.5262,93.5417,93.5112,93.5266,93.5746,93.5717,93.5732,93.5496,93.5243,93.5433,93.5645,93.6075,93.5996,93.5928,93.6221,93.6352,93.6633,93.7078,93.7465,93.7192,93.7234,93.7591,93.7492,93.73,93.7457,93.7608,93.7518,93.71,93.7397,93.726,93.7389,93.7433,93.7822,93.8033,93.812,93.8505,93.8726,93.9143,93.9826,93.9651,93.9549,93.9121,93.9213,93.8974,93.8718,93.8829,93.8847,93.8583,93.9362,93.981,93.9761,93.9791,94.0311,94.1246,94.167,94.1283,94.0847,94.0623,94.0515,94.0848,94.0821,94.1056,94.0956,94.1262,94.1844,94.2505,94.2249,94.236,94.3372,94.3555,94.3344,94.2631,94.2141,94.2149,94.2894,94.3199,94.3516,94.3047,94.3085,94.331,94.2977,94.2496,94.2553,94.2003,94.2301,94.2119,94.2039,94.0444,94.0342,94.1103,94.1599,94.1134,94.0036,93.9568,93.9722,93.9729,94.075,94.0531,94.0716,94.0499,94.0348,94.1723,94.2387,94.2866,94.3281,94.4028,94.4687,94.3801,94.4356,94.4442,94.4426,94.4055,94.3313,94.3172,94.2051,94.145,94.2097,94.1887,94.2261,94.2424,94.3389,94.3775,94.348,94.3404,94.4328,94.4623,94.5179,94.4925,94.5965,94.396,94.3674,94.4429,94.4579,94.4462,94.4348,94.4776,94.5145,94.4896,94.616,94.788,94.8115,94.7854,94.6917,94.5971,94.5093,94.5534,94.5664,94.581,94.3561,94.4389,94.71,94.6638,94.7711,94.8114,94.7393,94.4808,94.5223,94.4777,94.5353,94.3332,94.2206,94.1907,94.1766,94.2832,94.4058,94.4174,94.6015,94.2506,94.5007,94.7321,94.819,94.7178,94.6905,94.6112,94.479,94.4092,94.4288,94.181,94.2253,93.8611,93.9339,93.9678,94.2243,94.5129,94.3443,94.5928,94.6921,94.5963,95.1018,95.3189,95.3822,95.2118,94.9476,95.3224,95.013,95.0053,95.0697,95.2115,95.254,95.104,95.2364,95.1237,94.8187,95.034,94.87,94.9296,94.4227,94.0726,93.7895,93.624,93.8978,93.8933,93.9905,94.0624,94.1912,94.2943,94.2689,94.3557,94.4934,94.4178,94.5253,94.2585,94.4441,94.3028,94.4027,94.5373,94.7003,94.6999,94.697,94.3707,94.4278,94.2531,94.3337,94.2581,94.2428,94.6485,94.6122,94.4657,94.4697,94.7739,94.898,94.9143,94.9635,95.1137,94.846,94.9523,94.9318,94.8924,94.7399,94.9777,94.7303,94.7902,94.8461,94.5095,94.447,94.2526,94.4838,94.6211,94.2181,94.6861,94.3861,94.1984,94.7479,94.48,94.6728,94.404,94.3473,94.0711,93.553,93.4065,93.4966,92.9657,93.5036,93.6813,93.8203,93.6144,94.2147,94.3045,94.4089,94.2234,94.5406,93.9524,93.7694,93.8902,93.8105,93.5102,93.5273,93.8374,93.8252,93.7441,93.8718,93.845,93.8754,94.5473,94.8569,94.9585,94.6589,94.951,94.6419,94.7811,94.8959,94.8528,93.9146,93.5664,93.507,93.6905,93.489,93.8747,93.6745,93.7257,93.7591,94.4858,94.5046,94.597,94.5397,94.5382,94.1269,94.2425,94.1183,94.0724,93.1956,92.8102,92.5387,92.517,92.556,93.0857,93.2224,93.102,92.9085,93.3525,93.8039,93.5819,93.4785,93.4774,93.1625,92.5995,92.7184,92.7344,92.907,92.7912,92.9354,93.0798,92.6494,92.7884,93.1546,93.1544,93.1174,93.0758,92.8233,92.74,92.7634,92.9802,92.693,92.6655,92.3663,92.4672,92.237,92.3428,92.8568,92.6672,92.9607,93.0216,93.0551,93.1499,92.9973,93.2742,93.3895,92.8889,92.9702,92.7747,92.9456,92.7894,92.9895,93.2614,92.9002,93.1591,93.4291,93.4542,93.5143,93.3589,102.749,-237.255,350.292,43.5523,
F_3498A2/343_D_None_0.501_SI1,97.5552,1.64033,-15.2158,102.435,93.8097,46.144,465.761,154.208,0.0475532,-0.137956,15.304,-83.847,3112.73, ,-100,99.2723,586.066,123.444,91.0846,90.8197,91.1111,91.252,91.1842,91.0907,91.3565,91.0946,90.895,90.3099,90.2438,89.8346,89.9555,89.5508,89.5001,89.4463,89.7097,89.6283,89.8825,90.21,90.6465,90.2931,90.9994,90.9443,90.6597,90.6389,90.392,89.9311,89.4921,89.3596,89.8826,89.4886,88.988,89.2871,89.6317,90.0451,90.7264,90.2715,90.4668,90.1906,90.4136,90.9926,90.5974,90.2849,90.5281,89.8027,90.4787,89.9519,89.901,90.0334,90.0303,89.6241,89.8099,89.0553,89.1326,88.9395,89.0787,88.9391,88.3446,88.8111,89.3013,89.4958,90.0719,90.2817,90.5253,90.9238,91.1575,91.5839,90.9263,90.643,90.2617,90.3865,90.0142,90.1055,89.0071,88.646,88.6948,89.3605,90.0472,89.8847,89.7942,90.5087,90.3616,91.5288,91.6924,91.951,91.7548,90.9357,90.7243,90.5187,90.2121,90.23,89.7552,89.8118,89.2898,89.2488,89.1059,89.8959,90.1636,90.3319,90.3104,90.6211,90.5711,90.6046,89.8892,90.6643,90.1562,89.7293,89.5989,90.3029,89.6911,89.9161,89.9398,90.4143,90.0919,90.0945,90.2248,90.3804,89.6809,89.8941,89.3965,89.7756,89.7959,89.8199,89.821,90.1723,90.2171,90.1357,90.2199,90.4376,90.4096,90.843,90.8924,91.3082,91.5789,91.8762,92.1933,92.0594,91.9822,91.8287,91.4066,91.242,90.7385,90.6971,90.0084,89.9117,90.098,90.1465,90.2541,90.0203,90.1667,90.4193,90.5828,90.8727,90.6016,90.472,90.3369,90.2704,90.5752,90.4562,90.1689,90.0331,89.9323,90.0689,90.1264,90.0757,90.0958,90.0662,90.3112,90.5105,90.4018,90.5525,90.5266,90.4795,90.5409,90.6242,90.8396,90.6067,90.6302,90.7301,90.8005,90.8411,90.8021,90.8741,90.8602,90.7752,90.8856,90.8762,90.8503,90.7658,90.875,90.9735,91.0073,90.8667,90.9167,90.8412,90.847,90.8317,91.0012,91.0014,90.9903,90.9536,90.9727,91.0091,91.038,91.0304,90.9693,90.9203,90.8615,90.819,90.775,90.7563,90.7493,90.7177,90.6831,90.6451,90.6052,90.5521,90.5152,90.4744,90.4072,90.2986,90.2139,90.1362,90.0798,90.0166,89.9748,89.9007,89.834,89.7796,89.7526,89.7071,89.6423,89.5661,89.5105,89.4516,89.4072,89.3731,89.3999,89.4404,89.4695,89.5103,89.54,89.4599,89.503,89.5,89.5357,89.3611,89.2927,89.3202,89.3795,89.496,89.613,89.7662,89.8363,89.8494,90.0461,90.0874,90.1961,90.2558,90.3886,90.5279,90.4759,90.8084,91.2403,91.7319,92.2046,92.5307,93.1746,93.6587,94.7285,96.3887,98.2722,99.7502,100.994,101.839,102.9,103.639,104.556,105.321,104.978,104.64,104.742,105.338,106.474,107.896,109.381,111.279,113.073,115.247,116.396,118.036,119.277,120.063,120.15,120.354,120.031,119.791,119.432,119.648,119.79,120.409,121.261,121.77,122.423,122.848,123.31,123.514,123.667,123.511,123.074,122.66,122.582,122.54,122.272,121.729,121.773,121.98,122.173,122.078,122.2,122.514,122.351,122.605,122.784,122.778,122.506,122.027,121.911,121.705,121.115,120.621,120.204,120.17,119.399,119.255,119.276,119.066,118.69,118.465,118.087,117.833,117.315,117.413,116.9,116.195,115.576,115.189,114.785,114.611,114.206,114.206,113.605,113.301,113.026,112.629,112.382,112.067,111.53,111.004,110.154,109.907,109.396,109,108.562,107.849,107.425,107.241,106.518,106.382,106.124,105.835,105.622,105.426,105.204,104.805,104.591,104.631,103.733,103.467,102.942,102.513,102.368,102.157,101.88,101.205,100.739,100.804,100.406,100.265,100.186,99.8761,99.4382,99.2939,99.156,99.2032,99.008,98.8838,98.5679,98.4032,98.1085,98.1432,97.7797,97.6844,97.5261,97.5102,97.319,97.0979,96.776,96.6415,96.4627,96.6093,96.5225,96.1659,95.8934,95.7426,95.7153,95.7328,96.0571,95.8828,95.5434,95.3779,95.4876,95.4158,95.1209,95.2742,95.1598,94.4798,94.4018,94.3227,94.4467,94.2285,94.0931,93.9683,93.5511,93.4327,93.5487,93.4441,93.5042,93.4107,93.3634,93.4005,93.6842,93.8175,93.5118,93.607,93.7251,93.816,93.8647,93.8055,93.9039,93.8072,93.8785,94.0395,93.769,93.5702,93.3819,93.2449,93.5209,93.4508,93.3951,93.4578,93.4505,93.6541,93.9071,93.8475,93.7759,93.595,93.1279,93.1112,92.988,93.0529,92.8605,92.6548,92.8179,93.1052,92.985,93.285,93.1757,93.2074,93.0092,93.039,93.2094,93.2213,92.875,93.0019,93.0315,92.9849,92.7373,92.8388,92.8805,92.8005,92.7312,92.5662,92.3065,92.1569,92.3694,92.7879,92.8746,92.926,92.8252,92.6594,92.8202,93.3595,93.6238,93.6717,93.4624,93.4813,93.4003,93.5613,93.5754,93.5087,93.1761,92.9549,92.8189,92.4252,92.1967,92.4387,92.2733,92.4604,92.7012,92.6744,92.9617,92.4694,92.9525,93.119,92.8189,92.7984,92.8507,92.4708,92.6199,92.306,92.9202,92.6858,92.6187,92.7651,92.8042,92.6661,93.1307,92.9995,93.0535,92.9625,93.429,93.6491,93.8939,94.0304,94.2259,94.0105,94.1893,94.2572,94.5056,94.283,94.0872,93.6471,93.6646,93.7072,93.9648,93.9156,93.8624,93.4829,93.5392,93.8046,93.9063,93.6836,93.2307,92.9953,93.0836,92.976,93.4027,92.9121,93.2078,93.3289,93.273,93.2424,93.8263,93.5768,94.0379,93.9546,94.5979,94.3536,94.3238,94.4068,94.5889,94.2338,94.7213,94.7912,94.349,93.8963,93.6723,93.9648,94.3237,93.8217,93.7996,93.6438,93.4704,94.161,94.8035,94.8427,94.9305,94.758,95.5028,95.6905,95.8888,95.7093,95.4638,94.8588,95.0729,94.567,94.4869,94.4363,94.3887,94.0709,94.368,94.5408,94.4054,94.2157,94.7559,94.4831,94.0522,93.9018,93.8625,94.0546,93.9169,94.2597,94.4114,93.9541,94.7625,95.1903,94.9905,95.016,95.051,94.7199,94.303,94.1703,94.9125,94.5133,94.7742,94.4769,94.5895,94.5107,95.0468,95.5667,95.3404,94.4288,94.3882,93.9302,94.0315,94.3433,94.5689,93.6876,93.1625,93.6737,94.0943,95.1837,95.9699,95.9629,95.8321,95.164,95.7799,95.9132,95.825,96.1854,95.662,95.3834,95.8789,96.1458,96.1712,96.1055,96.4722,97.2289,96.395,96.248,96.2842,96.7441,95.7947,96.6263,96.435,95.8347,95.2515,95.4091,94.8455,94.4583,93.4382,93.732,92.5204,93.3319,95.0827,94.0111,94.4044,93.7197,93.5456,93.3204,93.2515,93.9342,91.8756,90.0611,90.6834,91.0756,91.5561,92.1428,93.8761,93.057,93.1134,94.8382,96.2274,95.0176,94.9433,95.5466,94.0705,94.4463,95.5666,94.44,94.2461,94.2418,97.1575,95.3242,94.5218,94.9014,93.1953,94.1235,95.6691,96.0215,96.2096,93.7169,94.4388,94.7896,96.4691,99.1496,97.7163,97.3549,98.1307,98.3991,99.7474,102.567,103.621,104.232,102.576,103.159,99.1876,98.9914,98.8138,98.6205,98.4005,99.905,97.1441,95.1035,95.8624,98.6562,97.1918,96.9645,95.6329,93.161,91.0701,91.2934,91.1112,90.7863,90.6339,92.4336,95.9648,97.4435,100.803,101.268,101.792,99.4034,101.137,102.534,100.686,100.982,102.64,102.632,101.588,105.297,111.384,105.65,108.196,109.528,107.573,103.28,98.2273,101.127,99.5359,97.0743,100.495,102.155,97.862,96.5297,101.55,104.526,102.51,103.558,105.947,106.952,102.728,103.843,100.912,96.2835,94.1129,94.1126,97.4493,96.7132,91.9973,94.8842,97.7078,96.146,98.5012,100.684,98.0699,92.6219,94.9858,98.4749,94.8966,99.7849,104.854,108.276,104.18,111.771,115.921,112.407,109.406,110.869,107.724,108.007,103.645,106.814,103.677,99.7849,100.235,99.3526,100.655,97.6386,97.9268,98.8534,97.0002,92.9849,93.7055,88.7788,89.7099,89.7422,93.8708,96.9436,94.9416,92.9246,93.786,91.5965,94.8966,93.7024,92.6219,90.3203,82.3415,85.3715,88.0709,84.9246,85.207,89.4671,92.6189,88.7126,90.0414,94.5959,93.3267,93.7106,97.3289,97.7027,92.2726,89.1783,91.4078,89.9694,90.2675,86.4109,84.6525,83.9567,88.5605,91.41,92.6376,92.8843,94.6309,96.2725,99.5146,103.99,100.173,93.6325,93.1357,94.9732,93.4762,92.117,92.2059,95.4602,91.4899,93.2649,97.6259,96.6084,95.8002,97.4538,99.2404,96.34,94.3259,93.4003,95.8159,97.9399,97.7451,95.4593,95.1172,92.2094,93.9468,95.6514,97.8653,98.3493,96.5232,97.0022,97.4481,94.3911,94.7868,94.585,94.1805,92.0842,91.8547,90.2316,89.8578,91.0454,93.0557,93.0202,91.3607,89.5163,91.6321,90.0729,91.538,90.4211,90.0014,90.9292,89.8653,89.1813,89.2535,87.8105,87.5653,88.6862,90.3666,88.8144,89.1688,90.6148,90.7088,91.4114,92.4577,93.6866,90.103,88.9577,90.1239,89.3425,88.8837,89.6206,88.6174,88.4168,88.3917,89.2124,89.6164,89.3868,89.4323,90.7026,90.7124,91.3444,91.1932,90.2412,91.1686,90.5527,89.6332,88.4817,88.4662,87.829,87.5893,86.7711,88.3391,87.5631,88.7483,90.8592,91.0084,89.4505,89.9908,89.9702,90.9889,90.052,90.3779,89.8222,88.3488,88.8301,88.8735,89.1966,90.5403,89.5904,91.166,91.2475,93.4252,93.9089,94.2459,94.0516,94.1105,92.3276,93.6669,91.897,92.1756,89.4721,89.2865,89.2476,88.744,87.8699,88.5964,88.2281,88.1172,88.6656,88.4449,88.3385,88.8248,88.9144,89.7572,90.7061,90.6231,90.7821,89.1961,90.9809,91.6524,91.1294,91.4491,90.5221,89.3934,89.0701,88.9142,89.7868,89.3025,90.6345,91.0479,90.58,90.9983,91.4311,90.3585,90.6557,90.7399,90.4281,87.5711,86.673,-51.6529,5750,-48.3193,151.674,
W_3520A2/224_H_None_0.505_VVS2,100.843,-0.839363,1.80152,96.6439,102.195,108.307,568.743,94.3738,0.0157518,0.471602,1.98746,114.982,6376.1, ,80,-30.6233,-41.0853,74.9469,98.6252,98.9332,98.629,98.2853,98.4506,98.3134,98.4984,98.0978,97.8242,97.3402,97.3038,97.475,97.3912,96.6484,96.6827,97.1492,97.1983,97.731,97.8717,97.6893,97.3956,98.0411,98.9786,99.1221,98.7951,98.5915,98.3929,98.6367,98.478,98.5063,97.6567,97.0955,97.0174,97.0083,97.55,97.5216,97.7808,97.5357,97.5513,97.862,98.2699,98.3688,98.1889,97.7049,97.5439,97.3723,97.4747,97.124,97.2437,96.8643,97.1657,97.8831,97.9192,98.3914,98.0986,98.027,98.1956,97.9319,98.174,97.777,96.946,96.6268,96.4545,96.548,96.2578,95.8441,96.2611,96.305,96.3212,96.7448,97.2209,97.5129,97.2299,97.7175,97.6221,97.5367,97.1374,96.8299,96.8979,96.9413,96.582,96.7902,96.6309,97.3996,97.3525,97.1835,97.7129,97.7253,97.6528,97.7946,97.388,97.6521,97.634,97.3238,97.8719,97.8368,97.74,97.4472,97.3721,97.9552,98.3153,98.2661,98.2397,97.9714,97.9655,98.2302,98.5499,98.4192,98.0721,97.7326,97.5985,97.9882,98.2471,98.0112,97.7488,98.1574,98.5236,99.0393,98.7058,98.8507,98.3149,98.4629,98.8531,98.8283,98.2564,98.1911,97.6335,98.11,98.357,98.8085,98.8347,98.7013,98.3781,98.2883,98.1411,98.2717,98.0791,97.7157,97.8714,97.4836,97.0475,97.4972,97.9604,97.8913,98.2729,98.3574,98.7361,98.2736,98.1757,98.4116,98.4681,98.2098,98.3919,97.927,97.6917,97.2333,97.7528,97.8736,97.7443,97.6251,97.8235,97.9201,98.0887,98.5378,98.7017,98.4465,98.8927,99.1782,99.4504,99.1342,98.7611,98.4732,98.3224,98.1276,97.8901,97.5352,97.2931,96.5957,96.6163,96.555,96.847,96.6831,96.8775,96.91,96.7102,96.7515,96.8564,96.8206,96.5937,96.2078,95.837,95.368,94.7679,94.5538,94.3848,94.1142,93.9944,93.9073,93.8788,93.7958,93.6862,93.7092,93.8195,93.4771,93.5253,93.2074,93.2702,93.2288,93.1129,93.1853,93.1246,92.7031,92.738,92.5218,92.374,92.1059,91.8289,91.4868,91.2071,91.0218,90.5906,90.4365,90.1552,89.7302,89.4891,89.0917,88.7893,88.4926,88.2675,88.0799,87.4696,86.9826,86.6282,86.0032,85.3781,84.7696,84.2091,83.4927,82.8993,82.1017,81.4588,80.57,79.7709,79.0374,78.5139,77.8753,77.2304,76.8191,76.5787,76.583,76.6506,76.6251,76.7182,76.7334,76.6313,76.3931,76.1478,75.9896,75.943,76.1628,76.6319,77.3011,78.0917,78.938,79.823,80.7382,81.6985,82.6544,83.5732,84.3579,84.756,84.6042,84.0591,83.8936,84.2341,84.8332,85.5461,86.3207,87.1896,88.4319,90.2265,92.3975,94.0416,95.0065,95.6613,96.2507,96.6665,97.1155,97.4187,97.6617,97.9041,98.0884,98.3217,98.4867,98.6308,98.8507,99.0121,99.1748,99.3291,99.4278,99.5186,99.5396,99.6423,99.6725,99.6884,99.7007,99.7458,99.7887,99.8209,99.8558,99.8931,99.895,99.9399,99.9764,100.028,100.014,99.9646,99.9153,99.8857,99.85,99.8266,99.8046,99.8057,99.7717,99.7853,99.8242,99.8797,99.9145,99.991,100.046,100.094,100.107,100.154,100.208,100.239,100.274,100.326,100.353,100.366,100.391,100.463,100.497,100.512,100.575,100.632,100.666,100.7,100.732,100.722,100.693,100.646,100.579,100.483,100.389,100.32,100.25,100.245,100.312,100.373,100.482,100.629,100.79,100.976,101.14,101.301,101.421,101.521,101.622,101.703,101.788,101.85,101.877,101.926,101.967,101.991,102.011,102.03,102.034,102.035,102.048,102.076,102.099,102.132,102.157,102.152,102.15,102.173,102.175,102.196,102.172,102.186,102.188,102.198,102.212,102.215,102.214,102.233,102.228,102.244,102.221,102.24,102.237,102.251,102.267,102.308,102.303,102.301,102.29,102.268,102.262,102.278,102.282,102.28,102.231,102.234,102.247,102.265,102.288,102.286,102.271,102.27,102.245,102.272,102.277,102.271,102.272,102.286,102.284,102.28,102.265,102.288,102.286,102.277,102.287,102.287,102.289,102.278,102.272,102.282,102.256,102.24,102.222,102.209,102.19,102.193,102.203,102.235,102.243,102.273,102.285,102.307,102.297,102.326,102.321,102.326,102.309,102.3,102.291,102.296,102.302,102.31,102.304,102.289,102.273,102.257,102.245,102.248,102.245,102.229,102.223,102.234,102.24,102.231,102.256,102.267,102.263,102.264,102.275,102.304,102.301,102.313,102.318,102.292,102.298,102.312,102.303,102.314,102.303,102.305,102.296,102.306,102.327,102.341,102.348,102.361,102.362,102.33,102.307,102.316,102.323,102.33,102.319,102.32,102.325,102.312,102.333,102.337,102.332,102.306,102.301,102.292,102.29,102.276,102.269,102.279,102.287,102.278,102.296,102.299,102.312,102.286,102.306,102.314,102.292,102.31,102.323,102.327,102.317,102.312,102.339,102.322,102.318,102.34,102.332,102.307,102.294,102.285,102.269,102.255,102.255,102.285,102.292,102.296,102.325,102.344,102.376,102.363,102.353,102.354,102.324,102.31,102.305,102.305,102.293,102.273,102.301,102.314,102.325,102.32,102.305,102.292,102.276,102.284,102.302,102.306,102.301,102.291,102.31,102.318,102.312,102.327,102.34,102.329,102.348,102.359,102.356,102.341,102.337,102.349,102.34,102.307,102.324,102.284,102.277,102.283,102.289,102.299,102.296,102.286,102.312,102.288,102.288,102.264,102.275,102.281,102.269,102.265,102.273,102.262,102.262,102.283,102.303,102.28,102.256,102.252,102.272,102.278,102.252,102.274,102.281,102.284,102.299,102.333,102.351,102.329,102.31,102.344,102.319,102.331,102.335,102.317,102.294,102.311,102.315,102.345,102.327,102.317,102.294,102.285,102.311,102.32,102.311,102.331,102.34,102.361,102.362,102.383,102.384,102.392,102.394,102.394,102.397,102.393,102.371,102.383,102.333,102.352,102.313,102.3,102.29,102.271,102.24,102.247,102.293,102.342,102.359,102.367,102.363,102.342,102.331,102.337,102.336,102.31,102.27,102.235,102.246,102.257,102.268,102.254,102.287,102.326,102.298,102.278,102.277,102.29,102.287,102.325,102.372,102.332,102.281,102.298,102.337,102.323,102.315,102.331,102.312,102.304,102.304,102.323,102.366,102.362,102.401,102.387,102.35,102.35,102.342,102.331,102.324,102.302,102.326,102.289,102.305,102.386,102.412,102.48,102.549,102.576,102.567,102.542,102.612,102.624,102.604,102.612,102.561,102.532,102.536,102.539,102.565,102.55,102.577,102.582,102.536,102.5,102.48,102.493,102.516,102.538,102.605,102.62,102.621,102.702,102.798,102.769,102.845,102.811,102.777,102.672,102.663,102.646,102.684,102.665,102.757,102.644,102.624,102.673,102.723,102.727,102.795,102.593,102.512,102.508,102.599,102.569,102.534,102.533,102.461,102.428,102.526,102.611,102.641,102.605,102.621,102.754,102.783,102.904,102.931,102.948,102.885,102.766,102.697,102.7,102.545,102.541,102.598,102.651,102.681,102.826,103.034,103.089,103.084,103.151,103.052,102.964,102.903,103.048,102.867,102.571,102.714,102.733,102.793,102.871,102.881,102.896,102.841,102.866,103.238,103.155,103.037,103.042,102.935,102.956,102.936,102.98,102.966,102.649,102.751,103.14,103.064,103.088,103.107,103.311,103.156,103.305,103.403,103.208,102.992,102.78,102.719,102.866,102.558,102.614,102.7,102.752,102.834,102.962,103.364,103.427,103.328,103.483,103.11,103.022,103.012,102.908,102.819,102.721,102.792,102.665,102.684,103.149,103.121,102.856,103.035,102.957,102.646,102.779,102.882,103.186,103.232,103.413,103.871,103.858,103.812,104.056,103.935,104.012,103.678,103.346,103.13,102.843,102.953,102.977,102.79,102.773,102.546,102.334,102.417,102.261,102.427,102.219,102.443,102.896,102.755,102.943,102.888,103.05,102.993,102.993,102.922,102.56,102.116,102.461,102.497,102.744,102.791,102.92,102.739,102.653,102.562,102.731,102.39,102.16,102.453,102.574,102.811,102.749,103.038,103.389,103.505,103.393,103.931,103.794,103.606,103.277,103.028,102.865,103.076,102.834,103.076,102.925,102.548,102.518,102.681,102.845,102.882,102.685,102.7,102.514,102.163,102.568,102.417,102.457,102.448,102.304,102.252,102.28,102.034,102.352,102.15,102.538,102.604,102.862,103.058,102.997,102.397,103.058,102.77,102.851,102.303,101.927,101.694,101.517,101.598,102.096,101.981,101.985,101.939,102.221,102.583,102.939,103.33,103.314,103.478,103.279,103.626,103.322,103.647,103.787,103.417,102.869,103.031,102.981,102.959,102.718,103.187,102.587,102.562,102.926,103.4,103.502,103.392,103.381,103.092,102.603,102.485,102.364,102.08,101.3,100.798,101.091,101.11,101.545,102.115,102.547,102.492,102.602,103.442,103.75,103.67,103.661,103.543,103.132,102.975,103.111,103.004,102.955,102.974,102.996,103.014,102.875,103.238,103.178,103.078,103.168,103.18,102.865,102.688,102.716,102.936,102.866,102.906,102.886,103.046,102.64,102.885,102.946,102.917,102.96,102.993,103.001,103.049,102.853,103.237,103.396,103.329,103.581,103.794,103.818,103.804,103.947,103.859,103.649,103.809,104.015,103.942,103.674,103.429,121.306,221.569,381.871,71.2895,
F_3520A2/224_H_None_0.505_VVS2,100.775,3.20507,-16.8957,112.406,102.019,51.0532,435.156,166.661,0.0503896,-2.28832,17.197,-79.2587,3073.26, ,0,12.8898,790.164,75.5187,74.6353,74.5081,73.3917,74.2053,74.5517,75.2228,75.4282,75.737,75.9962,75.3364,74.8804,75.589,75.2865,75.045,75.0193,75.3166,75.3232,75.0607,75.0442,75.9491,76.1101,76.3397,76.7957,76.4781,76.3508,76.7148,77.3255,77.845,77.6661,77.8626,77.8953,77.4712,77.0639,76.6083,76.3723,75.8969,75.4221,75.2385,74.9785,75.2593,75.1029,75.8082,75.9253,75.8511,76.0773,76.4989,76.3492,76.8152,76.9661,77.4148,77.4158,77.4505,77.1739,77.1272,76.6122,76.4703,76.0226,75.4947,75.1886,75.2955,75.3312,75.8903,75.9259,76.0498,76.17,75.8191,75.909,75.7566,75.5502,75.1079,74.4185,74.274,73.8836,74.3928,74.5603,74.4237,74.8227,75.0635,75.8645,75.8,75.7092,75.9827,76.0566,76.6671,76.6606,76.692,76.2698,75.7858,75.8419,75.8749,76.1014,75.8328,75.6546,75.4458,75.2497,75.5346,75.2604,75.798,75.8248,75.8709,75.7769,75.5101,75.4818,75.3462,75.2528,75.7188,75.5236,75.4028,75.546,76.1004,76.1282,76.6714,76.8757,77.0785,77.168,76.8337,76.8159,76.5638,76.2413,76.2892,75.9226,75.9462,75.8278,76.0284,76.0269,76.4133,76.64,76.4374,76.3627,76.7868,76.8499,76.9746,76.9089,77.7263,77.2833,77.5639,77.9684,77.8404,77.6946,77.2192,77.1955,77.0001,76.1784,76.3676,75.9466,75.6295,75.6012,75.2967,75.4788,75.1368,75.1476,75.396,75.6514,75.6677,75.5615,75.4941,75.5419,75.5484,75.7953,75.7128,75.6695,75.4204,75.4841,75.7414,75.931,75.9722,76.1782,76.3635,76.6053,76.7882,76.9083,76.9554,76.8,76.7912,76.8873,76.8743,76.8167,76.7876,76.8009,76.765,76.9119,76.9069,76.8987,76.9061,76.8243,76.84,76.942,76.8153,76.7403,76.725,76.7751,76.9237,76.876,76.9148,77.0839,77.3038,77.7173,78.0905,78.5492,78.9229,79.2263,79.4326,79.6019,79.6303,79.5756,79.4006,79.1862,78.903,78.6159,78.3395,78.0992,77.8648,77.6357,77.4085,77.1695,76.9062,76.6534,76.3727,76.0699,75.7511,75.3961,75.0369,74.675,74.3363,74.0154,73.7035,73.4528,73.2214,72.9992,72.8148,72.6346,72.429,72.2262,72.0629,71.9024,71.7233,71.6085,71.5318,71.5332,71.5759,71.7483,71.9068,72.0285,72.0994,72.1262,72.1057,72.1214,72.112,72.1927,72.1971,72.4248,72.8607,73.2863,73.8628,74.4445,74.7869,75.1464,75.3091,75.5878,75.6309,75.7737,76.0643,76.4543,77.0438,77.883,78.923,80.1404,81.3446,82.4835,83.5306,84.7439,85.9087,87.1909,88.3461,89.8923,91.6151,93.2116,94.9383,96.6909,98.5805,100.196,101.917,103.857,106.019,107.789,110.091,112.753,116.125,119.055,122.456,125.136,127.633,129.246,130.768,131.666,132.402,131.977,131.796,131.687,131.906,132.305,133.499,134.928,135.795,136.596,137.463,138.254,138.691,138.572,138.624,138.384,137.59,137.465,137.286,137.177,136.731,136.709,137.121,137.462,136.938,137.25,137.989,138.038,137.999,138.256,137.976,137.582,137.032,136.903,136.887,135.633,135.397,135.134,134.815,134.356,134.039,134.062,133.84,133.157,132.842,132.182,131.68,130.893,130.47,129.979,129.058,128.102,127.462,127.121,126.462,125.813,125.518,124.942,124.264,123.648,123.204,122.676,122.1,121.686,121.277,120.617,120.04,119.687,119.229,118.988,118.404,117.96,117.606,117.032,116.651,116.438,115.894,115.698,115.09,114.695,114.328,113.863,113.549,113.055,112.805,112.076,111.494,111.257,111.109,110.647,109.983,109.401,109.264,108.676,108.694,108.426,108.243,107.735,107.53,107.284,107.234,106.742,106.37,106.299,106.201,105.799,105.678,105.143,105.022,104.708,104.787,104.745,104.302,103.854,103.869,103.77,103.828,103.709,103.332,102.984,102.821,102.758,102.715,102.678,102.584,102.367,102.097,102.494,102.388,102.305,102.279,102.276,101.825,101.561,101.425,101.735,101.32,101.147,100.801,100.647,100.653,100.79,100.667,100.804,100.625,100.622,100.963,101.232,101.378,101.028,100.847,101.031,100.858,100.857,100.715,100.374,100.271,100.188,100.507,100.435,100.218,100.273,100.139,100.232,100.206,100.005,100.158,99.8947,100.065,100.338,100.238,100.318,100.453,100.359,100.434,100.248,100.375,100.24,100.005,100.434,100.478,100.493,100.621,100.727,100.684,100.616,100.76,101.133,100.999,100.837,100.699,100.97,100.874,100.791,100.908,100.89,100.74,100.739,100.865,100.972,100.789,100.912,101.383,101.502,101.547,101.548,101.387,101.406,101.554,101.809,101.808,101.805,101.805,101.81,102.018,102.33,102.708,102.564,102.328,102.592,102.111,101.987,102.317,102.17,102.294,102.15,102.142,102.398,102.025,102.42,102.581,102.075,102.135,102.039,101.956,102.305,102.232,102.928,102.574,102.448,102.839,102.57,102.158,102.293,102.104,102.249,101.941,102.67,102.827,103.071,103.53,104.038,104.049,104.14,103.972,104.198,103.91,104.153,103.63,103.74,103.727,104.026,103.928,104.134,104.02,104.056,104.115,104.598,104.645,104.391,104.266,104.638,104.426,104.755,104.596,104.686,104.623,104.014,104.364,104.59,104.144,104.5,104.15,104.732,104.73,104.853,105.425,105.045,105.125,105.816,105.919,105.864,105.959,105.528,105.672,105.902,106.386,106.248,106.446,106.454,106.843,106.711,107.553,107.385,107.415,107.275,107.641,107.725,108.101,107.981,107.642,107.197,107.841,107.693,107.594,107.099,106.886,106.681,106.791,106.973,107.161,107.403,107.563,107.733,108.383,108.479,108.785,109.005,108.678,108.881,108.444,108.403,108.85,108.16,108.149,108.297,108.241,108.373,108.407,108.408,108.551,108.183,108.022,107.675,107.196,107.455,108.168,107.658,107.606,107.378,107.261,107.439,107.865,108.13,107.753,106.113,107.055,107.033,108.047,108.756,109.355,109.484,109.827,109.742,111.172,110.25,110.903,111.084,112.051,111.677,111.767,111.452,111.157,111.922,112.611,112.532,110.566,109.728,110.871,110.524,110.081,111.008,110.104,110.723,109.689,109.931,110.322,108.943,108.836,108.594,109.145,110.64,109.443,110.934,112.215,111.634,111.138,112.714,113.414,112.112,111.262,112.149,112.511,112.053,114.326,116.892,114.739,114.556,116.449,116.43,115.517,113.618,113.297,110.296,110.535,111.505,111.223,110.101,111.504,113.059,114.93,115.255,115.727,113.597,116.392,117.317,119.417,120.535,121.452,119.202,119.659,119.531,121.566,119.697,120.045,118.71,117.885,118.13,121.004,122.554,126.419,126.222,125.565,124.117,125.394,125.987,125.81,126.96,128.779,125.816,124.177,124.017,127.778,127.477,125.763,125.349,122.502,120.92,121.697,122.779,124.128,121.449,122.363,122.901,124.251,126.626,121.303,117.351,118.284,122.333,127.631,126.329,129.776,128.225,125.66,133.305,141.061,143.587,134.726,130.028,127.46,126.818,126.757,128.12,127.441,124.807,119.716,126.912,129.008,129.668,126.785,126.332,124.377,123.628,123.61,124.06,123.091,122.059,123.316,119.812,118.751,117.456,119.726,121.213,124.762,120.657,124.544,125.058,122.31,124.089,126.408,117.188,113.447,111.733,113.101,108.828,113.969,118.838,121.376,123.634,131.289,134.978,132.387,125.716,124.633,117.031,116.752,113.192,112.223,113.306,119.855,121.376,121.001,118.832,118.482,117.999,120.778,121.705,114.839,110.921,106.882,110.027,114.354,116.307,129.667,118.889,116.685,119.76,115.852,115.944,117.772,114.714,115.365,103.664,108.097,109.418,108.344,105.19,109.143,102.596,101.381,103.329,105.917,105.003,103.905,99.9464,103.85,99.6046,101.324,102.405,98.928,95.6579,95.2493,93.3038,95.9015,96.5031,97.1393,99.0121,98.3695,99.2993,102.55,104.558,106.18,103.583,98.3162,98.9931,102.55,100.908,97.2756,98.1184,100.267,98.4048,99.6393,99.9524,98.6563,95.5898,99.3541,104.557,97.6089,95.5245,96.7237,97.526,103.266,101.556,99.4413,95.4494,91.5677,94.7368,91.7265,88.9264,87.1591,84.7737,85.8859,86.2637,84.4544,85.2023,85.7089,87.9541,88.2264,88.479,88.1498,86.8739,85.7989,84.8591,83.0067,80.328,78.2906,79.8864,79.8314,78.3524,77.3169,78.5956,80.0573,79.9755,79.5456,79.6822,78.8551,79.1003,79.4967,82.3455,81.4366,81.7408,82.1869,82.5928,81.7325,82.4355,81.0917,80.4096,78.2261,78.3278,78.1046,77.0882,77.1539,77.5399,75.3031,76.9779,78.1837,78.6613,77.5664,77.77,78.833,77.8999,78.26,79.0948,78.1646,78.2869,78.3266,78.8374,78.2512,78.5384,78.8705,79.4143,79.7605,79.2612,78.6032,80.1243,80.1655,80.7627,80.7157,80.9878,80.64,80.328,80.3899,79.2076,76.4463,75.3012,74.9085,74.8117,75.1757,76.4524,75.055,76.5859,76.6385,78.4958,79.5387,80.5626,79.782,80.0812,77.3954,79.3829,78.5609,78.5209,76.5556,76.2038,75.3914,74.9378,73.8416,74.7596,74.2893,74.3329,74.6247,75.3429,73.799,74.5792,75.3173,76.2468,77.3641,78.7574,78.2759,78.1028,79.4706,81.7179,80.8755,80.5268,79.858,77.8008,76.1031,75.1601,75.7193,75.0951,75.6392,76.1078,75.6262,75.7907,77.35,76.9347,78.8253,79.1026,79.1242,77.5023,76.9562,-147.107,200,-152.941,174.895,
W_Calibration,100,0,0,95.0422,100,108.876,565.016,99.9909,1.74827e-05,0.00127928,0,0,6504.1, ,100,100,100,100,100,100,100,100,100,100,100,100,100,100,100,100,100,100,100,100,100,100,100,100,100,100,100,100,100,100,100,100,100,100,100,100,100,100,100,100,100,100,100,100,100,100,100,100,100,100,100,100,100,100,100,100,100,100,100,100,100,100,100,100,100,100,100,100,100,100,100,100,100,100,100,100,100,100,100,100,100,100,100,100,100,100,100,100,100,100,100,100,100,100,100,100,100,100,100,100,100,100,100,100,100,100,100,100,100,100,100,100,100,100,100,100,100,100,100,100,100,100,100,100,100,100,100,100,100,100,100,100,100,100,100,100,100,100,100,100,100,100,100,100,100,100,100,100,100,100,100,100,100,100,100,100,100,100,100,100,100,100,100,100,100,100,100,100,100,100,100,100,100,100,100,100,100,100,100,100,100,100,100,100,100,100,100,100,100,100,100,100,100,100,100,100,100,100,100,100,100,100,100,100,100,100,100,100,100,100,100,100,100,100,100,100,100,100,100,100,100,100,100,100,100,100,100,100,100,100,100,100,100,100,100,100,100,100,100,100,100,100,100,100,100,100,100,100,100,100,100,100,100,100,100,100,100,100,100,100,100,100,100,100,100,100,100,100,100,100,100,100,100,100,100,100,100,100,100,100,100,100,100,100,100,100,100,100,100,100,100,100,100,100,100,100,100,100,100,100,100,100,100,100,100,100,100,100,100,100,100,100,100,100,100,100,100,100,100,100,100,100,100,100,100,100,100,100,100,100,100,100,100,100,100,100,100,100,100,100,100,100,100,100,100,100,100,100,100,100,100,100,100,100,100,100,100,100,100,100,100,100,100,100,100,100,100,100,100,100,100,100,100,100,100,100,100,100,100,100,100,100,100,100,100,100,100,100,100,100,100,100,100,100,100,100,100,100,100,100,100,100,100,100,100,100,100,100,100,100,100,100,100,100,100,100,100,100,100,100,100,100,100,100,100,100,100,100,100,100,100,100,100,100,100,100,100,100,100,100,100,100,100,100,100,100,100,100,100,100,100,100,100,100,100,100,100,100,100,100,100,100,100,100,100,100,100,100,100,100,100,100,100,100,100,100,100,100,100,100,100,100,100,100,100,100,100,100,100,100,100,100,100,100,100,100,100,100,100,100,100,100,100,100,100,100,100,100,100,100,100,100,100,100,100,100,100,100,100,100,100,100,100,100,100,100,100,100,100,100,100,100,100,100,100,100,100,100,100,100,100,100,100,100,100,100,100,100,100,100,100,100,100,100,100,100,100,100,100,100,100,100,100,100,100,100,100,100,100,100,100,100,100,100,100,100,100,100,100,100,100,100,100,100,100,100,100,100,100,100,100,100,100,100,100,100,100,100,100,100,100,100,100,100,100,100,100,100,100,100,100,100,100,100,100,100,100,100,100,100,100,100,100,100,100,100,100,100,100,100,100,100,100,100,100,100,100,100,100,100,100,100,100,100,100,100,100,100,100,100,100,100,100,100,100,100,100,100,100,100,100,100,100,100,100,100,100,100,100,100,100,100,100,100,100,100,100,100,100,100,100,100,100,100,100,100,100,100,100,100,100,100,100,100,100,100,100,100,100,100,100,100,100,100,100,100,100,100,100,100,100,100,100,100,100,100,100,100,100,100,100,100,100,100,100,100,100,100,100,100,100,100,100,100,100,100,100,100,100,100,100,100,100,100,100,100,100,100,100,100,100,100,100,100,100,100,100,100,100,100,100,100,100,100,100,100,100,100,100,100,100,100,100,100,100,100,100,100,100,100,100,100,100,100,100,100,100,100,100,100,100,100,100,100,100,100,100,100,100,100,100,100,100,100,100,100,100,100,100,100,100,100,100,100,100,100,100,100,100,100,100,100,100,100,100,100,100,100,100,100,100,100,100,100,100,100,100,100,100,100,100,100,100,100,100,100,100,100,100,100,100,100,100,100,100,100,100,100,100,100,100,100,100,100,100,100,100,100,100,100,100,100,100,100,100,100,100,100,100,100,100,100,100,100,100,100,100,100,100,100,100,100,100,100,100,100,100,100,100,100,100,100,100,100,100,100,100,100,100,100,100,100,100,100,100,100,100,100,100,100,100,100,100,100,100,100,100,100,100,100,100,100,100,100,100,100,100,100,100,100,100,100,100,100,100,100,100,100,100,100,100,100,100,100,100,100,100,100,100,100,100,100,100,100,100,100,100,100,100,100,100,100,100,100,100,100,100,100,100,100,100,100,100,100,100,100,100,100,100,100,100,100,100,100,100,100,100,100,100,100,100,100,100,100,100,100,100,100,100,100,100,100,100,100,100,100,100,100,100,100,100,100,100,100,100,100,100,100,100,100,100,100,100,100,100,100,100,100,100,100,100,100,100,100,
F_Calibration,100,0,0,108.104,100,39.2965,491.07,99.9909,0.000170256,0.00127928,0,0,3000.62, ,0,100,100,100,100,100,100,100,100,100,100,100,100,100,100,100,100,100,100,100,100,100,100,100,100,100,100,100,100,100,100,100,100,100,100,100,100,100,100,100,100,100,100,100,100,100,100,100,100,100,100,100,100,100,100,100,100,100,100,100,100,100,100,100,100,100,100,100,100,100,100,100,100,100,100,100,100,100,100,100,100,100,100,100,100,100,100,100,100,100,100,100,100,100,100,100,100,100,100,100,100,100,100,100,100,100,100,100,100,100,100,100,100,100,100,100,100,100,100,100,100,100,100,100,100,100,100,100,100,100,100,100,100,100,100,100,100,100,100,100,100,100,100,100,100,100,100,100,100,100,100,100,100,100,100,100,100,100,100,100,100,100,100,100,100,100,100,100,100,100,100,100,100,100,100,100,100,100,100,100,100,100,100,100,100,100,100,100,100,100,100,100,100,100,100,100,100,100,100,100,100,100,100,100,100,100,100,100,100,100,100,100,100,100,100,100,100,100,100,100,100,100,100,100,100,100,100,100,100,100,100,100,100,100,100,100,100,100,100,100,100,100,100,100,100,100,100,100,100,100,100,100,100,100,100,100,100,100,100,100,100,100,100,100,100,100,100,100,100,100,100,100,100,100,100,100,100,100,100,100,100,100,100,100,100,100,100,100,100,100,100,100,100,100,100,100,100,100,100,100,100,100,100,100,100,100,100,100,100,100,100,100,100,100,100,100,100,100,100,100,100,100,100,100,100,100,100,100,100,100,100,100,100,100,100,100,100,100,100,100,100,100,100,100,100,100,100,100,100,100,100,100,100,100,100,100,100,100,100,100,100,100,100,100,100,100,100,100,100,100,100,100,100,100,100,100,100,100,100,100,100,100,100,100,100,100,100,100,100,100,100,100,100,100,100,100,100,100,100,100,100,100,100,100,100,100,100,100,100,100,100,100,100,100,100,100,100,100,100,100,100,100,100,100,100,100,100,100,100,100,100,100,100,100,100,100,100,100,100,100,100,100,100,100,100,100,100,100,100,100,100,100,100,100,100,100,100,100,100,100,100,100,100,100,100,100,100,100,100,100,100,100,100,100,100,100,100,100,100,100,100,100,100,100,100,100,100,100,100,100,100,100,100,100,100,100,100,100,100,100,100,100,100,100,100,100,100,100,100,100,100,100,100,100,100,100,100,100,100,100,100,100,100,100,100,100,100,100,100,100,100,100,100,100,100,100,100,100,100,100,100,100,100,100,100,100,100,100,100,100,100,100,100,100,100,100,100,100,100,100,100,100,100,100,100,100,100,100,100,100,100,100,100,100,100,100,100,100,100,100,100,100,100,100,100,100,100,100,100,100,100,100,100,100,100,100,100,100,100,100,100,100,100,100,100,100,100,100,100,100,100,100,100,100,100,100,100,100,100,100,100,100,100,100,100,100,100,100,100,100,100,100,100,100,100,100,100,100,100,100,100,100,100,100,100,100,100,100,100,100,100,100,100,100,100,100,100,100,100,100,100,100,100,100,100,100,100,100,100,100,100,100,100,100,100,100,100,100,100,100,100,100,100,100,100,100,100,100,100,100,100,100,100,100,100,100,100,100,100,100,100,100,100,100,100,100,100,100,100,100,100,100,100,100,100,100,100,100,100,100,100,100,100,100,100,100,100,100,100,100,100,100,100,100,100,100,100,100,100,100,100,100,100,100,100,100,100,100,100,100,100,100,100,100,100,100,100,100,100,100,100,100,100,100,100,100,100,100,100,100,100,100,100,100,100,100,100,100,100,100,100,100,100,100,100,100,100,100,100,100,100,100,100,100,100,100,100,100,100,100,100,100,100,100,100,100,100,100,100,100,100,100,100,100,100,100,100,100,100,100,100,100,100,100,100,100,100,100,100,100,100,100,100,100,100,100,100,100,100,100,100,100,100,100,100,100,100,100,100,100,100,100,100,100,100,100,100,100,100,100,100,100,100,100,100,100,100,100,100,100,100,100,100,100,100,100,100,100,100,100,100,100,100,100,100,100,100,100,100,100,100,100,100,100,100,100,100,100,100,100,100,100,100,100,100,100,100,100,100,100,100,100,100,100,100,100,100,100,100,100,100,100,100,100,100,100,100,100,100,100,100,100,100,100,100,100,100,100,100,100,100,100,100,100,100,100,100,100,100,100,100,100,100,100,100,100,100,100,100,100,100,100,100,100,100,100,100,100,100,100,100,100,100,100,100,100,100,100,100,100,100,100,100,100,100,100,100,100,100,100,100,100,100,100,100,100,100,100,100,100,100,100,100,100,100,100,100,100,100,100,100,100,100,100,100,100,100,100,100,100,100,100,100,100,100,100,100,100,100,100,100,100,100,100,100,100,100,100,100,100,100,100,100,100,
W_1736A2/95_G_None_0.501_SI2,100.268,-0.726147,1.93364,95.2866,100.694,106.489,570.272,92.2627,0.0173112,0.212052,2.06549,110.583,6355.37, ,28.5714,53.2853,361.29,1.40598,98.9415,98.6454,99.2377,99.0755,99.001,99.0061,98.8061,97.7569,97.7179,97.7055,97.8622,97.0565,96.7372,96.7755,97.0211,96.8111,97.4605,97.4599,97.5618,97.4777,98.3749,98.2421,98.2708,98.2102,98.3155,98.179,98.5192,98.2471,97.9283,97.1408,97.4307,96.9331,96.606,96.6731,97.1151,96.9824,97.0888,97.2573,97.457,97.2271,97.6031,98.3754,98.09,97.5932,97.368,97.3192,96.8583,96.803,97.2089,97.1245,96.8883,97.3051,97.1573,97.032,96.8392,97.2644,97.4773,96.8471,96.5581,96.6125,96.313,96.4392,96.2223,96.0413,95.8184,95.8758,96.4034,97.0527,96.088,96.1965,96.2046,96.3484,96.9723,96.8346,96.9243,97.027,96.6347,97.3449,97.757,98.2357,98.1054,97.931,98.2434,98.1349,97.9425,98.0085,98.0051,97.5372,96.7878,97.3378,97.2951,97.5148,97.5935,97.3875,97.4442,97.7043,98.0007,98.6392,98.3514,98.2323,97.9316,98.2175,97.9472,97.6864,97.3665,97.0757,96.2643,96.4192,96.6367,96.8342,96.5733,96.9009,96.681,96.3644,96.6511,97.4197,97.4559,97.5241,97.5883,97.3909,97.4697,97.9428,98.267,98.0225,98.0582,97.6019,97.6917,97.7984,97.5866,98.0406,97.9838,98.0603,97.9117,97.8868,98.0178,97.8956,97.278,97.1175,96.7548,96.9344,96.9843,97.5404,97.7275,97.7114,97.6678,98.307,98.9424,99.4321,99.079,98.8295,98.5451,98.2706,98.1325,98.4088,98.1042,97.8159,97.5962,97.768,98.373,98.4158,98.4628,98.5323,98.1897,98.583,99.148,99.0393,99.2406,98.8595,98.6545,98.5221,98.7205,98.7221,98.3364,97.9204,97.845,97.6387,97.8354,97.6384,97.3354,97.1332,97.2672,97.189,97.0065,96.5784,96.6533,96.1922,96.3218,96.0626,95.965,95.9212,95.5378,95.5689,95.8552,95.6564,95.7245,95.5694,95.7706,95.941,95.7385,96.0101,95.9242,95.8915,95.8205,96.0055,95.9666,95.8625,95.5799,95.8027,95.8544,95.5442,95.1758,95.0164,94.6773,94.3334,94.2727,94.3651,93.6671,93.455,93.2188,93.3715,93.4086,93.1082,93.194,93.1826,93.111,93.1165,92.8075,93.0043,92.6249,92.1922,92.12,92.0738,91.8348,91.4194,91.0516,90.4838,89.9485,89.7429,89.3143,88.8982,88.23,87.8375,87.2957,86.9457,86.6401,86.3046,85.9256,85.6256,85.4979,85.5334,85.5572,85.6448,85.7198,85.7802,85.7551,85.6706,85.583,85.5096,85.5296,85.6517,85.8892,86.2016,86.5566,86.9214,87.3502,87.7842,88.2327,88.6682,89.0784,89.3977,89.6004,89.5886,89.4644,89.412,89.5663,89.8705,90.2006,90.5766,91.0043,91.5547,92.3287,93.2058,93.8914,94.3381,94.5893,94.8707,95.0778,95.3182,95.4917,95.6346,95.7639,95.877,96.0145,96.1793,96.2956,96.3849,96.4599,96.5552,96.6455,96.7406,96.8371,96.9053,96.9714,97.0067,97.0745,97.1314,97.1792,97.2238,97.2893,97.3485,97.4089,97.4497,97.5283,97.5739,97.6043,97.6377,97.694,97.7292,97.7508,97.7726,97.8083,97.8189,97.8634,97.914,97.9714,98.013,98.0707,98.1454,98.2179,98.3042,98.3804,98.4209,98.4892,98.5186,98.5537,98.5912,98.6076,98.6296,98.6464,98.6736,98.7379,98.7745,98.8325,98.8838,98.9269,98.9714,99.0133,99.0369,99.0395,99.0527,99.0293,99.0219,98.9963,98.9801,98.9946,98.9972,99.0122,99.0653,99.0959,99.1723,99.2228,99.3353,99.4167,99.492,99.5865,99.6647,99.7365,99.822,99.8638,99.9377,99.9631,100.004,100.042,100.053,100.056,100.074,100.085,100.139,100.17,100.172,100.2,100.214,100.223,100.281,100.321,100.339,100.354,100.364,100.402,100.421,100.436,100.483,100.509,100.489,100.473,100.449,100.443,100.454,100.464,100.464,100.451,100.4,100.419,100.438,100.485,100.507,100.513,100.519,100.531,100.541,100.594,100.613,100.624,100.621,100.631,100.636,100.644,100.649,100.653,100.636,100.641,100.651,100.649,100.643,100.658,100.676,100.686,100.7,100.714,100.72,100.73,100.742,100.73,100.714,100.701,100.704,100.712,100.72,100.722,100.708,100.697,100.731,100.755,100.772,100.793,100.771,100.778,100.766,100.764,100.775,100.787,100.767,100.778,100.742,100.766,100.765,100.777,100.805,100.808,100.796,100.812,100.799,100.809,100.811,100.823,100.821,100.813,100.805,100.819,100.858,100.849,100.864,100.873,100.876,100.892,100.908,100.939,100.929,100.915,100.912,100.947,100.925,100.912,100.913,100.9,100.909,100.9,100.877,100.899,100.873,100.877,100.887,100.875,100.891,100.866,100.889,100.907,100.907,100.915,100.931,100.921,100.932,100.915,100.926,100.926,100.927,100.925,100.937,100.949,100.946,100.938,100.941,100.95,100.942,100.92,100.905,100.88,100.859,100.883,100.891,100.912,100.9,100.902,100.91,100.926,100.923,100.936,100.928,100.935,100.925,100.953,100.963,100.98,100.967,100.968,100.969,100.966,100.968,100.984,100.961,100.949,100.942,100.953,100.98,101.006,101.025,101.034,101.02,101.044,101.063,101.076,101.097,101.091,101.076,101.07,101.075,101.069,101.048,101.045,101.058,101.052,101.069,101.081,101.086,101.053,101.077,101.07,101.057,101.049,101.039,101.047,101.032,101.04,101.08,101.085,101.094,101.099,101.097,101.12,101.106,101.101,101.093,101.054,101.052,101.072,101.073,101.067,101.071,101.074,101.091,101.089,101.115,101.107,101.104,101.112,101.119,101.104,101.093,101.106,101.128,101.158,101.142,101.114,101.117,101.115,101.096,101.095,101.095,101.07,101.066,101.076,101.116,101.134,101.129,101.148,101.153,101.112,101.137,101.104,101.119,101.118,101.118,101.119,101.095,101.093,101.135,101.117,101.116,101.115,101.079,101.057,101.069,101.1,101.108,101.082,101.087,101.088,101.062,101.104,101.116,101.106,101.08,101.106,101.099,101.078,101.112,101.149,101.097,101.128,101.141,101.188,101.16,101.205,101.243,101.249,101.253,101.291,101.309,101.347,101.36,101.39,101.409,101.419,101.41,101.434,101.439,101.432,101.404,101.39,101.375,101.34,101.31,101.337,101.356,101.378,101.364,101.339,101.368,101.379,101.427,101.442,101.406,101.377,101.368,101.385,101.469,101.422,101.451,101.418,101.443,101.436,101.436,101.437,101.417,101.393,101.448,101.433,101.455,101.443,101.493,101.534,101.605,101.599,101.582,101.505,101.496,101.497,101.432,101.433,101.416,101.363,101.414,101.454,101.513,101.552,101.565,101.607,101.58,101.564,101.568,101.471,101.462,101.532,101.5,101.573,101.65,101.617,101.63,101.62,101.664,101.547,101.514,101.549,101.466,101.496,101.582,101.564,101.566,101.595,101.616,101.7,101.727,101.754,101.705,101.686,101.794,101.817,101.846,101.903,101.87,101.789,101.748,101.714,101.764,101.671,101.633,101.643,101.75,101.741,101.762,101.733,101.752,101.772,101.78,101.84,101.776,101.731,101.622,101.709,101.751,101.761,101.737,101.754,101.724,101.813,101.87,102.028,101.936,101.977,102.104,102.215,102.093,102.152,102.184,102.073,102.017,102.015,102.074,101.922,102.007,102.12,102.142,102.006,101.833,101.95,102.164,102.292,102.335,102.073,102.278,102.397,102.476,102.893,102.789,102.65,102.345,102.526,102.55,102.331,102.318,102.281,102.095,102.135,102.154,102.336,102.24,102.118,102.088,101.941,102.066,102.016,101.883,101.902,101.88,101.766,101.714,101.601,101.657,101.51,101.533,101.561,101.624,101.652,101.852,102.217,102.542,102.47,102.647,102.983,103.025,102.874,102.683,102.721,102.256,102.017,102.015,101.792,101.618,101.666,101.617,101.894,101.89,102.086,102.451,102.585,102.628,102.604,102.507,102.593,102.109,101.848,101.578,101.363,100.857,101.105,101.154,100.833,100.912,101.392,101.192,101.759,101.768,102.082,102.062,101.923,102.462,102.337,102.222,102.486,102.062,101.995,102.029,102.093,101.843,101.83,102.163,102.135,102.563,102.678,102.948,103.181,103.271,103.716,103.753,103.645,103.511,102.984,103.006,102.503,102.316,102.38,102.34,101.888,101.809,101.548,101.491,101.001,101.562,101.89,101.689,101.567,101.687,101.753,102.021,102.257,102.619,102.241,101.925,101.725,101.599,101.335,100.923,101.04,101.1,101,101.407,101.612,101.182,101.656,101.988,102.161,101.916,101.983,101.995,101.713,101.439,102.111,101.94,101.858,102.167,102.491,102.308,102.261,102.029,102.421,102.163,101.615,101.659,100.886,100.72,100.186,100.197,100.636,100.404,100.439,100.533,100.799,101.214,100.902,101.145,101.132,101.375,101.421,101.452,101.53,101.375,101.21,101.588,101.49,101.361,100.87,100.821,100.955,100.83,101.078,101.272,101.521,101.53,101.583,101.198,101.072,100.936,101.322,100.906,100.88,100.458,100.554,100.313,100.558,100.845,100.818,100.792,100.714,101.085,100.914,101.253,101.569,101.556,101.28,100.95,101.152,101.323,101.3,101.696,101.497,101.847,101.625,101.812,102.136,101.696,101.537,101.038,100.74,100.836,100.561,100.998,100.655,100.906,101.11,101.383,101.304,101.762,101.938,101.973,102.067,102.265,102.202,102.454,102.324,102.777,102.341,101.901,101.949,101.721,101.894,101.648,312.583,184.802,-24.9443,-125.843,
F_1736A2/95_G_None_0.501_SI2,99.4303,0.48979,4.74591,106.834,98.5338,36.0158,582.557,79.052,0.0604841,-2.11685,4.77111,84.1078,2940.27, ,0,42.0991,324.107,-50.431,83.6335,82.4384,81.3929,80.8505,81.5235,81.6613,81.6613,81.7475,81.9573,81.9443,82.9436,82.8355,83.486,83.1666,82.6926,83.1797,83.3238,83.2032,83.152,83.5,83.9388,83.907,84.4655,84.8293,84.2138,83.7783,83.8223,83.4561,82.9738,83.0744,83.238,82.3667,82.3041,82.6945,82.3982,82.3811,82.1821,81.8517,82.3424,82.2114,82.7257,83.3966,82.9722,83.1967,82.2218,82.4379,82.5829,82.3124,81.9543,81.318,80.9226,80.538,80.8713,81.8551,81.4839,81.4592,81.0336,81.5996,81.8152,81.7679,82.4592,81.9098,81.7132,82.2685,82.4724,82.7576,82.3988,82.5695,82.2091,81.5642,81.8255,82.152,81.9955,82.0284,81.8229,81.8508,81.3005,81.4513,81.7327,82.2059,82.0209,82.0583,81.8801,82.4985,82.3194,83.2614,83.2703,83.0642,83.1236,83.1567,83.6962,83.5174,83.2804,84.0208,83.6898,84.2301,84.7573,84.2839,84.3292,83.558,83.9232,83.843,83.2992,83.2723,82.5675,82.5373,82.9617,83.615,83.9342,83.137,83.7125,83.7303,83.3217,83.4393,83.3781,82.8529,81.869,82.2521,82.7452,82.0546,82.2794,82.6038,82.9464,82.7283,82.8439,83.2372,83.4782,83.8562,83.7744,84.0208,84.0321,83.3965,83.627,83.7715,84.1516,83.4057,83.6168,83.8136,83.5417,83.5408,83.8206,83.7105,83.7294,83.0556,83.1047,82.6742,82.6619,82.5676,82.5911,82.7856,83.0439,83.1672,83.3696,83.3701,83.4408,83.6172,83.6917,83.4867,83.262,83.1979,83.141,83.0919,83.0804,83.2364,83.1565,83.0723,83.0883,83.2099,83.006,82.8663,82.8262,82.8343,82.636,82.5764,82.8228,82.9864,82.9272,82.8358,83.0155,83.1657,83.1326,83.1156,83.1012,82.9586,82.9054,83.0459,83.0878,83.1302,83.0643,83.0119,83.1007,83.0642,83.267,83.373,83.3086,83.4425,83.3836,83.5711,83.6591,83.8251,83.8986,83.9034,83.8977,83.9386,83.9083,83.8464,83.7851,83.6867,83.5653,83.4853,83.3923,83.3209,83.2325,83.1686,83.0838,82.9874,82.9154,82.8248,82.7171,82.5962,82.4616,82.3303,82.202,82.0886,81.9792,81.8508,81.7634,81.6744,81.6481,81.6094,81.583,81.5064,81.4404,81.3912,81.3876,81.358,81.3749,81.3519,81.3946,81.5089,81.6487,81.8009,81.8932,81.962,82.0342,82.1058,82.0789,82.1621,82.1399,82.137,82.3354,82.5478,82.7942,83.028,83.2992,83.626,83.7951,83.8228,84.0537,84.0627,84.3173,84.3374,84.5687,84.7337,85.2448,85.6519,86.205,86.4492,86.8112,87.3248,87.1958,87.1644,86.9273,86.6793,86.4999,86.5161,86.5022,86.3885,86.2777,86.7891,87.0986,87.8454,88.2048,88.5713,88.7074,88.5978,89.0663,89.0358,88.8077,88.8366,88.8264,88.9566,89.0745,89.1261,89.4589,89.5499,89.9149,90.2684,90.5238,90.5385,90.6035,90.8071,90.9552,91.1231,91.0854,91.2755,91.3194,91.0896,91.0336,91.1889,91.0083,91.0167,91.0466,91.1684,90.7782,90.8419,90.9794,91.0204,91.2554,91.5187,91.6134,91.4839,91.566,91.7711,91.6898,91.7638,91.961,91.7199,92.1391,92.2247,92.3418,92.105,92.0693,92.3144,92.3206,92.4022,92.4748,92.2997,92.5299,92.506,92.7475,93.0451,92.8929,93.0371,93.1143,93.33,92.9074,92.7383,92.6953,92.7136,92.5206,92.6576,92.6513,92.6401,92.4758,92.7202,92.849,92.9054,93.0227,93.3256,93.1734,93.3732,93.2287,93.3233,93.1883,93.0252,93.0375,93.0493,92.9226,93.165,93.2273,93.4579,93.6889,94.081,94.3883,94.724,94.6845,94.8049,94.7719,94.782,94.8475,95.0737,95.033,95.1395,95.0522,95.024,95.1445,95.3675,95.2458,95.2984,95.0661,95.003,94.8292,94.858,95.0975,95.1552,95.2095,95.3885,95.5593,95.5573,95.5241,95.8003,95.9883,96.059,95.8869,95.7784,95.8626,95.8349,95.8706,96.1043,96.1336,96.1069,96.129,96.2964,96.3462,96.453,96.6029,96.8522,96.9001,96.7923,96.8254,96.819,96.9825,97.2301,97.3219,97.2713,97.2311,97.34,97.5246,97.677,97.755,97.8377,97.8167,97.9873,97.869,98.0185,98.0896,98.117,98.0081,98.0269,97.954,97.8888,97.7721,97.9093,97.5857,97.5034,97.4632,97.5789,97.6949,97.8509,97.8608,97.7763,97.9161,98.428,98.4638,98.6303,98.8278,98.7529,98.5457,98.6393,98.644,98.4596,98.3448,98.5083,98.4534,98.1816,98.2855,98.454,98.6494,98.8469,98.9612,98.8032,98.7405,98.7963,98.8531,98.8812,98.815,98.794,98.5549,98.4255,98.5765,98.9798,98.8957,98.9433,99.0347,99.054,98.8851,99.2693,99.6848,99.4439,99.174,99.1013,99.2657,99.2473,99.1415,99.2702,99.0817,98.9264,99.324,99.0205,99.1125,98.8549,98.8255,99.2278,99.3083,99.4908,99.6468,99.6143,99.8198,100.172,100.563,100.708,100.488,100.179,99.6753,99.7041,99.7572,99.8033,99.5631,99.2282,99.2126,99.2126,99.5533,99.8165,99.6483,99.6445,99.7837,99.8535,99.8426,99.8501,99.9702,99.7327,99.5958,99.7656,99.7043,99.3748,99.0223,99.4124,98.9778,98.9458,99.1222,99.5318,99.312,98.8511,99.1653,99.6304,99.2547,99.9066,99.9169,99.822,99.6069,99.9498,100.364,100.554,100.398,101.026,100.626,100.908,101.079,101.042,100.824,100.974,100.652,100.661,100.626,101.072,100.747,100.876,101.173,101.141,101.171,101.354,101.324,101.34,101.046,101.189,101.154,101.439,101.575,101.42,101.796,102.379,101.81,101.414,101.804,101.395,100.785,100.758,100.826,100.386,100.312,100.9,102.044,102.046,102.517,102.902,102.955,103.326,103.775,103.734,103.916,103.551,103.393,103.734,103.506,103.544,102.942,102.77,102.714,102.703,102.928,102.456,102.552,103.118,103.213,104.024,103.883,103.594,103.4,102.873,102.542,101.986,101.8,102.144,101.254,101.538,101.432,101.454,101.275,102.54,103.474,103.574,103.459,104.722,104.557,104.674,104.971,104.946,104.354,103.439,103.486,102.877,102.685,102.417,103.042,102.347,103.271,103.727,104.035,103.36,103.376,103.189,103.957,103.106,102.761,103.224,103.431,103.522,104.335,104.938,105.466,105.183,106.171,107.131,106.464,106.394,106.699,106.74,106.986,106.491,105.716,105.171,103.427,102.456,101.126,101.964,102.342,102.298,102.106,102.151,102.196,103.776,105.093,106.582,106.56,105.629,105.247,104.541,106.077,106.638,107.485,107.119,107.076,106.969,108.278,109.253,111.234,111.279,112.132,111.25,111.34,111.819,111.461,111.329,109.551,109.221,109.039,107.687,109.787,108.85,109.361,109.69,108.519,110.893,109.21,109.212,109.605,108.009,109.416,108.788,107.808,109.426,107.385,109.263,108.598,108.423,107.729,108.169,108.801,109.513,109.905,112.464,111.641,113.006,114.558,116.423,115.491,113.974,114.019,112.504,111.373,111.54,109.053,107.809,107.783,108.899,110.878,109.19,109.938,108.57,109.519,109.713,112.08,109.579,106.824,103.607,107.89,107.716,110.798,110.065,113.23,111.824,117.439,123.888,124.596,125.193,125.941,122.358,124.583,123.109,124.51,119.005,120.714,123.37,117.66,117.515,123.419,120.625,122.796,120.943,122.88,119.509,119.367,124.106,124.658,121.903,125.339,126.932,126.76,125.835,123.453,132.096,132.217,134.879,138.782,141.113,142.397,146.525,151.273,154.301,147.764,137.911,134.699,132.48,131.466,128.193,125.274,121.656,124.291,122.91,131.991,131.63,135.603,137.861,140.585,143.357,144.732,134.85,135.486,132.578,137.464,136.56,137.889,135.563,136.341,133.985,149.04,144.162,147.396,142.964,137.139,134.544,140.029,136.382,140.656,131.471,132.476,134.19,133.074,133.889,127.165,119.007,118.466,118.822,116.765,118.936,117.99,117.464,114.728,118.296,120.443,122.974,125.376,127.774,126.476,121.119,120.929,125.194,122.16,125.194,122.297,115.084,114.093,112.927,113.056,111.39,110.752,112.464,110.1,105.601,105.431,108.026,102.326,103.897,109.334,111.303,111.516,108.964,112.341,112.713,115.072,120.187,120.39,112.955,112.225,111.223,111.298,109.053,109.995,106.95,107.985,108.804,112.697,106.57,104.946,104.518,103.97,104.423,100.459,101.426,98.5312,96.4244,98.5719,98.1604,97.2417,99.2982,97.882,99.5601,99.3668,101.369,101.132,99.7725,98.2059,101.481,101.277,101.856,100.525,99.6077,95.655,95.2679,93.4581,94.3105,91.768,89.9376,87.5689,87.6524,86.4381,87.7143,85.5705,87.3714,87.5957,87.1801,88.4501,90.411,90.4178,89.8223,89.8724,91.9077,90.6119,90.057,88.6591,87.3661,86.7311,87.7085,87.2816,86.3707,87.3019,87.2751,88.3339,89.3274,89.1473,89.022,87.446,87.3137,88.3513,87.1479,88.1169,86.2582,88.3304,88.2881,87.0283,87.7063,88.5197,87.5782,85.834,84.3261,84.3575,82.6628,81.6814,82.5766,82.4649,82.9893,82.5939,84.65,84.9434,85.2441,85.2441,86.3426,86.5283,86.9269,85.6457,87.8415,87.7568,87.9126,88.6138,87.9952,88.4522,88.3493,88.6602,88.9205,87.0467,86.7643,87.5478,87.5722,87.4636,87.6788,87.1823,86.1798,87.581,86.2435,85.6113,85.8888,85.941,86.6615,86.6987,86.6117,86.0683,85.1216,87.1996,87.3094,87.0394,86.2118,87.1847,87.3696,87.6287,88.9603,87.2884,88.2013,88.8036,87.6748,88.5727,87.2086,86.2852,86.9491,86.5379,87.8387,87.5117,87.965,88.6612,87.8139,88.0921,87.5121,86.1791,85.8403,85.1476,83.145,-135.511,78.6381,-50.2119,53.0172,
W_3520A2/176_D_Faint_0.50_SI1,101.487,0.0324067,-0.334249,98.7624,103.894,113.676,475.337,105.321,0.00250343,0.12254,0.335817,-84.4623,6536.71, ,28.5714,32.6733,-1151.61,126.011,103.519,103.758,104.253,104.312,104.181,103.445,103.483,103.327,102.658,102.993,103.008,102.547,102.421,102.633,103.249,103.507,103.15,103.737,103.902,103.59,103.883,103.999,103.844,103.509,103.442,104.164,104.092,104.279,104.471,104.174,103.648,103.498,104.095,103.938,103.764,103.464,102.888,102.499,102.963,103.565,104.157,104.217,104.082,103.74,104.173,104.213,104.154,103.677,103.791,103.599,103.726,103.798,103.492,103.149,102.78,102.995,103.039,102.778,102.326,102.004,101.755,102.116,101.926,102.397,102.364,102.956,102.959,103.283,102.361,102.737,102.59,102.67,102.973,102.217,102.204,102.335,102.466,103.253,103.312,103.879,103.842,103.915,104.755,104.724,104.388,103.967,103.84,103.744,103.162,103.599,103.112,103.249,102.956,103.141,103.642,103.986,104.428,104.718,104.728,104.741,104.698,105.055,105.048,104.95,104.43,104.167,103.735,103.595,103.69,103.55,103.294,103.274,103.057,103.173,103.133,103.719,103.68,103.85,104.039,103.772,103.591,103.833,104.228,104.264,104.457,104.378,104.033,104.181,104.506,105.096,105.056,104.634,104.707,104.422,104.589,105.138,104.537,104.303,103.965,103.862,103.743,103.696,103.529,103.3,103.366,103.744,103.889,104.431,104.253,104.961,104.799,105.216,105.147,104.971,104.858,104.86,104.435,104.811,104.883,104.793,104.702,104.747,104.577,104.717,104.953,105.019,104.873,104.428,104.409,104.398,104.566,104.635,104.601,104.33,104.359,104.518,104.461,104.522,103.979,103.598,103.502,103.63,103.657,103.166,102.743,102.379,102.32,102.385,102.377,102.619,102.306,102.095,102.407,102.477,102.892,102.745,102.779,103.09,102.941,103.235,103.269,102.974,102.992,103.07,103.23,103.175,103.146,103.102,102.832,103.017,103.145,103.168,103.35,103.375,103.216,103.385,102.896,103.106,102.892,103.327,103.633,103.283,103.253,103.457,103.518,103.873,103.632,103.731,103.173,102.835,102.679,102.779,102.794,102.541,102.565,102.394,102.319,102.502,102.542,102.726,102.499,102.632,102.516,102.476,102.368,102.256,102.109,102.145,102.037,102.149,102.093,102.149,102.167,102.189,102.229,102.2,102.169,102.161,102.205,102.283,102.386,102.493,102.626,102.745,102.914,103.062,103.206,103.33,103.424,103.508,103.549,103.553,103.481,103.441,103.417,103.488,103.523,103.612,103.691,103.818,103.964,104.196,104.342,104.456,104.44,104.497,104.518,104.578,104.631,104.667,104.681,104.671,104.671,104.743,104.739,104.748,104.688,104.698,104.682,104.667,104.666,104.665,104.672,104.644,104.626,104.625,104.585,104.551,104.549,104.533,104.533,104.518,104.519,104.501,104.463,104.46,104.507,104.494,104.487,104.472,104.461,104.436,104.429,104.451,104.452,104.432,104.451,104.455,104.443,104.437,104.473,104.464,104.481,104.477,104.45,104.421,104.406,104.427,104.422,104.415,104.45,104.448,104.465,104.468,104.479,104.487,104.468,104.453,104.444,104.414,104.381,104.351,104.337,104.336,104.332,104.309,104.311,104.299,104.283,104.274,104.251,104.268,104.237,104.215,104.253,104.259,104.254,104.295,104.31,104.313,104.3,104.299,104.308,104.268,104.249,104.247,104.226,104.249,104.265,104.232,104.23,104.239,104.208,104.192,104.191,104.176,104.141,104.133,104.154,104.158,104.131,104.179,104.198,104.171,104.137,104.109,104.078,104.046,104.045,104.036,104.023,103.997,104.004,104.02,104.044,104.056,104.074,104.053,104.042,104.033,104.032,104.019,104.014,104.006,104.013,104.014,104.027,104.044,104.009,103.997,103.994,103.993,104.001,103.976,103.962,103.95,103.932,103.944,103.935,103.945,103.927,103.898,103.879,103.867,103.849,103.838,103.845,103.849,103.836,103.824,103.817,103.829,103.839,103.862,103.864,103.857,103.862,103.846,103.848,103.854,103.862,103.864,103.852,103.832,103.843,103.846,103.861,103.871,103.862,103.852,103.838,103.83,103.867,103.853,103.857,103.849,103.85,103.848,103.857,103.878,103.87,103.836,103.842,103.839,103.833,103.841,103.849,103.843,103.83,103.826,103.844,103.818,103.806,103.807,103.782,103.789,103.785,103.78,103.798,103.798,103.803,103.795,103.8,103.802,103.773,103.773,103.757,103.75,103.747,103.751,103.754,103.743,103.736,103.745,103.748,103.762,103.758,103.753,103.762,103.756,103.753,103.77,103.79,103.778,103.772,103.767,103.768,103.746,103.756,103.775,103.785,103.761,103.761,103.75,103.755,103.732,103.751,103.756,103.739,103.73,103.748,103.753,103.773,103.768,103.792,103.79,103.778,103.778,103.766,103.734,103.73,103.719,103.723,103.734,103.741,103.756,103.754,103.745,103.78,103.788,103.808,103.827,103.817,103.805,103.797,103.796,103.808,103.785,103.765,103.73,103.712,103.7,103.711,103.701,103.7,103.698,103.707,103.718,103.727,103.697,103.721,103.708,103.732,103.751,103.757,103.765,103.765,103.777,103.813,103.809,103.821,103.796,103.775,103.785,103.789,103.792,103.794,103.784,103.767,103.751,103.772,103.791,103.772,103.756,103.755,103.758,103.753,103.757,103.798,103.784,103.826,103.848,103.859,103.874,103.876,103.871,103.878,103.865,103.855,103.819,103.809,103.818,103.824,103.819,103.831,103.84,103.813,103.841,103.818,103.831,103.847,103.854,103.867,103.855,103.856,103.873,103.855,103.852,103.864,103.852,103.864,103.892,103.925,103.934,103.919,103.933,103.935,103.892,103.903,103.884,103.85,103.834,103.821,103.843,103.854,103.89,103.943,103.911,103.917,103.923,103.935,103.963,103.973,103.986,104.034,104.019,104.04,104.061,104.076,104.087,104.051,104.068,104.063,104.008,104.022,104.039,104.022,104.022,104.042,104.081,104.091,104.084,104.097,104.112,104.096,104.109,104.097,104.079,104.081,104.072,104.046,104.019,104.013,104.021,104.046,104.055,104.014,104.005,104.01,104.088,104.111,104.118,104.122,104.062,104.096,104.156,104.195,104.164,104.108,104.147,104.131,104.177,104.2,104.18,104.207,104.2,104.27,104.268,104.284,104.335,104.298,104.324,104.361,104.359,104.367,104.301,104.332,104.252,104.244,104.306,104.276,104.249,104.289,104.258,104.323,104.341,104.352,104.352,104.294,104.29,104.285,104.242,104.294,104.269,104.328,104.379,104.382,104.376,104.341,104.341,104.424,104.353,104.358,104.351,104.325,104.378,104.346,104.444,104.33,104.315,104.254,104.253,104.1,104.228,104.18,104.276,104.274,104.438,104.364,104.538,104.553,104.71,104.612,104.575,104.552,104.566,104.537,104.601,104.518,104.555,104.52,104.532,104.686,104.75,104.812,104.745,104.764,104.758,104.676,104.806,104.831,104.73,104.623,104.591,104.665,104.622,104.596,104.587,104.478,104.573,104.503,104.661,104.582,104.436,104.429,104.545,104.762,104.721,104.597,104.687,104.869,104.832,105.028,105.106,105.059,104.859,105.038,105.037,104.845,104.623,104.868,104.86,104.744,104.641,104.642,104.52,104.432,104.429,104.401,104.34,104.163,104.085,104.332,104.434,104.437,104.36,104.437,104.497,104.354,104.332,104.681,104.667,104.576,104.729,105.05,105.128,105.177,105.247,105.516,105.394,105.321,105.142,104.944,104.651,104.686,104.674,104.678,104.567,104.356,104.309,104.372,104.316,104.221,104.307,104.369,104.001,104.006,104.223,104.314,104.167,104.312,104.492,104.365,103.944,104.385,104.492,104.339,104.254,104.68,104.564,104.538,104.443,104.817,104.592,104.183,104.098,103.911,103.856,103.828,103.828,103.681,103.319,103.56,103.692,103.788,104.021,103.839,104.169,104.321,104.597,104.824,104.829,105.097,104.737,104.729,104.744,104.232,104.103,103.508,103.472,103.363,103.128,103.424,103.115,102.891,102.959,102.624,103.272,103.34,103.407,103.527,103.46,103.782,103.77,104.015,104.407,104.025,103.869,103.653,103.822,103.545,102.901,103.093,102.998,102.915,103.4,103.858,103.611,103.973,104.114,104.52,104.263,104.459,104.176,104.048,103.429,103.922,103.51,103.843,103.916,104.137,104.033,103.95,103.689,104.236,104.124,103.941,103.935,103.854,103.895,103.57,103.625,103.731,103.41,103.495,103.455,103.596,103.454,103.255,103.396,103.98,104.236,104.236,104.375,104.458,104.143,104.209,104.545,104.715,104.294,103.95,104.023,103.87,103.798,104.185,104.319,104.672,104.475,104.375,104.395,104.128,104.118,104.552,104.284,104.55,104.112,104.258,104.548,104.599,104.992,104.967,104.589,104.349,104.243,104.036,103.909,103.662,103.552,103.53,103.703,104.247,104.596,104.608,104.943,104.872,105.164,104.8,104.733,104.44,103.746,103.425,103.122,102.839,103.018,103.08,103.561,103.155,103.255,103.683,103.924,104.034,104.45,104.814,104.759,104.85,105.111,105.44,105.39,105.361,105.6,105.518,105.018,104.94,104.949,105.248,104.956,-315.894,72.0365,132.962,-138.202,
F_3520A2/176_D_Faint_0.50_SI1,102.788,3.43129,-39.0967,118.437,107.385,71.2719,469.627,250.606,0.122983,1.46582,39.247,-84.9843,3393.57, ,0,69.1038,-94.6429,6.03448,104.166,102.542,102.343,101.45,101.254,101.392,101.638,101.921,101.244,100.405,101.461,101.104,101.656,102.92,103.01,102.41,102.968,102.505,103.425,103.055,102.926,103.384,102.667,102.617,102.976,102.68,103.077,102.69,103.504,103.705,103.748,103.637,103.565,103.737,102.784,102.977,102.587,101.602,101.602,101.597,101.495,101.649,102.167,102.881,102.502,102.681,102.978,103.375,103.261,103.187,102.748,101.9,102.043,102.129,102.03,101.788,100.974,101.002,101.206,101.35,102.109,101.637,101.717,102.325,102.852,103.512,102.884,103.062,102.84,101.653,101.841,101.87,101.441,101.218,101.243,101.437,101.53,101.664,102.332,102.414,102.582,102.966,102.617,103.364,103.915,104.153,104.725,104.313,105.063,104.707,104.545,104.753,104.271,104.133,103.44,103.213,102.925,102.354,102.866,102.962,102.638,102.745,102.724,103.614,103.391,103.867,103.749,103.726,103.533,103.684,103.917,104.367,103.378,103.412,103.081,102.676,102.011,102.507,102.728,101.95,101.914,102.057,101.79,102.175,102.194,102.26,102.215,102.486,102.332,102.252,102.279,101.934,101.867,101.956,102.373,101.501,101.233,101.425,101.196,101.377,101.606,101.39,101.393,100.973,101.216,100.838,100.946,101.046,101.216,101.331,101.4,101.632,101.657,101.599,101.756,101.723,101.597,101.639,101.892,102.009,101.969,102.17,102.531,102.917,103.088,103.147,102.905,102.995,103.066,103.051,103.356,103.135,102.957,102.845,102.977,102.958,102.815,102.792,102.977,102.811,102.796,102.631,102.589,102.443,102.399,102.371,102.25,102.012,102.069,102.053,102.169,102.119,102.373,102.441,102.479,102.607,102.659,102.713,102.668,102.661,102.679,102.566,102.675,102.679,102.632,102.565,102.572,102.556,102.549,102.559,102.57,102.557,102.537,102.552,102.567,102.547,102.55,102.555,102.56,102.518,102.486,102.471,102.435,102.401,102.383,102.329,102.275,102.198,102.208,102.174,102.141,102.113,102.036,101.991,101.997,101.975,101.952,101.888,101.914,101.952,101.964,102.105,102.109,102.108,102.085,102.167,102.264,102.283,102.215,102.155,102.185,102.2,102.365,102.527,102.452,102.561,102.565,102.763,103.017,103.081,103.54,103.876,104.183,104.79,105.475,106.441,107.342,108.147,109.465,111.187,113.526,118.163,124.193,129.332,132.582,135.743,139.043,141.41,143.661,145.432,144.792,142.738,142.184,144.08,147.017,150.5,155.637,160.874,166.504,172.145,177.054,180.907,183.855,185.918,187.275,187.498,187.192,186.332,185.508,185.438,187.049,189.947,192.965,195.519,197.409,199.361,200.845,201.531,201.583,200.737,199.205,197.489,195.972,195.381,194.543,194.162,194.233,194.681,195.825,197.033,197.659,198.382,198.754,198.99,198.648,198.118,197.541,196.065,194.897,193.895,192.606,191.182,189.852,189.07,188.462,187.493,186.196,185.579,184.91,184.201,183.499,183.339,182.423,180.574,179.494,178.788,176.749,175.212,173.735,172.23,170.389,169.02,168.708,167.18,166.054,165.345,164.27,163.253,162.425,161.557,160.313,159.019,157.632,156.469,154.902,153.293,151.928,150.393,148.925,147.705,146.453,145.702,144.448,143.519,142.908,141.805,140.685,139.721,138.748,137.867,136.66,136.02,135.131,134.384,133.805,132.995,132.31,131.723,130.504,129.799,128.516,127.663,126.558,125.606,125.133,124.519,123.877,123.211,122.844,122.397,121.726,121.481,121.159,120.504,119.857,119.069,118.889,118.035,117.595,117.258,116.625,116.046,115.534,114.92,114.716,114.496,114.4,114.313,113.836,113.452,113.254,112.874,112.81,112.499,112.096,111.792,111.25,111.352,111.193,111.105,111.079,110.8,110.521,110.428,110.174,110.242,109.882,109.595,108.915,108.64,108.687,108.48,108.033,107.881,107.594,107.618,107.59,107.459,107.562,107.205,107.049,107.117,107.091,107.01,106.64,106.477,106.642,106.408,106.372,106.202,106.077,105.689,105.545,105.601,105.58,105.59,105.514,105.532,105.572,105.73,105.889,105.64,105.595,105.682,105.437,105.242,105.234,105.471,105.028,105.133,105.421,105.545,105.152,105.14,105.192,104.916,104.61,104.648,104.606,104.406,104.083,104.118,104.159,104.081,104.056,103.985,104.223,103.932,103.867,103.828,103.724,103.563,103.652,103.816,104.047,103.959,104.308,104.47,104.522,104.725,104.959,105.013,104.931,104.629,104.138,104.049,103.908,103.943,104.105,103.816,103.709,103.817,104.012,104.043,103.84,103.934,104.068,103.9,103.911,103.853,103.522,103.525,103.485,103.497,103.476,102.975,102.476,102.976,102.833,102.844,102.656,102.879,102.784,102.344,102.779,103.183,102.744,103.024,103.309,103.362,103.479,103.602,103.938,103.765,103.861,104.03,103.663,103.586,103.858,104.306,104.385,104.56,104.594,104.314,104.626,105.165,105.107,105.042,104.532,104.479,104.302,104.035,104.321,104.199,103.592,103.929,103.497,103.75,104.016,103.972,104.658,104.972,104.499,104.426,104.179,104.282,103.879,103.554,103.504,102.816,102.652,103.325,104.292,103.905,104.131,104.244,104.139,104.286,104.594,104.563,104.095,103.847,104.513,104.706,104.608,105.13,104.721,105.237,105.376,105.355,105.54,105.341,105.512,105.573,105.139,105.505,104.972,104.692,104.54,104.232,103.586,102.886,102.896,103.198,103.232,104.136,104.238,104.236,103.965,104.392,105.05,105.644,104.969,104.459,103.512,103.648,103.05,102.85,102.893,102.046,101.512,101.773,102.802,102.828,102.399,102.382,103.176,103.763,104.527,104.413,103.744,102.704,103.41,102.752,103.357,103.318,102.797,102.301,102.449,103.515,104.197,103.184,104.63,104.875,104.471,105.375,105.479,105.318,106.029,106.157,106.616,106.078,105.2,105.179,103.055,104.133,104.199,103.196,103.223,103.293,103.14,104.218,104.151,105.773,105.503,105.373,105.152,104.775,105.228,105.192,105.084,105.901,106.109,106.605,107.459,107.693,108.636,107.685,108.289,108.633,107.309,106.928,106.364,106.463,105.58,104.793,105.504,106.257,107.093,107.352,107.488,108.841,107.776,109.278,107.835,108.067,107.556,105.182,106.29,106.266,103.935,103.547,102.512,104.11,103.061,103.386,103.97,103.9,103.688,103.581,105.687,106.67,107.01,107.127,105.475,106.174,106.392,104.089,102.397,100.116,100.299,99.9357,98.1195,98.295,98.2601,98.4462,102.23,103.776,105.211,102.669,101.324,104.194,107.791,104.944,104.213,100.783,103.772,103.114,105.337,105.432,104.5,99.6796,101.661,105.372,107.061,107.346,106.673,104.125,107.293,108.522,110.113,109.703,110.564,110.341,105.437,105.392,108.486,106.305,106.927,105.894,106.533,103.156,104.208,106.975,109.569,113.264,110.665,116.143,119.989,117.887,115.431,114.454,116.761,117.147,112.685,117.347,110.578,109.652,112.082,113.445,111.918,101.821,97.6516,96.912,97.9917,98.7378,99.8676,102.534,101.857,103.427,107.163,109.276,107.069,105.262,103.535,99.8383,92.7462,87.12,86.9966,93.3993,98.4078,103.206,103.238,103.636,107.403,113.748,124.898,122.935,120.179,117.81,115.609,117.828,117.224,113.737,115.063,111.085,112.001,112.119,109.155,110.495,105.919,103.609,100.624,102.178,102.544,99.497,99.871,101.391,99.5007,102.544,104.896,108.698,106.804,106.623,107.785,107.192,106.597,107.6,106.326,110.045,107.726,103.749,103.223,104.696,103.152,100.948,98.4319,95.5798,94.2712,94.5573,96.4482,98.8221,97.1541,94.9407,97.4426,99.1908,98.5615,97.6321,99.8827,100.54,102.572,102.968,104.993,103.465,106.028,109.837,110.905,108.684,107.742,105.07,110.096,109.056,111.126,109.398,108.782,107.156,108.208,109.897,109.222,105.301,105.388,103.923,101.307,98.7961,97.4286,95.2807,93.4742,93.4567,95.9414,101.535,99.932,101.288,104.233,105.801,108.168,108.812,108.293,108.775,103.219,102.796,101.533,100.559,99.216,99.5196,97.6082,97.1086,96.3698,97.053,98.1541,97.3823,96.3812,97.3957,96.5353,97.1866,97.3491,97.6034,97.492,99.0874,100.943,102.774,102.366,101.862,102.797,104.485,103.221,102.133,101.319,100.973,101.43,101.434,101.748,102.397,100.611,100.601,101.011,101.529,102.168,100.169,100.986,100.269,99.1483,100.789,100.377,100.693,98.9389,98.1584,97.6613,96.6993,96.484,98.0754,97.5901,98.3657,99.369,100.164,101.469,102.672,103.474,103.45,102.257,102.457,101.06,102.494,103.868,104.09,104.471,104.637,107.067,107.376,106.594,107.708,105.356,103.922,102.836,103.045,102.489,101.588,101.661,101.82,102.189,101.904,101.995,101.822,101.169,101.831,101.268,101.276,101.008,101.292,102.465,101.587,102.99,104.558,105.199,106.606,107.268,108.823,108.054,108.103,109.644,108.546,108.36,106.215,104.781,105.031,103.769,103.798,103.062,103.687,104.417,102.767,104.026,103.156,101.148,100.449,99.9501,99.2607,-132.386,34.8881,28.3898,-45.6897,
W_Calibration,100,0,0,95.0422,100,108.876,565.016,99.9909,1.74827e-05,0.00127928,0,0,6504.1, ,100,100,100,100,100,100,100,100,100,100,100,100,100,100,100,100,100,100,100,100,100,100,100,100,100,100,100,100,100,100,100,100,100,100,100,100,100,100,100,100,100,100,100,100,100,100,100,100,100,100,100,100,100,100,100,100,100,100,100,100,100,100,100,100,100,100,100,100,100,100,100,100,100,100,100,100,100,100,100,100,100,100,100,100,100,100,100,100,100,100,100,100,100,100,100,100,100,100,100,100,100,100,100,100,100,100,100,100,100,100,100,100,100,100,100,100,100,100,100,100,100,100,100,100,100,100,100,100,100,100,100,100,100,100,100,100,100,100,100,100,100,100,100,100,100,100,100,100,100,100,100,100,100,100,100,100,100,100,100,100,100,100,100,100,100,100,100,100,100,100,100,100,100,100,100,100,100,100,100,100,100,100,100,100,100,100,100,100,100,100,100,100,100,100,100,100,100,100,100,100,100,100,100,100,100,100,100,100,100,100,100,100,100,100,100,100,100,100,100,100,100,100,100,100,100,100,100,100,100,100,100,100,100,100,100,100,100,100,100,100,100,100,100,100,100,100,100,100,100,100,100,100,100,100,100,100,100,100,100,100,100,100,100,100,100,100,100,100,100,100,100,100,100,100,100,100,100,100,100,100,100,100,100,100,100,100,100,100,100,100,100,100,100,100,100,100,100,100,100,100,100,100,100,100,100,100,100,100,100,100,100,100,100,100,100,100,100,100,100,100,100,100,100,100,100,100,100,100,100,100,100,100,100,100,100,100,100,100,100,100,100,100,100,100,100,100,100,100,100,100,100,100,100,100,100,100,100,100,100,100,100,100,100,100,100,100,100,100,100,100,100,100,100,100,100,100,100,100,100,100,100,100,100,100,100,100,100,100,100,100,100,100,100,100,100,100,100,100,100,100,100,100,100,100,100,100,100,100,100,100,100,100,100,100,100,100,100,100,100,100,100,100,100,100,100,100,100,100,100,100,100,100,100,100,100,100,100,100,100,100,100,100,100,100,100,100,100,100,100,100,100,100,100,100,100,100,100,100,100,100,100,100,100,100,100,100,100,100,100,100,100,100,100,100,100,100,100,100,100,100,100,100,100,100,100,100,100,100,100,100,100,100,100,100,100,100,100,100,100,100,100,100,100,100,100,100,100,100,100,100,100,100,100,100,100,100,100,100,100,100,100,100,100,100,100,100,100,100,100,100,100,100,100,100,100,100,100,100,100,100,100,100,100,100,100,100,100,100,100,100,100,100,100,100,100,100,100,100,100,100,100,100,100,100,100,100,100,100,100,100,100,100,100,100,100,100,100,100,100,100,100,100,100,100,100,100,100,100,100,100,100,100,100,100,100,100,100,100,100,100,100,100,100,100,100,100,100,100,100,100,100,100,100,100,100,100,100,100,100,100,100,100,100,100,100,100,100,100,100,100,100,100,100,100,100,100,100,100,100,100,100,100,100,100,100,100,100,100,100,100,100,100,100,100,100,100,100,100,100,100,100,100,100,100,100,100,100,100,100,100,100,100,100,100,100,100,100,100,100,100,100,100,100,100,100,100,100,100,100,100,100,100,100,100,100,100,100,100,100,100,100,100,100,100,100,100,100,100,100,100,100,100,100,100,100,100,100,100,100,100,100,100,100,100,100,100,100,100,100,100,100,100,100,100,100,100,100,100,100,100,100,100,100,100,100,100,100,100,100,100,100,100,100,100,100,100,100,100,100,100,100,100,100,100,100,100,100,100,100,100,100,100,100,100,100,100,100,100,100,100,100,100,100,100,100,100,100,100,100,100,100,100,100,100,100,100,100,100,100,100,100,100,100,100,100,100,100,100,100,100,100,100,100,100,100,100,100,100,100,100,100,100,100,100,100,100,100,100,100,100,100,100,100,100,100,100,100,100,100,100,100,100,100,100,100,100,100,100,100,100,100,100,100,100,100,100,100,100,100,100,100,100,100,100,100,100,100,100,100,100,100,100,100,100,100,100,100,100,100,100,100,100,100,100,100,100,100,100,100,100,100,100,100,100,100,100,100,100,100,100,100,100,100,100,100,100,100,100,100,100,100,100,100,100,100,100,100,100,100,100,100,100,100,100,100,100,100,100,100,100,100,100,100,100,100,100,100,100,100,100,100,100,100,100,100,100,100,100,100,100,100,100,100,100,100,100,100,100,100,100,100,100,100,100,100,100,100,100,100,100,100,100,100,100,100,100,100,100,100,100,100,100,100,100,100,100,100,100,100,100,100,100,100,100,100,100,100,100,100,100,100,100,100,100,100,100,100,100,100,100,100,100,100,100,100,100,100,100,100,100,100,100,100,100,100,100,100,100,100,100,100,100,100,100,100,100,100,100,100,100,100,100,100,100,
F_Calibration,100,0,0,108.104,100,39.2965,491.07,99.9909,0.000170256,0.00127928,0,0,3000.62, ,100,100,100,100,100,100,100,100,100,100,100,100,100,100,100,100,100,100,100,100,100,100,100,100,100,100,100,100,100,100,100,100,100,100,100,100,100,100,100,100,100,100,100,100,100,100,100,100,100,100,100,100,100,100,100,100,100,100,100,100,100,100,100,100,100,100,100,100,100,100,100,100,100,100,100,100,100,100,100,100,100,100,100,100,100,100,100,100,100,100,100,100,100,100,100,100,100,100,100,100,100,100,100,100,100,100,100,100,100,100,100,100,100,100,100,100,100,100,100,100,100,100,100,100,100,100,100,100,100,100,100,100,100,100,100,100,100,100,100,100,100,100,100,100,100,100,100,100,100,100,100,100,100,100,100,100,100,100,100,100,100,100,100,100,100,100,100,100,100,100,100,100,100,100,100,100,100,100,100,100,100,100,100,100,100,100,100,100,100,100,100,100,100,100,100,100,100,100,100,100,100,100,100,100,100,100,100,100,100,100,100,100,100,100,100,100,100,100,100,100,100,100,100,100,100,100,100,100,100,100,100,100,100,100,100,100,100,100,100,100,100,100,100,100,100,100,100,100,100,100,100,100,100,100,100,100,100,100,100,100,100,100,100,100,100,100,100,100,100,100,100,100,100,100,100,100,100,100,100,100,100,100,100,100,100,100,100,100,100,100,100,100,100,100,100,100,100,100,100,100,100,100,100,100,100,100,100,100,100,100,100,100,100,100,100,100,100,100,100,100,100,100,100,100,100,100,100,100,100,100,100,100,100,100,100,100,100,100,100,100,100,100,100,100,100,100,100,100,100,100,100,100,100,100,100,100,100,100,100,100,100,100,100,100,100,100,100,100,100,100,100,100,100,100,100,100,100,100,100,100,100,100,100,100,100,100,100,100,100,100,100,100,100,100,100,100,100,100,100,100,100,100,100,100,100,100,100,100,100,100,100,100,100,100,100,100,100,100,100,100,100,100,100,100,100,100,100,100,100,100,100,100,100,100,100,100,100,100,100,100,100,100,100,100,100,100,100,100,100,100,100,100,100,100,100,100,100,100,100,100,100,100,100,100,100,100,100,100,100,100,100,100,100,100,100,100,100,100,100,100,100,100,100,100,100,100,100,100,100,100,100,100,100,100,100,100,100,100,100,100,100,100,100,100,100,100,100,100,100,100,100,100,100,100,100,100,100,100,100,100,100,100,100,100,100,100,100,100,100,100,100,100,100,100,100,100,100,100,100,100,100,100,100,100,100,100,100,100,100,100,100,100,100,100,100,100,100,100,100,100,100,100,100,100,100,100,100,100,100,100,100,100,100,100,100,100,100,100,100,100,100,100,100,100,100,100,100,100,100,100,100,100,100,100,100,100,100,100,100,100,100,100,100,100,100,100,100,100,100,100,100,100,100,100,100,100,100,100,100,100,100,100,100,100,100,100,100,100,100,100,100,100,100,100,100,100,100,100,100,100,100,100,100,100,100,100,100,100,100,100,100,100,100,100,100,100,100,100,100,100,100,100,100,100,100,100,100,100,100,100,100,100,100,100,100,100,100,100,100,100,100,100,100,100,100,100,100,100,100,100,100,100,100,100,100,100,100,100,100,100,100,100,100,100,100,100,100,100,100,100,100,100,100,100,100,100,100,100,100,100,100,100,100,100,100,100,100,100,100,100,100,100,100,100,100,100,100,100,100,100,100,100,100,100,100,100,100,100,100,100,100,100,100,100,100,100,100,100,100,100,100,100,100,100,100,100,100,100,100,100,100,100,100,100,100,100,100,100,100,100,100,100,100,100,100,100,100,100,100,100,100,100,100,100,100,100,100,100,100,100,100,100,100,100,100,100,100,100,100,100,100,100,100,100,100,100,100,100,100,100,100,100,100,100,100,100,100,100,100,100,100,100,100,100,100,100,100,100,100,100,100,100,100,100,100,100,100,100,100,100,100,100,100,100,100,100,100,100,100,100,100,100,100,100,100,100,100,100,100,100,100,100,100,100,100,100,100,100,100,100,100,100,100,100,100,100,100,100,100,100,100,100,100,100,100,100,100,100,100,100,100,100,100,100,100,100,100,100,100,100,100,100,100,100,100,100,100,100,100,100,100,100,100,100,100,100,100,100,100,100,100,100,100,100,100,100,100,100,100,100,100,100,100,100,100,100,100,100,100,100,100,100,100,100,100,100,100,100,100,100,100,100,100,100,100,100,100,100,100,100,100,100,100,100,100,100,100,100,100,100,100,100,100,100,100,100,100,100,100,100,100,100,100,100,100,100,100,100,100,100,100,100,100,100,100,100,100,100,100,100,100,100,100,100,100,100,100,100,100,100,100,100,100,100,100,100,100,100,100,100,100,100,100,100,100,100,100,100,100,100,100,100,100,100,
W_1733A2/287_G_None_0.50_SI2,103.031,-0.71668,1.73881,102.259,108.045,114.67,569.661,100.638,0.0150909,0.291084,1.88071,112.4,6376.82, ,0,-1.7094,-36.7816,325.926,105.057,104.526,105.115,104.894,105.213,104.857,104.413,104.772,104.299,105.169,105.009,104.688,104.753,104.656,104.877,105.284,105.361,105.904,105.791,106.093,106.088,106.171,106.246,105.987,105.808,105.767,105.594,104.644,105.188,104.898,105.288,104.477,104.235,104.633,104.529,104.771,105.987,106.012,105.733,104.896,105.599,106.459,106.085,105.923,105.922,105.194,105.351,105.369,105.652,105.295,104.374,104.435,104.242,104.41,104.583,104.06,104.036,103.671,103.428,103.928,103.991,103.808,103.297,103.076,103.566,104.139,104.381,104.421,104.704,104.639,104.971,105.266,105.69,105.14,104.67,105.068,105.098,104.532,104.653,105.248,105.511,105.086,105.209,105.114,105.223,105.282,105.345,105.37,105.212,105.319,105.559,106.002,106.274,105.808,106.479,106.691,106.508,106.177,105.617,105.532,104.93,105.231,105.198,104.744,104.327,104.207,104.2,104.301,104.029,104.326,103.998,103.641,103.883,103.946,103.827,104.169,104.448,104.84,104.974,104.976,105.486,105.433,105.782,106.426,106.389,106.512,106.05,105.777,105.98,105.81,105.968,105.818,105.581,105.156,105.169,105.397,105.281,104.885,105.04,104.78,104.504,104.484,104.461,103.939,104.115,104.281,104.662,104.376,104.219,104.522,104.397,104.271,104.456,104.321,104.278,104.601,105.191,105.665,105.438,105.446,105.819,105.653,106.116,106.041,105.528,105.433,105.303,105.735,105.796,105.778,105.828,105.458,105.777,105.707,105.079,104.864,104.714,104.779,104.603,104.374,104.246,103.942,103.779,103.959,103.547,103.341,103.167,103.14,103.745,103.315,103.438,103.638,103.691,103.934,103.966,103.807,103.542,102.959,103.184,102.585,102.251,101.868,101.483,101.048,101.2,101,100.978,100.889,101.067,101.215,101.236,101.162,101.362,101.221,101.288,100.968,100.817,100.71,100.17,100.226,100.077,99.9089,99.627,99.3269,99.3312,99.197,98.986,99.0561,98.8984,98.7143,98.4985,98.1862,97.9525,97.7927,97.3905,97.1011,96.8167,96.4012,96.0934,95.7799,95.2531,94.9807,94.5352,94.1741,93.809,93.4189,93.026,92.778,92.5737,92.5864,92.6005,92.6522,92.7309,92.7302,92.7344,92.6508,92.5511,92.5042,92.4635,92.6227,92.8467,93.2134,93.6014,94.0299,94.4994,94.9649,95.4356,95.9317,96.3784,96.7733,96.9815,96.9819,96.7898,96.6851,96.8483,97.1144,97.4688,97.8293,98.2426,98.8011,99.5977,100.552,101.371,101.823,102.19,102.446,102.665,102.891,103.026,103.171,103.292,103.361,103.49,103.612,103.778,103.831,103.947,104.035,104.101,104.186,104.283,104.376,104.401,104.46,104.54,104.589,104.676,104.779,104.86,104.911,104.938,105.019,105.053,105.141,105.186,105.209,105.213,105.229,105.252,105.285,105.3,105.337,105.358,105.382,105.411,105.47,105.558,105.614,105.673,105.741,105.801,105.869,105.94,106.037,106.076,106.082,106.154,106.179,106.228,106.253,106.28,106.332,106.357,106.414,106.454,106.478,106.538,106.56,106.609,106.621,106.623,106.612,106.61,106.608,106.608,106.625,106.656,106.69,106.755,106.794,106.874,106.963,107.033,107.127,107.194,107.238,107.291,107.353,107.421,107.446,107.502,107.56,107.606,107.659,107.709,107.748,107.745,107.772,107.823,107.839,107.867,107.871,107.876,107.902,107.924,107.952,107.952,107.931,107.919,107.929,107.932,107.952,107.982,107.975,107.974,107.981,108.025,108.029,108.05,108.046,108.035,108.008,108.015,108,107.986,107.977,107.953,107.933,107.942,107.938,107.947,107.954,107.993,108.015,108.016,108.054,108.05,108.04,108.067,108.064,108.073,108.062,108.069,108.061,108.049,108.087,108.107,108.105,108.081,108.057,108.058,108.046,108.046,108.042,108.01,108.005,108.007,108.043,108.05,108.041,108.044,108.051,108.05,108.054,108.033,108.017,108.007,108.017,108.031,108.062,108.072,108.102,108.117,108.133,108.134,108.148,108.144,108.168,108.154,108.159,108.155,108.134,108.15,108.157,108.153,108.138,108.109,108.092,108.106,108.081,108.08,108.091,108.092,108.1,108.125,108.128,108.16,108.171,108.187,108.208,108.195,108.225,108.225,108.234,108.249,108.232,108.198,108.234,108.238,108.243,108.23,108.22,108.21,108.21,108.228,108.21,108.185,108.168,108.173,108.191,108.216,108.191,108.205,108.179,108.187,108.168,108.176,108.164,108.12,108.132,108.166,108.158,108.166,108.174,108.207,108.236,108.243,108.277,108.276,108.259,108.25,108.257,108.273,108.265,108.237,108.254,108.238,108.219,108.226,108.243,108.233,108.225,108.221,108.247,108.253,108.264,108.248,108.259,108.246,108.261,108.28,108.275,108.271,108.235,108.235,108.25,108.263,108.282,108.301,108.294,108.319,108.301,108.317,108.31,108.321,108.322,108.28,108.278,108.283,108.275,108.301,108.336,108.365,108.364,108.338,108.38,108.393,108.403,108.425,108.437,108.42,108.416,108.423,108.434,108.437,108.419,108.423,108.407,108.388,108.366,108.358,108.369,108.376,108.362,108.378,108.39,108.387,108.396,108.417,108.396,108.388,108.379,108.387,108.387,108.345,108.36,108.349,108.365,108.399,108.386,108.393,108.418,108.393,108.425,108.422,108.449,108.438,108.443,108.461,108.48,108.452,108.444,108.449,108.458,108.435,108.446,108.447,108.451,108.467,108.488,108.511,108.525,108.506,108.521,108.515,108.509,108.513,108.521,108.536,108.545,108.516,108.552,108.545,108.546,108.578,108.587,108.585,108.616,108.627,108.651,108.642,108.67,108.688,108.679,108.658,108.667,108.593,108.594,108.576,108.6,108.58,108.574,108.593,108.62,108.622,108.656,108.633,108.644,108.62,108.64,108.659,108.635,108.632,108.619,108.617,108.664,108.694,108.718,108.726,108.728,108.754,108.81,108.776,108.78,108.766,108.795,108.792,108.793,108.795,108.818,108.816,108.856,108.872,108.876,108.819,108.813,108.816,108.84,108.816,108.759,108.712,108.717,108.698,108.724,108.734,108.722,108.694,108.687,108.644,108.714,108.691,108.735,108.742,108.72,108.745,108.702,108.705,108.782,108.715,108.738,108.715,108.691,108.669,108.606,108.589,108.499,108.414,108.486,108.488,108.477,108.533,108.573,108.565,108.645,108.709,108.788,108.758,108.834,108.831,108.782,108.799,108.911,108.802,108.887,108.931,108.975,108.895,108.925,108.91,108.843,108.793,108.811,108.71,108.61,108.561,108.543,108.488,108.497,108.535,108.49,108.554,108.531,108.516,108.395,108.356,108.397,108.364,108.306,108.302,108.143,108.198,108.266,108.367,108.451,108.489,108.555,108.633,108.713,108.927,108.76,108.749,108.59,108.565,108.516,108.415,108.308,108.301,108.153,108.273,108.322,108.512,108.69,108.614,108.733,108.79,108.726,108.77,108.68,108.588,108.435,108.23,108.14,107.896,107.959,107.981,107.867,107.957,107.868,107.954,107.845,108.062,108.208,108.126,108.081,108.282,108.148,108.445,108.541,108.565,108.548,108.657,108.705,108.81,108.466,108.734,108.34,108.112,108.074,107.876,107.911,107.555,107.292,107.554,107.374,107.51,107.692,107.536,107.383,107.446,107.626,107.682,107.723,107.675,107.445,107.261,107.211,107.44,106.933,106.573,106.513,106.333,106.341,106.684,106.799,107.197,106.759,106.662,106.839,106.926,106.844,106.716,106.297,106.198,105.573,105.85,105.807,106.052,105.761,105.577,105.3,105.677,105.281,105.506,105.152,105.146,104.879,105.228,104.969,104.869,104.172,104.269,104.149,104.329,104.427,104.249,103.951,103.851,104.026,104.479,104.732,104.407,104.309,104.096,104.055,103.993,104.148,104.197,103.937,103.672,104.35,104.387,104.75,104.857,105.069,105.439,105.265,105.47,105.052,104.035,104.183,103.896,103.954,103.673,103.399,103.395,103.464,103.935,104.739,104.502,104.622,104.143,104.317,105.089,105.05,105.261,105.257,105.328,105.85,106.2,106.97,107.087,106.933,107.326,106.996,106.913,106.679,106.207,106.411,106.332,106.355,105.822,106.188,106.373,106.893,107.136,107.303,106.374,106.721,106.589,106.788,106.37,106.291,106.277,106.343,106.155,107.049,106.731,106.769,106.95,106.539,106.516,105.993,105.622,105.585,105.431,105.51,105.459,105.521,106.443,106.534,106.903,108.045,108.732,108.815,108.933,109.435,109.112,108.871,108.82,109.315,108.859,108.359,108.469,108.517,108.171,108.511,108.443,108.449,107.814,107.872,108.14,107.806,107.633,108.059,108.158,108.391,108.431,108.999,108.438,108.569,109.072,108.869,108.765,108.916,108.71,109.094,108.686,109.282,109.076,109.054,109.234,108.97,108.659,108.581,107.988,108.148,107.927,107.947,107.73,107.536,107.715,107.9,107.648,108.158,108.276,108.209,108.204,108.374,108.613,108.594,107.922,108.181,108.103,108.107,107.927,108.027,107.801,107.961,107.776,108.441,108.588,108.475,108.444,108.704,108.62,108.455,-105.747,2.15054,-175.758,-11.5226,
F_1733A2/287_G_None_0.50_SI2,99.7422,0.629138,4.25467,107.791,99.3347,36.5911,583.222,81.917,0.0545748,-2.18631,4.30094,81.5886,2940.24, ,200,-350.355,-26.7465,-39.0328,86.8653,86.2177,85.9754,85.5412,86.2079,85.3478,85.0578,85.5614,85.4756,85.4518,85.8841,85.6833,85.9423,85.5095,85.9655,85.6639,85.2864,85.7866,85.3594,85.0233,84.4498,84.6179,84.7456,84.6485,84.9172,85.5726,84.7057,84.5727,84.7549,85.4126,84.7593,84.3561,83.5354,84.1273,83.9256,83.9386,84.5813,84.7435,84.3634,84.9142,85.5182,85.9302,85.9384,85.819,86.2099,85.9617,85.6656,86.3637,85.8637,85.8119,86.1684,85.6496,85.2726,85.0703,85.5581,85.827,84.8376,85.0245,84.8703,84.2851,84.4892,84.4853,84.2587,83.9356,83.7149,84.1573,83.9621,83.8678,84.2522,84.6932,84.6498,85.0264,84.9703,85.319,85.2454,85.1929,84.74,84.7526,84.5817,84.8714,84.6924,84.4763,84.0079,84.0851,84.6298,85.2968,84.9298,85.307,85.0145,85.4121,85.837,86.0725,86.3797,86.1956,85.7404,85.6367,85.3436,85.5066,85.2432,85.281,84.9997,84.7139,84.9034,85.1333,85.3023,84.9759,84.7658,84.9602,84.7042,85.0943,85.3461,84.8966,84.932,85.1182,84.7909,84.9412,84.6533,85.0335,85.3318,85.4464,85.6766,85.6107,85.6297,86.0715,86.1578,86.1258,85.7684,85.0726,84.6277,84.5809,84.7134,84.324,83.6054,83.4927,83.759,83.6534,83.9196,84.1437,84.4679,84.156,84.1458,84.6326,84.8225,84.2145,84.3024,84.149,84.0059,83.6431,83.8128,83.8675,83.703,83.5466,83.8019,83.7723,83.861,84.0889,84.311,84.5913,84.8752,84.762,84.6074,84.6442,84.5986,84.7197,84.6338,84.7297,84.8528,84.8416,85.1399,85.1623,85.2853,85.3668,85.3985,85.3725,85.3137,85.1269,85.2517,85.0443,85.2593,85.1055,85.2142,85.2315,85.2025,85.1016,85.3496,85.1859,85.236,85.1743,85.2938,85.4177,85.4296,85.5546,85.5919,85.494,85.6008,85.5866,85.7027,85.8601,85.9297,85.9657,85.9798,86.1359,86.1873,86.1603,86.2046,86.1449,86.1068,86.0358,85.9237,85.8491,85.832,85.7737,85.7271,85.655,85.6231,85.56,85.4774,85.4106,85.3428,85.1965,85.0763,84.9557,84.8484,84.676,84.5358,84.4449,84.3691,84.2455,84.1991,84.1415,84.0853,83.9779,83.9687,83.9348,83.8333,83.7366,83.7367,83.6823,83.7152,83.7458,83.8888,83.9547,83.9726,84.098,84.2134,84.2437,84.3581,84.3101,84.2849,84.284,84.3418,84.5244,84.6947,84.8032,85.1246,85.3706,85.6377,85.7214,85.8962,86.1759,86.3,86.4703,86.575,86.5763,86.6938,86.965,87.3923,87.5915,87.7018,87.9673,88.0577,88.1473,88.0995,88.1198,88.4271,88.5135,88.9166,88.9265,89.1491,89.5103,89.9193,90.3098,90.6449,90.5773,90.9604,91.0222,91.0941,91.1699,91.2759,91.2619,91.5009,91.578,91.6591,91.5223,91.5193,91.5888,91.4959,91.5056,91.6557,92.1254,92.1107,92.2271,92.5403,92.5222,92.8611,93.3373,93.1566,93.2876,93.1046,93.1548,93.0892,92.8222,93.1515,92.8282,92.5747,92.7916,92.6925,92.4802,92.6846,92.8458,93.011,92.6925,92.823,93.0904,92.9673,93.055,93.3433,92.8867,92.8635,92.7533,92.9255,93.2322,93.1082,93.3155,93.2466,93.1536,93.3476,93.44,93.4137,93.4978,93.2307,93.1438,93.3085,93.3993,93.5867,93.5927,93.5689,93.8352,93.9274,93.8816,94.0751,93.9736,93.9885,93.8709,94.1258,94.1078,94.1662,94.0923,94.1687,94.3965,94.4739,94.5626,94.4788,94.4864,94.6529,94.7555,94.7219,95.0089,94.9098,94.8898,94.9964,95.2294,95.207,95.2079,94.9759,95.2626,95.2456,95.2222,95.3319,95.2269,95.1926,95.359,95.2352,95.3912,95.523,95.6844,95.6156,95.5852,95.9978,95.992,95.9326,96.2974,96.316,95.9655,95.8314,95.9397,96.147,95.8605,96.1143,96.2359,96.1854,96.0875,96.2475,96.3796,96.5357,96.7264,96.9054,96.8815,97.1587,97.258,97.5926,97.892,97.9685,97.9613,97.8691,97.9067,98.057,97.8377,97.7241,97.6581,97.698,97.8074,97.7954,97.6458,97.5518,97.4433,97.4623,97.8097,97.9537,97.8774,97.6769,97.7258,97.8401,98.0434,97.7988,97.9892,98.1171,98.0036,97.9876,98.2668,98.3407,98.5825,98.4694,99.064,99.0298,98.7224,98.7733,98.9269,98.8657,98.8641,98.5869,98.7785,98.3116,98.5671,98.6282,98.9096,99.0714,98.7873,98.6634,99.0557,98.9554,99.334,99.0465,99.1427,99.2932,98.9527,99.4385,99.627,99.4789,99.8048,99.6332,99.7174,99.6873,99.4206,99.7943,99.642,99.5057,99.5084,99.1566,99.5141,99.7266,99.6639,99.6797,99.3952,99.2778,99.5784,99.4492,99.5714,99.4028,99.0644,99.27,99.1027,99.1472,99.5723,99.7626,100.194,100.386,100.465,100.717,100.61,100.768,100.958,100.723,100.434,100.409,100.128,99.9899,99.7381,99.6098,99.6139,99.5574,99.5997,99.9431,99.5617,99.4481,99.5455,100.085,100.07,100.194,100.395,100.551,100.149,100.322,100.925,101.112,100.731,100.989,101.018,100.746,100.699,100.667,100.713,100.387,100.362,100.484,100.719,100.306,100.593,100.559,100.829,100.48,100.444,100.255,100.432,99.8532,99.9847,99.9058,99.9388,100.042,100.077,100.161,100.583,100.664,101.183,101.436,101.465,101.397,101.229,101.984,102.516,102.325,102.376,102.493,102.498,102.668,102.938,102.911,102.824,102.397,102.03,101.025,100.957,101.128,101.156,101.023,101.066,100.963,101.14,101.102,101.82,101.477,101.801,101.431,101.449,101.703,101.967,101.676,101.815,101.97,102.351,102.771,102.645,102.595,102.761,102.439,102.572,102.604,102.649,102.623,102.029,102.763,102.741,102.733,102.903,103.548,103.37,103.553,103.65,102.891,101.977,101.607,101.501,101.499,101.145,101.19,101.518,101.45,102.193,102.758,103.464,103.689,103.784,104.019,104.166,103.948,103.824,103.611,103.852,103.994,103.935,103.507,103.111,103.777,103.927,104.134,103.246,103.776,104.182,104.205,104.222,104.533,104.253,103.822,104.5,105.968,105.847,105.096,105.274,106.018,105.971,105.819,105.449,104.916,104.934,104.649,104.931,105.029,104.839,104.751,105.742,106.559,106.245,106.17,107.103,107.491,106.551,106.451,106.65,106.587,106.106,106.542,106.383,105.474,104.84,105.457,105.514,106.071,105.916,107.674,107.763,108.23,109.033,109.066,108.455,109.604,109.152,109.168,107.891,106.12,106.606,106.005,106.099,106.204,104.939,104.934,104.547,104.774,107.446,107.86,107.909,109.988,111.001,112.276,115.249,115.321,114.844,113.439,112.045,111.53,108.717,109.483,108.343,105.428,105.4,105.476,105.037,106.558,107.393,107.841,105.628,105.082,105.86,107.236,106.874,109.175,108.346,108.31,112.033,115.911,114.97,115.681,115.209,117.018,116.904,118.071,117.977,112.985,109.633,112.158,109.717,110.612,108.999,106.472,104.523,106.54,111.352,111.864,113.249,116.023,115.284,116.182,118.569,118.669,114.434,112.489,113.472,114.126,113.757,114.384,115.535,115.155,116.245,117.903,120.33,121.784,120.13,120.965,118.295,120.659,120.527,121.127,121.099,117.91,114.127,116.259,114.806,118.289,115.433,117.637,116.077,118.798,118.873,121.374,120.674,127.026,128.779,127.595,127.291,128.939,127.78,130.91,128.834,130.78,124.764,120.9,126.705,124.744,125.83,124.456,125.781,130.997,125.924,128.662,133.674,136.886,138.462,132.863,129.001,128.712,125.478,127.259,128.877,127.979,122.808,122.127,126.879,133.688,134.283,137.082,137.984,133.398,131.952,131.563,127.256,123.172,120.058,118.544,120.378,119.63,120.99,121.798,126.266,132.347,137.031,143.663,140.886,137.134,135.734,131.247,128.114,122.344,122.774,119.737,117.511,118.793,118.254,116.49,115.905,123.072,123.985,122.738,122.67,117.115,113.346,114.492,115.624,115.6,112.716,113.747,112.851,111.851,113.398,114.509,112.527,107.983,109.105,104.377,104.347,104.691,104.332,103.49,102.778,102.198,107.97,112.736,114.188,111.19,107.15,109.963,112.199,113.629,112.724,108.814,102.985,103.617,103.013,106.707,102.878,104.785,104.347,104.335,104.745,103.855,101.746,101.737,101.255,105.983,101.561,97.2291,95.4207,94.1947,97.079,99.4156,101.348,100.816,95.4659,97.6519,100.963,100.935,98.7362,95.8133,93.5261,89.6208,86.8188,87.2338,86.1049,86.6048,87.9043,88.7691,89.7478,89.4715,90.1437,90.3724,93.0137,91.7872,89.7111,90.1906,90.0914,88.816,88.1704,88.7909,90.3375,88.6832,90.5918,90.0316,90.325,89.6727,90.8593,92.6912,92.8752,93.1392,92.3832,91.4553,93.1392,91.666,94.3599,94.0308,93.8099,93.6673,91.4226,92.5174,91.8197,91.8375,91.7112,88.616,88.8069,87.5056,86.8224,87.2811,86.5415,86.8306,84.5189,83.8526,83.9931,82.2919,83.0285,83.7042,83.8018,84.5691,84.9495,85.8814,86.8132,88.3374,90.357,89.3416,88.5133,89.1127,88.2264,90.017,91.0971,90.5912,89.5712,88.6153,89.0961,90.3534,89.436,88.9658,86.6617,84.8975,84.9892,85.2584,85.1518,85.8351,84.7882,85.0637,85.5289,85.8815,87.265,86.3596,85.4376,85.5289,86.8223,88.0938,87.874,88.238,87.9116,88.4999,89.5076,90.0065,89.1734,86.3167,85.4862,85.2007,83.7312,83.5187,82.5773,81.7003,82.2395,82.3203,83.6367,84.1728,85.1499,86.8588,87.7348,87.8853,88.9201,88.265,87.9106,87.6565,87.4815,88.0826,87.5283,86.584,85.779,85.2344,85.5202,-49.2375,1.7094,-66.6667,1076.19,
W_3532A2/393_E_Faint_0.502_VS1,103.769,-0.190792,0.0708026,104.495,110.068,119.714,518.17,109.757,0.000483025,0.2774,0.203506,159.64,6508.99, ,33.3333,-30.3419,-178.736,424.074,110.074,108.818,108.369,108.411,107.949,107.767,107.837,107.647,107.885,108.47,108.854,108.723,108.51,109.295,109.001,108.744,108.855,108.757,108.447,109.106,109.613,109.542,109.591,109.9,110.082,110.155,110.516,110.422,110.185,109.928,110.314,109.646,109.231,109.298,109.161,108.694,108.986,108.952,108.933,108.563,109.206,109.427,109.167,108.774,109.286,108.887,109.652,109.782,110.064,109.758,109.325,109.183,109.488,109.366,109.152,108.044,107.702,107.39,107.215,107.554,107.888,107.909,107.655,107.791,108.123,108.226,108.53,108.434,108.98,108.872,108.504,109.021,109.638,109.882,109.978,109.379,109.031,108.64,109.2,109.738,109.881,109.428,109.275,109.417,109.713,110.659,110.695,110.108,109.76,109.803,109.542,109.857,110.178,110.07,109.481,109.852,109.994,109.759,109.533,109.369,108.925,108.537,108.726,108.945,108.308,108.054,108.406,108.182,108.456,108.893,109.316,108.715,108.638,108.561,108.227,108.267,108.414,108.349,108.34,107.692,107.917,108.033,108.184,108.585,108.853,108.986,108.502,108.153,108.944,108.923,109.117,109.169,109.866,109.953,109.85,110.089,110.336,109.674,110.071,109.951,109.923,109.1,108.757,108.514,108.516,108.581,108.856,108.659,108.512,108.718,108.73,108.779,108.889,108.877,108.385,108.475,108.895,109.517,109.07,109.578,109.599,109.742,110.147,110.378,109.843,109.466,109.26,109.431,109.193,109.021,109.408,109.264,109.489,109.975,109.997,109.783,109.772,109.725,109.758,109.206,108.971,108.742,108.597,108.489,108.286,108.468,108.309,108.354,108.569,108.293,108.324,108.142,108.226,108.41,108.263,108.306,108.013,107.622,107.983,107.639,107.955,107.932,107.481,107.415,107.494,107.415,107.331,107.376,107.553,107.318,107.174,107.332,107.208,107.17,107.381,107.351,107.166,107.195,106.894,106.982,106.689,106.93,106.753,106.382,106.419,106.376,106.105,106.217,106.03,106.297,106.026,105.825,105.892,105.856,105.741,105.65,105.578,105.419,105.106,105.029,104.817,104.602,104.297,103.941,103.667,103.385,103.21,103.058,102.773,102.798,102.903,103.007,103.05,103.07,103.047,103.007,102.967,102.966,102.944,103.046,103.226,103.547,103.873,104.199,104.528,104.873,105.24,105.594,105.908,106.184,106.284,106.209,105.989,105.866,105.93,106.036,106.245,106.486,106.739,107.099,107.647,108.36,108.889,109.167,109.393,109.507,109.564,109.656,109.713,109.766,109.817,109.822,109.81,109.861,109.947,109.957,109.998,110.022,110.049,110.039,110.052,110.125,110.048,110.006,110.035,110.033,110.021,110.019,110.041,110.033,110.015,110.078,110.117,110.132,110.118,110.125,110.109,110.091,110.099,110.092,110.056,110.034,110,110.002,109.988,110,110.022,110.039,110.044,110.081,110.094,110.136,110.135,110.178,110.176,110.16,110.186,110.197,110.205,110.215,110.204,110.229,110.211,110.235,110.251,110.237,110.244,110.237,110.235,110.244,110.241,110.236,110.212,110.202,110.177,110.16,110.155,110.18,110.216,110.232,110.266,110.318,110.341,110.39,110.406,110.414,110.428,110.427,110.426,110.41,110.403,110.408,110.427,110.462,110.475,110.475,110.447,110.452,110.472,110.478,110.484,110.467,110.452,110.453,110.457,110.478,110.458,110.455,110.441,110.423,110.415,110.43,110.448,110.44,110.41,110.42,110.434,110.398,110.404,110.395,110.352,110.338,110.317,110.315,110.272,110.242,110.247,110.234,110.214,110.213,110.171,110.157,110.145,110.168,110.146,110.156,110.136,110.113,110.126,110.157,110.149,110.161,110.143,110.134,110.114,110.123,110.145,110.133,110.094,110.088,110.083,110.08,110.085,110.088,110.077,110.066,110.058,110.059,110.063,110.031,110.016,110.043,110.022,110.026,110,110.003,110.006,109.991,110.026,110.042,110.023,110.052,110.027,110.058,110.038,110.035,110.06,110.052,110.052,110.037,110.034,110.056,110.062,110.061,110.086,110.066,110.065,110.06,110.08,110.07,110.059,110.054,110.071,110.055,110.042,110.021,110.038,110.024,110.018,110.018,110.01,110.032,110.035,110.039,110.071,110.052,110.022,110.045,110.061,110.07,110.042,110.028,110.035,110.004,109.997,110.008,109.978,109.935,109.918,109.917,109.91,109.892,109.896,109.899,109.882,109.863,109.907,109.892,109.876,109.897,109.935,109.934,109.924,109.938,109.958,109.968,109.973,109.985,109.984,109.935,109.924,109.95,109.949,109.965,109.928,109.936,109.914,109.875,109.886,109.876,109.852,109.852,109.836,109.849,109.838,109.852,109.872,109.889,109.895,109.894,109.883,109.85,109.854,109.84,109.835,109.825,109.822,109.832,109.841,109.857,109.879,109.869,109.887,109.889,109.91,109.905,109.863,109.866,109.863,109.878,109.907,109.906,109.915,109.88,109.881,109.925,109.942,109.948,109.961,109.955,109.96,109.967,109.986,109.986,109.974,109.955,109.943,109.936,109.92,109.907,109.894,109.903,109.908,109.936,109.952,109.972,109.966,109.972,109.987,109.977,109.974,109.984,109.985,109.994,109.951,109.967,109.962,109.98,109.993,110.013,109.995,109.993,109.986,110.031,110.021,110.045,110.032,110.04,110.007,110.025,110.012,110.002,109.997,109.995,109.975,109.997,110.012,110.049,110.066,110.092,110.094,110.106,110.111,110.122,110.108,110.095,110.084,110.074,110.073,110.083,110.069,110.086,110.075,110.092,110.13,110.141,110.154,110.178,110.189,110.217,110.224,110.231,110.237,110.22,110.185,110.176,110.127,110.114,110.088,110.076,110.078,110.056,110.076,110.138,110.113,110.116,110.135,110.125,110.125,110.151,110.142,110.126,110.109,110.189,110.21,110.204,110.262,110.263,110.25,110.281,110.284,110.331,110.289,110.328,110.345,110.371,110.396,110.409,110.399,110.415,110.39,110.43,110.431,110.44,110.398,110.385,110.38,110.439,110.414,110.393,110.322,110.287,110.248,110.262,110.301,110.306,110.283,110.298,110.296,110.329,110.319,110.353,110.384,110.33,110.339,110.334,110.359,110.375,110.3,110.335,110.308,110.197,110.192,110.216,110.143,110.066,110.056,110.13,110.075,110.076,110.162,110.134,110.034,110.077,110.129,110.133,110.137,110.223,110.215,110.204,110.304,110.448,110.42,110.387,110.395,110.43,110.277,110.319,110.278,110.187,110.087,110.05,109.979,110.016,109.945,110.006,109.904,109.897,109.937,109.956,110.047,110.172,110.042,109.973,109.981,109.989,109.947,109.92,109.827,109.651,109.641,109.681,109.729,109.654,109.721,109.763,109.714,109.799,109.939,109.672,109.607,109.616,109.64,109.681,109.687,109.719,109.778,109.795,109.865,110.015,110.129,110.316,110.242,110.224,110.175,109.995,109.951,109.82,109.72,109.603,109.528,109.376,109.17,109.228,109.308,109.261,109.504,109.551,109.508,109.348,109.408,109.571,109.568,109.49,109.536,109.437,109.38,109.39,109.385,109.521,109.842,109.827,109.693,109.597,109.784,109.778,109.752,109.782,109.492,109.185,109.113,109.129,109.158,109.035,109.106,108.954,108.761,108.892,108.844,108.775,108.889,109.003,108.876,108.59,108.665,108.528,108.512,108.313,108.182,108.186,108.074,108.097,107.931,107.998,108.193,107.997,107.832,107.714,107.533,107.364,107.347,107.426,107.235,107.009,107.175,107.199,107.494,107.472,107.389,107.05,107.298,107.068,106.878,106.561,106.572,106.446,106.721,106.618,106.854,106.292,106.434,106.684,106.681,106.646,106.324,106.036,105.871,105.694,105.901,105.798,105.436,105.505,104.935,104.816,104.741,104.971,104.902,104.891,105.031,105.535,105.373,105.926,106.024,106.125,106.277,106.668,106.918,106.558,105.996,106.281,106.237,106.234,106.046,105.708,105.302,104.762,104.825,105.094,105.026,104.925,104.67,105.028,105.34,105.553,105.941,105.987,106.155,106.603,107.122,107.683,107.589,107.483,107.951,107.885,108.092,108.236,107.908,108.022,108.19,108.204,108.219,108.216,108.258,108.405,108.218,108.041,107.609,107.49,107.591,107.474,107.223,107.192,107.582,107.564,107.778,108.054,108.015,107.758,107.585,107.33,107.492,106.684,106.758,106.877,107.062,107.168,107.66,108.295,108.916,109.157,109.492,109.906,110.121,110.349,110.184,110.007,109.877,109.828,109.534,109.764,109.584,109.175,108.925,109.32,109.327,109.298,109.512,109.541,109.465,109.764,110.22,109.732,109.397,109.737,109.807,109.898,109.784,110.211,109.798,109.71,110.565,110.466,110.559,110.502,110.473,111.093,110.793,111.223,111.071,110.779,111.174,110.834,110.86,110.527,109.922,109.65,109.287,109.271,109.192,108.937,108.955,109.01,108.763,109.026,109.215,109.319,109.34,109.532,109.792,109.62,109.39,109.488,109.624,109.862,109.678,109.565,109.243,109.506,109.611,109.835,110.012,109.766,109.647,109.845,109.934,110.05,-109.77,70.4301,-74.2424,14.6091,
F_3532A2/393_E_Faint_0.502_VS1,101.815,2.28242,-24.3899,114.791,104.767,57.8514,468.177,197.87,0.0752417,0.504455,24.4965,-84.6538,3204.69, ,100,-90.0709,46.507,1.20898,99.153,99.6305,99.5453,99.0411,99.0755,98.3691,98.133,99.0111,98.8002,98.3142,98.5264,98.1849,97.8776,97.985,98.1686,98.7234,98.2174,98.1899,97.9331,97.2673,96.842,96.7553,95.9521,95.9946,95.5844,95.5047,95.6276,95.4081,95.2713,96.1165,96.2929,96.7292,96.0647,96.2917,96.138,95.3995,96.1199,96.0112,95.5433,96.0559,96.37,96.1015,96.5137,96.7996,97.6964,97.1062,97.327,97.3934,96.1562,95.8668,96.3977,95.8294,95.8195,95.2655,95.3886,95.6749,95.2736,96.2033,96.1941,95.9112,96.2357,96.4779,96.0773,96.65,96.3643,96.5034,96.5443,96.7448,97.3612,97.8096,97.2876,98.034,97.7373,97.5205,97.7814,97.3526,97.1452,96.4337,95.8775,95.9093,95.2916,94.8225,94.855,94.2094,94.5957,94.7359,95.1619,95.171,95.7547,96.2704,96.5995,96.7869,97.4542,97.7081,98.1476,98.1212,98.1146,98.0179,97.9151,97.9665,98.0521,98.1065,97.8627,97.7047,97.3903,97.1693,96.3023,96.2056,95.9579,96.167,96.1448,96.0333,95.73,96.0176,96.0082,96.9356,96.9923,97.5575,97.4082,98.0028,97.7548,97.7131,98.0385,98.3322,98.0868,98.1929,97.628,97.653,97.2465,97.6503,98.014,97.4562,96.9208,96.6383,96.5587,96.4384,96.2773,96.3685,96.0942,95.6703,95.7785,96.1442,96.2368,95.6851,95.7072,95.5457,95.2543,95.2841,95.4743,95.3423,94.9636,94.9846,95.3212,95.4613,95.6105,95.8065,95.8881,96.1073,96.3962,96.6152,96.6426,96.4078,96.4093,96.5067,96.3728,96.4002,96.2663,96.2787,96.4432,96.581,96.9152,97.084,97.1357,97.2235,97.3415,97.2782,97.3132,97.0347,97.0549,96.869,96.975,96.9113,97.0685,96.9447,97.196,97.0408,97.0576,97.1608,97.2782,97.1858,97.2802,97.1751,97.2278,97.1284,97.1452,97.1367,97.2221,97.2538,97.3584,97.4637,97.4965,97.7144,97.7952,97.7874,97.8008,97.7403,97.6761,97.6075,97.4914,97.4231,97.3654,97.3148,97.2719,97.214,97.1768,97.1275,97.0525,97.0007,96.9524,96.8411,96.738,96.6171,96.5155,96.3889,96.2916,96.2322,96.148,96.0171,95.9529,95.8977,95.875,95.8036,95.7084,95.5699,95.4189,95.3239,95.2947,95.296,95.2548,95.2493,95.3035,95.3744,95.5149,95.6069,95.6378,95.6517,95.5974,95.5131,95.4989,95.3649,95.4872,95.5378,95.6682,95.8847,96.0863,96.43,96.7791,96.7649,97.1666,97.3679,97.5545,97.7377,97.9219,98.0845,98.3453,98.6973,99.4608,100.02,100.986,101.836,103.123,105.694,109.124,111.968,114.203,115.915,117.86,119.264,121.289,122.858,122.737,121.987,122.137,123.22,125.264,127.561,130.818,133.815,137.093,140.602,143.762,146.144,148.134,149.629,150.653,150.759,149.864,149.268,148.671,149.164,150.113,151.734,153.351,154.655,156.164,157.788,158.715,159.61,159.584,159.351,158.641,157.695,157.165,156.405,155.819,155.655,155.51,155.958,156.44,156.673,157.443,157.696,157.845,158.416,158.25,157.99,157.281,155.996,155.417,154.113,153.349,153.168,152.671,152.361,152.097,151.652,151.673,151.551,151.331,151.144,150.171,149.161,148.854,148.146,147.572,146.827,145.765,145.116,144.243,143.241,142.604,141.52,140.742,139.942,139.347,138.339,137.741,136.874,136.464,135.858,135.206,134.435,133.311,132.114,131.675,130.767,130.265,129.641,128.982,128.295,127.702,127.2,126.541,125.901,125.241,124.3,123.459,122.652,121.892,121.003,120.715,120.409,119.349,118.764,118.624,118.144,117.699,117.136,116.877,116.107,115.755,115.877,115.549,114.936,114.756,114.576,114.418,113.789,113.817,113.348,112.809,112.531,112.043,111.68,111.28,111.006,110.926,110.523,110.435,110.404,110.245,110.093,109.97,109.762,109.396,108.898,108.837,108.45,107.97,107.844,107.763,107.603,107.368,107.242,107.384,106.774,106.514,106.64,106.248,106.123,105.565,105.437,105.398,105.281,105.132,105.308,105.283,105.224,105.102,105.33,105.169,105.058,104.874,105.174,105.107,104.858,104.874,104.764,104.644,104.619,104.673,104.742,104.427,104.495,104.35,104.236,104.251,103.935,103.869,103.606,103.407,103.54,103.421,103.488,103.657,103.52,103.961,104.097,104.209,104.174,104.074,103.709,103.503,103.481,103.437,102.958,102.784,102.53,102.317,102.335,102.627,102.69,102.526,102.595,102.775,102.604,102.642,102.806,102.527,102.208,102.391,101.986,101.932,102.06,102.477,102.742,102.932,103.315,103.403,103.285,103.491,103.681,103.548,103.419,103.545,103.296,103.414,103.509,103.45,103.345,103.398,103.288,103.112,102.823,102.879,102.678,102.942,102.996,103.12,102.771,103.018,103.155,103.248,103.594,103.761,103.272,102.889,103.074,103.43,103.503,102.908,102.856,102.541,102.279,102.536,103.15,102.621,102.52,102.221,102.572,102.327,102.762,102.771,102.617,102.032,102.348,102.353,102.529,102.605,102.749,102.13,102.292,102.637,103.217,103.008,103.03,103.011,103.067,103.202,103.487,103.144,103.511,103.629,103.919,104.069,104.3,104.442,104.194,103.976,104.395,103.434,103.015,103.15,102.707,102.382,102.195,102.285,102.328,101.966,102.033,101.865,102.459,102.523,102.429,102.785,102.732,103.125,103.665,103.746,103.939,103.569,103.612,103.775,103.776,104.004,103.588,103.145,103.437,103.598,103.103,103.359,103.737,103.789,103.672,104.137,103.649,103.712,103.512,103.483,103.085,102.415,102.842,103.419,103.173,103.685,103.7,102.953,103.723,103.733,104.399,103.853,103.313,103.264,103.433,103.742,104.709,104.018,104.562,104.414,103.747,103.524,103.865,104.116,103.727,104.151,104.671,105.083,105.471,106.06,106.023,105.76,105.422,104.634,104.946,104.46,104.281,104.005,103.306,104.243,103.56,103.374,103.841,103.197,104.075,104.773,104.241,105.158,104.178,104.562,105.224,107.143,106.328,105.681,104.871,105.862,106.042,107.396,108.1,107.624,105.567,105.864,106.153,105.505,105.139,104.745,103.925,104.441,104.901,105.498,107.148,107.169,108.245,107.662,107.039,107.983,107.765,108.318,107.359,105.831,106.147,105.383,107.161,106.332,105.068,104.799,104.23,104.363,105.433,106.173,107.171,106.363,107.403,108.939,109.711,110.251,113.266,112.176,108.83,107.284,105.156,106.734,105.224,104.798,104.297,102.126,102.311,105.122,105.658,105.405,103.974,105.146,106.612,108.004,105.386,106.504,105.663,104.27,108.586,110.768,111.368,109.794,106.656,109.754,110.815,111.178,111.641,108.945,107.291,106.396,103.686,105.811,104.733,101.472,102.039,104.363,104.86,103.677,104.722,104.731,104.296,103.39,104.479,105.583,101.914,101.697,104.394,104.24,108.098,107.726,111.623,111.514,110.44,112.807,113.311,112.42,110.134,105.656,102.261,102.361,102.741,99.4829,100.307,98.6628,98.3854,98.0532,101.998,107.038,100.305,100.3,101.144,99.7461,99.4451,102.754,106.647,107.789,107.096,111.388,113.235,112.003,111.129,111.841,108.688,105.237,102.295,101.018,102.072,101.086,104.06,101.138,103.134,100.839,99.6333,100.042,102.965,104.838,100.043,94.0738,97.2447,96.1392,96.6469,98.5362,103.521,102.02,100.803,103.11,110.44,110.025,109.76,106.485,107.142,103.915,107.421,107.865,108.138,102.204,101.279,102.824,107.286,107.787,104.695,97.5562,98.7837,102.303,105.036,107.508,106.733,110.307,105.735,108.648,109.896,105.169,101.204,102.426,106.614,103.985,100.822,99.2473,94.1666,99.6333,102.087,101.618,100.037,95.9989,92.3841,90.1618,92.1554,93.5106,92.0961,91.4047,91.1293,89.2038,90.3647,90.928,90.7237,88.392,89.3755,90.6735,90.7377,94.8696,100.377,99.3759,100.354,102.355,106.781,111.881,107.023,107.789,104.14,102.552,103.599,105.271,105.17,108.008,102.512,105.942,103.475,103.753,103.917,103.483,102.532,101.692,100.296,98.9721,100.817,101.861,105.999,104.455,104.189,103.766,103.98,102.88,106.189,106.668,104.576,101.823,101.082,99.4014,100.645,101.234,101.606,96.2764,93.43,93.6169,91.388,91.8872,92.3668,92.1436,91.147,88.8428,91.3658,90.4402,92.4416,94.6477,95.2486,96.6639,96.318,97.2262,99.4661,97.4948,96.7764,95.0661,94.8256,95.3061,95.7565,94.5772,94.2567,92.7319,94.2969,95.9106,95.9486,95.9673,94.8475,93.9225,97.1228,97.1718,98.6407,99.5555,99.6699,100.812,100.011,99.9,99.2512,97.845,98.9256,98.4054,97.9924,97.6885,97.0676,97.4747,97.686,98.6341,97.2976,95.1571,95.5518,95.182,95.2895,95.795,95.4211,95.5119,93.7872,94.1592,94.4731,94.6444,95.7075,95.0468,94.0364,95.0875,94.3407,95.951,97.5648,97.2895,97.1398,96.0629,97.0727,98.2267,98.8292,98.6351,98.6601,98.1747,100.01,97.9912,99.4362,99.529,98.5104,97.2326,97.6335,97.9057,98.8213,97.5599,97.9989,96.7197,96.9549,98.1252,97.8199,97.6067,96.7573,96.1248,97.3235,97.8074,98.0216,97.4681,96.5752,97.5331,99.0059,99.2782,99.1897,97.6464,97.9989,97.2804,97.5731,97.9095,97.9057,96.4095,96.4227,95.3063,96.8797,97.7981,98.4329,98.1444,98.3199,98.6892,98.5132,98.4306,98.7015,98.2094,96.5364,27.6688,30.1587,-1747.62,1680.95,
W_Calibration,100,0,0,95.0422,100,108.876,565.016,99.9909,1.74827e-05,0.00127928,0,0,6504.1, ,0,100,100,100,100,100,100,100,100,100,100,100,100,100,100,100,100,100,100,100,100,100,100,100,100,100,100,100,100,100,100,100,100,100,100,100,100,100,100,100,100,100,100,100,100,100,100,100,100,100,100,100,100,100,100,100,100,100,100,100,100,100,100,100,100,100,100,100,100,100,100,100,100,100,100,100,100,100,100,100,100,100,100,100,100,100,100,100,100,100,100,100,100,100,100,100,100,100,100,100,100,100,100,100,100,100,100,100,100,100,100,100,100,100,100,100,100,100,100,100,100,100,100,100,100,100,100,100,100,100,100,100,100,100,100,100,100,100,100,100,100,100,100,100,100,100,100,100,100,100,100,100,100,100,100,100,100,100,100,100,100,100,100,100,100,100,100,100,100,100,100,100,100,100,100,100,100,100,100,100,100,100,100,100,100,100,100,100,100,100,100,100,100,100,100,100,100,100,100,100,100,100,100,100,100,100,100,100,100,100,100,100,100,100,100,100,100,100,100,100,100,100,100,100,100,100,100,100,100,100,100,100,100,100,100,100,100,100,100,100,100,100,100,100,100,100,100,100,100,100,100,100,100,100,100,100,100,100,100,100,100,100,100,100,100,100,100,100,100,100,100,100,100,100,100,100,100,100,100,100,100,100,100,100,100,100,100,100,100,100,100,100,100,100,100,100,100,100,100,100,100,100,100,100,100,100,100,100,100,100,100,100,100,100,100,100,100,100,100,100,100,100,100,100,100,100,100,100,100,100,100,100,100,100,100,100,100,100,100,100,100,100,100,100,100,100,100,100,100,100,100,100,100,100,100,100,100,100,100,100,100,100,100,100,100,100,100,100,100,100,100,100,100,100,100,100,100,100,100,100,100,100,100,100,100,100,100,100,100,100,100,100,100,100,100,100,100,100,100,100,100,100,100,100,100,100,100,100,100,100,100,100,100,100,100,100,100,100,100,100,100,100,100,100,100,100,100,100,100,100,100,100,100,100,100,100,100,100,100,100,100,100,100,100,100,100,100,100,100,100,100,100,100,100,100,100,100,100,100,100,100,100,100,100,100,100,100,100,100,100,100,100,100,100,100,100,100,100,100,100,100,100,100,100,100,100,100,100,100,100,100,100,100,100,100,100,100,100,100,100,100,100,100,100,100,100,100,100,100,100,100,100,100,100,100,100,100,100,100,100,100,100,100,100,100,100,100,100,100,100,100,100,100,100,100,100,100,100,100,100,100,100,100,100,100,100,100,100,100,100,100,100,100,100,100,100,100,100,100,100,100,100,100,100,100,100,100,100,100,100,100,100,100,100,100,100,100,100,100,100,100,100,100,100,100,100,100,100,100,100,100,100,100,100,100,100,100,100,100,100,100,100,100,100,100,100,100,100,100,100,100,100,100,100,100,100,100,100,100,100,100,100,100,100,100,100,100,100,100,100,100,100,100,100,100,100,100,100,100,100,100,100,100,100,100,100,100,100,100,100,100,100,100,100,100,100,100,100,100,100,100,100,100,100,100,100,100,100,100,100,100,100,100,100,100,100,100,100,100,100,100,100,100,100,100,100,100,100,100,100,100,100,100,100,100,100,100,100,100,100,100,100,100,100,100,100,100,100,100,100,100,100,100,100,100,100,100,100,100,100,100,100,100,100,100,100,100,100,100,100,100,100,100,100,100,100,100,100,100,100,100,100,100,100,100,100,100,100,100,100,100,100,100,100,100,100,100,100,100,100,100,100,100,100,100,100,100,100,100,100,100,100,100,100,100,100,100,100,100,100,100,100,100,100,100,100,100,100,100,100,100,100,100,100,100,100,100,100,100,100,100,100,100,100,100,100,100,100,100,100,100,100,100,100,100,100,100,100,100,100,100,100,100,100,100,100,100,100,100,100,100,100,100,100,100,100,100,100,100,100,100,100,100,100,100,100,100,100,100,100,100,100,100,100,100,100,100,100,100,100,100,100,100,100,100,100,100,100,100,100,100,100,100,100,100,100,100,100,100,100,100,100,100,100,100,100,100,100,100,100,100,100,100,100,100,100,100,100,100,100,100,100,100,100,100,100,100,100,100,100,100,100,100,100,100,100,100,100,100,100,100,100,100,100,100,100,100,100,100,100,100,100,100,100,100,100,100,100,100,100,100,100,100,100,100,100,100,100,100,100,100,100,100,100,100,100,100,100,100,100,100,100,100,100,100,100,100,100,100,100,100,100,100,100,100,100,100,100,100,100,100,100,100,100,100,100,100,100,100,100,100,100,100,100,100,100,100,100,100,100,100,100,100,100,100,100,100,100,100,100,100,100,100,100,100,100,100,100,100,100,100,100,100,100,100,100,100,100,100,100,100,100,100,100,100,100,100,100,100,100,100,100,100,100,
F_Calibration,100,0,0,108.104,100,39.2965,491.07,99.9909,0.000170256,0.00127928,0,0,3000.62, ,100,100,100,100,100,100,100,100,100,100,100,100,100,100,100,100,100,100,100,100,100,100,100,100,100,100,100,100,100,100,100,100,100,100,100,100,100,100,100,100,100,100,100,100,100,100,100,100,100,100,100,100,100,100,100,100,100,100,100,100,100,100,100,100,100,100,100,100,100,100,100,100,100,100,100,100,100,100,100,100,100,100,100,100,100,100,100,100,100,100,100,100,100,100,100,100,100,100,100,100,100,100,100,100,100,100,100,100,100,100,100,100,100,100,100,100,100,100,100,100,100,100,100,100,100,100,100,100,100,100,100,100,100,100,100,100,100,100,100,100,100,100,100,100,100,100,100,100,100,100,100,100,100,100,100,100,100,100,100,100,100,100,100,100,100,100,100,100,100,100,100,100,100,100,100,100,100,100,100,100,100,100,100,100,100,100,100,100,100,100,100,100,100,100,100,100,100,100,100,100,100,100,100,100,100,100,100,100,100,100,100,100,100,100,100,100,100,100,100,100,100,100,100,100,100,100,100,100,100,100,100,100,100,100,100,100,100,100,100,100,100,100,100,100,100,100,100,100,100,100,100,100,100,100,100,100,100,100,100,100,100,100,100,100,100,100,100,100,100,100,100,100,100,100,100,100,100,100,100,100,100,100,100,100,100,100,100,100,100,100,100,100,100,100,100,100,100,100,100,100,100,100,100,100,100,100,100,100,100,100,100,100,100,100,100,100,100,100,100,100,100,100,100,100,100,100,100,100,100,100,100,100,100,100,100,100,100,100,100,100,100,100,100,100,100,100,100,100,100,100,100,100,100,100,100,100,100,100,100,100,100,100,100,100,100,100,100,100,100,100,100,100,100,100,100,100,100,100,100,100,100,100,100,100,100,100,100,100,100,100,100,100,100,100,100,100,100,100,100,100,100,100,100,100,100,100,100,100,100,100,100,100,100,100,100,100,100,100,100,100,100,100,100,100,100,100,100,100,100,100,100,100,100,100,100,100,100,100,100,100,100,100,100,100,100,100,100,100,100,100,100,100,100,100,100,100,100,100,100,100,100,100,100,100,100,100,100,100,100,100,100,100,100,100,100,100,100,100,100,100,100,100,100,100,100,100,100,100,100,100,100,100,100,100,100,100,100,100,100,100,100,100,100,100,100,100,100,100,100,100,100,100,100,100,100,100,100,100,100,100,100,100,100,100,100,100,100,100,100,100,100,100,100,100,100,100,100,100,100,100,100,100,100,100,100,100,100,100,100,100,100,100,100,100,100,100,100,100,100,100,100,100,100,100,100,100,100,100,100,100,100,100,100,100,100,100,100,100,100,100,100,100,100,100,100,100,100,100,100,100,100,100,100,100,100,100,100,100,100,100,100,100,100,100,100,100,100,100,100,100,100,100,100,100,100,100,100,100,100,100,100,100,100,100,100,100,100,100,100,100,100,100,100,100,100,100,100,100,100,100,100,100,100,100,100,100,100,100,100,100,100,100,100,100,100,100,100,100,100,100,100,100,100,100,100,100,100,100,100,100,100,100,100,100,100,100,100,100,100,100,100,100,100,100,100,100,100,100,100,100,100,100,100,100,100,100,100,100,100,100,100,100,100,100,100,100,100,100,100,100,100,100,100,100,100,100,100,100,100,100,100,100,100,100,100,100,100,100,100,100,100,100,100,100,100,100,100,100,100,100,100,100,100,100,100,100,100,100,100,100,100,100,100,100,100,100,100,100,100,100,100,100,100,100,100,100,100,100,100,100,100,100,100,100,100,100,100,100,100,100,100,100,100,100,100,100,100,100,100,100,100,100,100,100,100,100,100,100,100,100,100,100,100,100,100,100,100,100,100,100,100,100,100,100,100,100,100,100,100,100,100,100,100,100,100,100,100,100,100,100,100,100,100,100,100,100,100,100,100,100,100,100,100,100,100,100,100,100,100,100,100,100,100,100,100,100,100,100,100,100,100,100,100,100,100,100,100,100,100,100,100,100,100,100,100,100,100,100,100,100,100,100,100,100,100,100,100,100,100,100,100,100,100,100,100,100,100,100,100,100,100,100,100,100,100,100,100,100,100,100,100,100,100,100,100,100,100,100,100,100,100,100,100,100,100,100,100,100,100,100,100,100,100,100,100,100,100,100,100,100,100,100,100,100,100,100,100,100,100,100,100,100,100,100,100,100,100,100,100,100,100,100,100,100,100,100,100,100,100,100,100,100,100,100,100,100,100,100,100,100,100,100,100,100,100,100,100,100,100,100,100,100,100,100,100,100,100,100,100,100,100,100,100,100,100,100,100,100,100,100,100,100,100,100,100,100,100,100,100,100,100,100,100,100,100,100,100,100,100,100,100,100,100,100,100,100,100,100,100,100,100,100,100,100,
W_1743A2/158_F_None_0.50_SI2,100.205,-0.157003,0.333851,95.4567,100.531,108.907,568.698,99.0684,0.00294313,0.0896556,0.368926,115.187,6479.65, ,0,31.3514,112.727,3.63636,98.8982,99.7733,99.5118,99.5437,99.2397,99.3687,99.1487,99.2492,99.6507,99.7764,98.8061,99.0591,98.8697,99.7556,99.8302,99.9525,100.025,99.5917,98.9945,99.3567,99.5487,99.2651,98.7247,98.9603,99.0111,99.0381,99.2055,99.5586,99.5611,99.4932,99.6329,99.383,98.8223,98.9621,98.7669,98.5273,98.9331,99.0687,98.55,98.7309,99.0639,99.7187,100.131,99.9796,99.7667,99.0495,98.748,99.3967,99.9387,99.9804,99.8982,99.4513,99.6763,100.265,100.79,101.538,101.204,101.055,100.813,100.671,100.982,100.996,100.559,100.538,99.9819,99.7739,99.1951,99.0346,98.8813,98.6907,98.7331,99.0232,98.494,98.3826,98.7784,99.0282,99.5074,99.3702,99.011,98.9305,99.0715,100.001,100.258,99.6785,100.203,100.051,100.335,100.284,100.282,99.7233,98.8878,98.6688,98.7741,98.0293,97.772,97.7119,97.8607,97.6667,97.5873,97.9344,98.0561,98.4106,98.5679,98.9029,98.6559,98.5763,98.5549,98.5468,98.6253,99.1369,99.1694,99.3475,99.2516,99.1106,99.0689,99.0883,99.4024,99.1239,98.4168,98.109,98.0865,98.0411,98.4049,98.4795,98.6871,99.2275,99.4462,99.2813,99.557,99.5858,99.5475,99.4658,99.4138,99.4573,98.8117,98.5649,98.8621,98.6816,98.6438,98.5165,98.3784,98.3804,97.9894,98.0081,98.2337,98.4854,98.5516,98.5693,98.9074,99.5586,99.7285,100.001,100.181,99.975,99.6677,99.7706,99.6953,99.7342,99.1533,99.2833,99.0876,98.9551,99.2541,99.271,99.2881,99.0934,98.7924,98.9687,98.7647,99.1046,98.9871,99.0047,99.1725,99.1746,99.7505,99.6571,99.506,99.6032,99.7221,99.8163,99.7834,99.6163,99.2395,98.8597,99.0144,99.2317,99.0273,98.6499,98.6243,98.3881,98.1513,98.2113,98.1503,98.1957,98.0293,98.1192,98.3479,98.1464,98.1089,98.3291,98.1241,97.9991,98.0457,98.0692,98.0669,97.7649,97.8623,97.7145,97.5416,97.7331,97.4617,97.3214,97.1486,96.8368,97.2724,97.7045,97.705,97.9422,97.686,98.0199,97.8497,97.8304,98.0175,97.6084,97.101,97.2412,96.9996,96.8769,96.6407,96.5453,96.7314,96.5328,96.4451,96.1884,95.9582,95.7949,95.8389,95.9697,95.8379,95.5248,95.4222,95.1208,95.1495,94.9653,94.8515,94.7964,94.5437,94.5057,94.5948,94.6079,94.7058,94.7849,94.9164,94.9218,94.9466,94.9242,94.8837,94.8818,94.9042,95.0002,95.1588,95.3383,95.5276,95.7536,95.9834,96.217,96.4482,96.6936,96.8732,97.039,97.1017,97.0904,96.9325,96.84,96.8916,96.9785,97.0635,97.188,97.3162,97.5522,97.9144,98.3289,98.6558,98.8333,98.9416,99.0256,99.1565,99.1846,99.2505,99.2633,99.2828,99.3327,99.3374,99.377,99.4378,99.4648,99.4973,99.5735,99.629,99.6663,99.6948,99.7407,99.7309,99.7898,99.7982,99.8258,99.8285,99.8336,99.8551,99.8795,99.8968,99.9433,99.9482,100.006,100.031,100.052,100.084,100.105,100.112,100.127,100.142,100.13,100.122,100.15,100.162,100.177,100.201,100.245,100.263,100.281,100.309,100.332,100.362,100.388,100.403,100.38,100.382,100.402,100.393,100.411,100.42,100.396,100.381,100.39,100.432,100.44,100.427,100.456,100.445,100.453,100.454,100.452,100.473,100.477,100.48,100.485,100.476,100.512,100.514,100.545,100.597,100.589,100.589,100.591,100.618,100.654,100.661,100.686,100.688,100.67,100.67,100.701,100.708,100.687,100.702,100.696,100.687,100.685,100.699,100.726,100.719,100.725,100.76,100.734,100.729,100.725,100.709,100.671,100.647,100.645,100.67,100.649,100.621,100.604,100.6,100.623,100.635,100.643,100.635,100.608,100.612,100.612,100.628,100.617,100.592,100.608,100.591,100.585,100.57,100.562,100.575,100.57,100.571,100.582,100.572,100.591,100.599,100.608,100.606,100.617,100.604,100.607,100.607,100.597,100.569,100.555,100.531,100.513,100.495,100.475,100.453,100.437,100.431,100.424,100.438,100.446,100.446,100.432,100.452,100.471,100.486,100.488,100.514,100.505,100.509,100.497,100.504,100.501,100.483,100.479,100.472,100.451,100.457,100.453,100.474,100.486,100.506,100.523,100.501,100.518,100.534,100.505,100.517,100.506,100.486,100.48,100.488,100.5,100.501,100.477,100.473,100.481,100.483,100.501,100.479,100.462,100.473,100.471,100.482,100.49,100.451,100.456,100.462,100.457,100.452,100.426,100.41,100.4,100.409,100.45,100.479,100.449,100.461,100.471,100.481,100.485,100.51,100.502,100.483,100.469,100.474,100.465,100.458,100.461,100.451,100.438,100.454,100.456,100.469,100.498,100.506,100.499,100.493,100.508,100.526,100.534,100.559,100.558,100.556,100.578,100.616,100.634,100.619,100.589,100.584,100.572,100.557,100.542,100.558,100.56,100.568,100.577,100.594,100.623,100.625,100.624,100.64,100.621,100.603,100.604,100.619,100.626,100.612,100.604,100.617,100.609,100.623,100.625,100.643,100.667,100.68,100.686,100.702,100.719,100.735,100.718,100.721,100.707,100.687,100.671,100.675,100.686,100.691,100.687,100.693,100.697,100.704,100.723,100.73,100.728,100.693,100.686,100.69,100.7,100.706,100.72,100.731,100.763,100.76,100.776,100.774,100.776,100.785,100.782,100.775,100.77,100.744,100.766,100.787,100.795,100.79,100.791,100.796,100.817,100.796,100.81,100.813,100.81,100.805,100.826,100.847,100.863,100.828,100.849,100.815,100.796,100.779,100.793,100.799,100.796,100.807,100.831,100.819,100.855,100.867,100.902,100.909,100.896,100.873,100.844,100.873,100.914,100.92,100.913,100.914,100.927,100.936,100.947,100.966,100.926,100.912,100.91,100.928,100.951,100.975,100.943,100.958,100.963,101.001,101.009,101.04,101.053,101.054,101.016,101.095,101.096,101.097,101.082,101.086,101.087,101.099,101.13,101.146,101.133,101.162,101.191,101.199,101.161,101.187,101.201,101.119,101.141,101.156,101.128,101.138,101.159,101.198,101.146,101.124,101.146,101.161,101.149,101.198,101.181,101.188,101.215,101.239,101.247,101.273,101.226,101.205,101.2,101.22,101.175,101.161,101.13,101.126,101.146,101.165,101.197,101.184,101.204,101.28,101.258,101.342,101.353,101.339,101.376,101.402,101.411,101.405,101.401,101.463,101.409,101.412,101.442,101.425,101.413,101.444,101.456,101.41,101.345,101.342,101.371,101.357,101.351,101.408,101.283,101.298,101.34,101.349,101.332,101.323,101.32,101.321,101.251,101.346,101.31,101.207,101.303,101.356,101.344,101.414,101.457,101.509,101.537,101.523,101.629,101.681,101.745,101.79,101.775,101.794,101.721,101.746,101.819,101.81,101.778,101.729,101.805,101.811,101.722,101.78,101.677,101.637,101.657,101.557,101.574,101.483,101.451,101.539,101.477,101.63,101.687,101.689,101.666,101.718,101.712,101.79,101.769,101.843,101.868,101.855,101.868,101.972,101.934,101.936,101.857,101.724,101.78,101.777,101.677,101.719,101.622,101.686,101.659,101.578,101.669,101.672,101.582,101.807,101.864,102.016,101.956,102.076,102.379,102.358,102.474,102.585,102.308,102.213,102.084,102.054,101.941,101.844,102.106,101.874,101.703,101.867,102.012,102.163,102.177,102.169,101.912,101.694,101.716,101.786,101.699,101.582,101.465,101.412,101.275,101.329,101.199,101.208,101.178,101.346,101.228,101.226,101.333,101.671,101.529,101.743,101.712,101.485,101.353,101.485,101.304,101.198,101.115,101.236,101.13,101.03,101.431,101.437,101.063,101.494,101.714,101.874,101.96,101.899,102.022,101.877,101.958,102.644,102.606,102.253,102.037,102.046,102.226,102.162,102.25,102.222,101.787,101.325,101.561,101.478,101.245,101.164,101.391,100.974,100.622,100.752,100.976,100.859,100.742,100.826,100.837,100.61,100.944,101.006,100.709,100.734,100.759,100.591,100.663,100.623,100.601,100.567,100.551,100.654,100.491,100.168,99.9508,100.04,100.061,99.9196,99.899,100.124,100.227,100.436,100.449,101.103,101.086,101.089,101.146,101.456,101.486,101.329,101.194,101.299,101.142,100.485,100.654,100.993,100.704,100.313,100.394,100.147,100.407,100.34,100.579,100.649,100.502,100.503,101.208,101.139,101.812,101.466,101.283,101.487,101.08,101.085,101.119,100.441,100.454,100.012,100.234,100.584,100.759,100.817,100.664,100.547,100.559,100.897,100.476,100.267,100.255,100.116,100.279,100.487,100.093,100.254,99.9203,100.069,100.081,99.8748,99.932,99.9208,99.955,100.365,100.549,100.56,101.018,101.175,101.448,101.354,101.284,101.451,101.719,101.294,101.435,101.216,101.002,100.889,100.854,100.752,100.63,100.1,100.44,100.871,100.968,100.932,100.653,100.876,100.894,100.921,101.507,101.418,100.961,100.545,100.49,100.809,100.651,100.647,100.86,100.899,100.812,101.146,101.469,101.861,101.788,101.51,101.579,101.522,101.525,101.638,101.342,101.09,101.155,101.359,101.796,101.9,101.939,102.1,101.896,101.935,102.076,101.987,102.024,102.275,102.431,102.27,102.356,102.659,103.149,103.16,103.063,102.764,102.914,102.965,102.999,102.692,102.808,102.444,102.938,122.712,19.0164,-556.923,15.8904,
F_1743A2/158_F_None_0.50_SI2,99.906,0.839027,-1.67886,108.385,99.7571,40.1974,573.272,106.825,0.00811661,-0.996791,1.87684,-63.4459,2988.81, ,400,93.7662,-0.298507,-143.582,90.8124,91.9776,92.6072,92.8275,93.2666,92.937,93.3706,94.3757,93.897,93.8368,93.2646,93.1729,93.4163,93.1488,93.6329,93.8328,93.4168,93.5408,94.0419,94.1823,93.5743,93.4625,93.3336,92.9337,93.6324,93.7478,93.7927,94.2301,93.9263,94.8057,95.155,96.088,96.5989,95.9009,96.093,96.3246,95.8418,96.166,95.8773,95.4843,94.8409,94.9224,94.7081,94.7115,94.93,94.8317,94.6026,95.3732,95.5939,95.894,95.087,95.2733,95.3986,95.4515,95.1632,95.5175,94.9795,94.953,94.2893,95.3173,95.2574,94.7828,94.6906,94.5022,94.3475,93.5121,93.6516,94.5497,93.6384,93.4638,93.6188,93.5647,93.5232,93.9256,94.9807,94.5315,93.6099,93.6617,94.0555,94.1948,94.5611,95.12,94.9053,93.8561,94.4103,94.8714,95.118,95.1899,95.3106,95.3106,95.417,95.3221,95.3077,94.6819,94.6819,94.8977,94.7672,94.7302,94.2913,93.7265,94.0387,95.1561,95.606,95.3157,95.4275,95.1797,95.413,95.8148,96.3929,96.3797,95.8589,95.6013,95.2655,95.0602,95.2492,94.6309,94.0989,94.0804,93.5384,93.561,94.1753,94.7673,94.6767,94.3681,94.1612,94.1359,93.9652,93.8467,93.6982,93.9093,93.9294,93.9669,93.5946,93.9605,93.6321,93.4082,93.5585,93.0978,92.5139,92.3477,92.1787,92.297,92.1152,92.3859,92.54,92.4741,92.6045,92.6358,92.8596,92.9725,92.9436,92.8472,93.1384,93.0412,92.7707,93.0647,93.1335,93.415,93.5137,93.7156,93.9666,93.9301,94.0719,94.5076,94.5301,94.6169,94.2859,94.4248,94.6458,94.7095,94.5506,94.8053,94.6093,94.9826,95.0898,95.3693,95.2769,95.3832,95.2579,95.4223,95.3539,95.4716,95.2164,94.8903,94.8515,94.7974,94.6372,94.6832,94.5913,94.4634,94.2565,94.3564,94.5112,94.5699,94.6108,94.6647,94.7245,94.8953,95.0704,95.2862,95.4429,95.421,95.4386,95.4701,95.4584,95.3939,95.3127,95.3278,95.3243,95.3431,95.4198,95.4355,95.4521,95.4382,95.4375,95.434,95.4192,95.3943,95.3606,95.2715,95.1972,95.1063,95.0551,94.9929,94.9611,94.9208,94.8815,94.8108,94.7945,94.76,94.7505,94.7015,94.6359,94.5433,94.4076,94.3428,94.3088,94.2579,94.2716,94.2648,94.3137,94.4395,94.5085,94.5855,94.5991,94.5633,94.5278,94.5058,94.4926,94.4164,94.4668,94.5078,94.5965,94.6043,94.6999,94.7823,94.9255,94.9682,94.9228,94.6538,94.4672,94.2472,94.1846,94.3188,94.2227,94.1417,94.2616,94.3707,94.5011,94.527,94.9373,95.1756,95.3965,96.087,96.1208,96.0219,96.4082,96.5789,96.9924,96.8551,97.1048,97.1253,96.8231,97.1064,97.3355,97.6774,98.1832,98.5759,99.2235,99.5458,99.9716,100.795,101.296,101.55,101.936,102.224,102.203,102.067,102.062,102.27,102.219,102.543,102.831,102.834,103.048,102.971,103.107,103.398,103.561,103.603,103.338,103.38,103.055,103.028,103.218,103.377,103.426,103.251,103.276,103.455,103.932,104.374,104.385,104.264,104.565,104.29,104.451,104.423,104.184,103.417,102.956,102.913,103.078,102.793,102.969,102.998,102.962,103.033,103.074,103.497,103.413,103.342,102.987,102.749,102.688,102.511,102.412,102.423,102.018,102.022,101.815,101.995,102.061,102.049,102.124,102.463,102.176,102.238,102.233,102.249,102.218,102.084,101.761,101.427,101.039,101.084,100.965,100.62,100.484,100.253,100.372,100.4,100.548,100.519,100.707,100.806,100.844,100.819,100.933,100.737,100.618,100.321,100.09,99.9135,99.8232,99.7734,99.9202,99.7425,99.6827,99.5905,99.5927,99.5943,99.5636,99.6256,99.6595,99.5869,99.6199,99.4733,99.6129,99.7667,100.062,100.093,99.6858,99.6348,99.6719,99.6782,99.5915,99.31,99.2096,98.9265,98.8636,98.9695,98.7248,98.606,98.6033,98.9107,99.1292,98.9667,99.1571,99.2242,99.3995,99.6644,99.6354,99.4573,99.2211,99.1666,99.1968,99.035,98.8563,98.821,98.8446,98.7455,99.0851,99.2965,99.4502,99.4397,99.4394,99.5539,99.5787,99.4637,99.3378,99.1263,99.0951,99.0172,99.1901,99.1671,99.2445,98.9454,99.2319,99.1922,99.4332,99.1134,99.0677,98.937,99.0676,98.9302,99.0471,98.9051,99.308,98.9959,99.1874,99.1677,99.0768,98.8352,99.222,99.2628,99.1545,99.006,99.1239,99.1371,99.0935,99.3335,99.4658,99.2389,99.2007,99.2426,99.4021,99.4053,99.5071,99.4676,99.4756,99.5206,99.6143,100.005,100.017,99.9487,99.86,100.1,100.082,100.044,100.219,100.175,99.9263,99.9854,99.9319,100.073,100.107,100.266,100.482,100.402,100.264,100.132,100.048,100.163,100.042,99.5501,99.5112,99.0771,98.7996,99.2173,99.4191,99.5055,99.3175,99.4272,99.4907,99.3672,99.551,99.9093,99.5818,99.6839,99.7301,99.9729,100.272,100.64,100.832,101.245,101.356,101.289,101.255,101.371,101.314,101.004,100.938,101.006,100.752,100.365,100.309,99.8256,99.598,99.7797,99.6822,99.3383,99.1692,98.9962,99.4681,99.3504,99.8618,99.6541,99.3133,99.4109,99.6406,99.6838,99.7776,99.3931,99.9099,99.9087,100.422,100.687,100.67,100.988,101.054,101.286,101.444,101.469,101.433,101.365,100.896,100.833,100.586,100.762,100.79,100.53,100.486,100.558,100.11,100.787,100.996,100.976,100.836,100.411,100.909,100.652,100.873,100.976,100.838,100.384,100.613,100.602,101.405,100.639,100.849,100.036,100.179,99.8109,100.477,100.611,100.727,100.365,100.611,100.617,101.099,101.042,101.315,101.383,100.875,100.742,100.484,100.767,101.089,100.771,100.784,101.2,100.751,101.149,101.135,101.009,101.225,100.573,100.462,100.261,99.7244,100.391,100.056,100.182,100.406,100.122,100.746,101.086,101.404,100.98,100.58,100.656,100.524,99.8489,100.32,100.286,100.292,99.9924,100.453,100.07,99.7552,101.041,101.759,101.414,101.397,100.637,100.515,101.155,101.632,102.546,101.074,101.133,101.199,101.215,101.591,102.916,102.536,102.3,101.05,101.815,101.725,101.529,101.616,102.995,101.697,101.665,102.239,103.633,101.937,102.755,103.256,102.705,101.765,103.582,102.575,102.76,102.16,104.005,102.886,102.169,102.718,103.423,102.913,101.431,100.594,100.604,100.537,100.62,100.948,100.065,99.6546,98.8992,101.787,101.371,101.468,100.952,101.974,101.657,101.294,101.992,101.244,100.469,100.478,99.9798,99.7737,98.6379,100.187,100.512,101.292,103.236,102.925,103.473,102.717,103.873,104.177,104.711,103.895,101.559,101.306,100.242,100.243,102.472,100.947,99.8313,97.3038,100.681,102.427,98.6765,101.019,101.327,99.6652,102.159,105.897,107.503,106.564,105.361,108.781,107.157,107.725,111.238,107.396,104.541,101.439,101.676,100.345,100.15,101.271,101.115,98.621,98.9964,99.5592,99.3404,99.3251,101.494,101.303,102.948,103.673,107.196,111.71,108.992,110.552,105.989,104.34,105.936,104.894,106.379,106.811,105.954,107.975,111.788,114.049,113.43,112.175,115.556,112.785,112.472,110.221,112.842,107.87,106.303,109.735,107.376,103.494,102.281,100.271,101.952,98.9157,102.794,103.883,101.678,103.282,107.118,106.174,102.877,103.724,106.074,101.417,105.117,107.797,109.575,101.966,103.966,103.094,103.106,101.95,106.087,106.744,107.797,105.562,112.044,109.115,116.506,118.202,117.511,114.492,110.568,110.201,111.255,110.612,114.766,110.173,102.161,102.231,99.9116,100.814,98.5973,105.841,106.912,106.241,101.688,102.142,103.576,107.345,102.171,106.944,102.981,102.554,100.34,102.467,99.9177,97.2321,97.481,102.856,105.265,103.36,100.728,97.5013,95.1419,98.7051,99.9181,102.256,103.409,97.3346,94.7245,97.0622,102.856,106.664,109.08,110.136,108.949,106.735,108.651,112.466,106.005,100.303,100.293,95.2196,94.6841,97.383,95.1056,93.0614,93.7051,97.0045,95.5081,95.1457,99.6041,99.9334,97.3644,97.9878,96.0661,94.6605,93.3776,99.279,97.601,95.6164,95.7979,97.7006,98.6098,97.968,97.7152,96.8237,91.3,91.9808,94.082,93.0894,88.2023,89.7544,93.124,91.8596,92.1905,96.144,96.873,93.9787,94.1008,94.8083,90.8701,88.5629,90.8898,90.2869,90.2228,89.7014,90.123,89.3085,90.4927,93.9274,94.8947,93.9569,97.1163,95.5016,95.8733,97.8586,99.2205,99.5239,101.732,101.563,100.974,97.1474,99.5475,99.4094,97.2027,96.8696,95.5243,92.3625,92.1349,91.1041,93.3851,91.8411,92.9654,94.7771,93.1996,93.6601,93.4279,94.4859,94.1694,93.3269,93.5025,93.4,91.4018,93.0483,94.9515,96.0094,94.6689,96.2827,97.6183,98.3095,96.4503,98.22,97.6285,97.7329,95.9963,96.7504,95.6411,94.8782,94.0741,93.7686,92.468,91.6643,90.606,91.5458,90.8158,90.789,90.6503,91.3917,92.5086,92.3742,92.8449,91.6479,92.1047,93.2335,94.8549,95.1515,95.2046,93.8362,94.613,95.8681,96.7046,95.1902,94.1335,94.1682,93.7556,93.8529,94.133,93.3214,92.7986,91.4322,91.5094,91.3464,90.6932,89.8552,89.1136,90.3974,90.8498,91.4505,92.7868,93.8368,94.5891,93.5729,94.5737,92.7452,92.8001,93.3279,91.5877,91.9194,92.3757,91.3349,92.6091,91.8794,94.0007,94.1822,95.2513,95.9212,96.3128,95.1885,96.1137,95.1704,95.8696,97.1566,95.6255,93.9243,92.6856,91.2382,91.9298,91.2891,92.0825,91.7217,87.8833,34.3885,-164.828,86.1871,317.358,
W_3520A2/225_J_None_0.55_VS2,95.1489,0.134451,3.22938,83.6804,87.9715,91.0185,576.806,73.2918,0.0328463,-2.03196,3.23217,87.6159,6163.97, ,0,-128.649,-112.727,214.545,84.5903,84.889,84.1767,84.4775,84.6786,84.5265,84.942,84.9709,85.4116,85.3981,85.3956,85.4819,85.0304,85.2736,85.6005,85.3332,85.1172,84.642,84.3118,84.5664,84.8413,85.1695,84.5269,84.4213,84.5707,85.0244,85.7357,85.5692,85.0009,84.9339,85.0745,85.2904,85.2525,84.8089,84.1447,84.2003,84.6348,84.6467,84.0477,83.7821,83.947,83.8508,84.6026,84.8244,84.0718,83.7067,83.5107,84.3578,84.6862,84.7729,84.9987,84.6974,84.605,85.153,85.2325,85.8339,85.7097,85.4454,84.9859,84.922,84.8468,84.8154,84.308,84.234,83.9042,83.4908,83.2738,83.2093,83.012,82.7751,83.0192,83.5686,83.3601,82.9005,83.2653,83.3833,83.7062,83.4179,83.1624,83.1059,83.1754,83.5136,83.9522,83.8902,84.1939,83.9466,84.3022,84.7632,84.3351,83.5862,83.2149,83.3653,83.0571,82.5472,82.381,82.4431,82.6689,83.0344,83.282,83.721,83.356,83.7572,84.0195,84.2606,84.0928,83.7437,83.6455,83.7053,83.6478,84.0774,83.9045,83.8509,83.8711,84.0128,84.2651,84.2528,84.5204,84.2807,83.971,83.7737,83.8464,84.3709,84.2699,84.0201,84.1329,84.0443,84.6733,84.7882,85.1288,85.0275,84.3083,84.3024,84.4614,84.3158,84.1709,83.7425,83.6502,83.4709,83.9629,84.104,84.2454,84.1456,84.2315,84.1962,84.4305,84.6439,84.7453,84.2874,84.6087,84.6917,84.7802,84.9727,85.1566,84.749,84.7438,84.9136,85.1443,84.9592,85.0574,85.03,84.6965,84.858,85.1,84.9182,84.7603,84.6572,84.6899,84.2721,84.3752,84.5198,83.9586,83.9992,84.2354,84.0356,83.9725,83.6491,83.7533,83.5709,83.6079,83.8476,83.7199,83.435,83.3855,83.18,83.3168,83.2195,83.0213,82.7318,82.6555,82.4124,82.1998,82.1918,82.2271,82.0625,81.8922,82.0195,81.9376,81.7106,81.5483,81.4589,81.267,80.9394,80.7878,80.6329,80.5455,80.3135,80.2417,80.3103,80.2405,80.1225,79.9708,79.9845,79.8241,79.6353,79.914,79.877,79.8432,79.9954,79.8898,79.9464,79.713,79.6133,79.3784,78.9538,78.4912,78.2811,77.8885,77.7178,77.4908,77.2037,76.9813,76.7807,76.526,76.2872,75.6999,75.1858,74.6026,74.1238,73.7586,73.2864,72.7827,72.2175,71.805,71.4324,71.0064,70.6351,70.2633,69.9821,69.8077,69.6849,69.7162,69.7394,69.7815,69.8001,69.8432,69.8162,69.7865,69.8388,69.9091,70.1108,70.3588,70.7202,71.1064,71.4924,71.9079,72.3283,72.7513,73.217,73.6121,74.0041,74.2373,74.2948,74.2463,74.2844,74.5189,74.834,75.1515,75.5176,75.9157,76.398,77.0954,77.8858,78.5447,78.988,79.3318,79.6243,79.8742,80.0649,80.2989,80.506,80.6612,80.7957,80.9245,81.0321,81.2088,81.3499,81.4972,81.6635,81.783,81.9279,82.0742,82.2023,82.2952,82.3865,82.4901,82.6288,82.7071,82.7865,82.8599,82.9448,83.03,83.1337,83.2469,83.3558,83.3993,83.4741,83.5688,83.6437,83.6919,83.7423,83.8039,83.8327,83.865,83.9226,83.9576,83.9996,84.0649,84.1431,84.2103,84.2685,84.3205,84.3907,84.4542,84.5204,84.5812,84.6003,84.644,84.672,84.7096,84.7517,84.7825,84.7994,84.8247,84.8681,84.9362,84.961,85.0048,85.0207,85.0362,85.0702,85.1001,85.1105,85.1249,85.1147,85.1313,85.1587,85.1951,85.2487,85.285,85.3355,85.4253,85.4866,85.5657,85.6404,85.7078,85.7874,85.8605,85.9312,85.9851,86.0197,86.0435,86.1221,86.1511,86.1903,86.2208,86.2448,86.2559,86.3161,86.3636,86.4277,86.4556,86.5172,86.5555,86.5871,86.6316,86.67,86.684,86.7152,86.7388,86.7669,86.8199,86.8534,86.8789,86.9064,86.961,87.0151,87.0627,87.0947,87.1272,87.1489,87.1906,87.2429,87.2979,87.2995,87.312,87.336,87.3701,87.3969,87.4084,87.4286,87.4507,87.4619,87.4929,87.5172,87.5199,87.5312,87.5429,87.5476,87.5573,87.574,87.561,87.5604,87.5661,87.5798,87.5701,87.564,87.5572,87.5639,87.542,87.5413,87.5418,87.5408,87.5278,87.5313,87.536,87.5408,87.506,87.5294,87.5368,87.5344,87.5358,87.537,87.5539,87.5471,87.534,87.5256,87.4903,87.4913,87.4839,87.4612,87.4408,87.4303,87.426,87.4404,87.4651,87.4805,87.4713,87.4788,87.4804,87.5095,87.5029,87.4877,87.4973,87.4872,87.4672,87.4679,87.4773,87.4989,87.4956,87.5017,87.5108,87.5372,87.5568,87.6038,87.6037,87.6138,87.6357,87.6669,87.6858,87.7155,87.692,87.7192,87.7248,87.7588,87.7973,87.8158,87.8255,87.8512,87.8879,87.9757,88.0303,88.0611,88.1068,88.1434,88.189,88.2372,88.3003,88.3456,88.3485,88.3807,88.4398,88.4849,88.5367,88.5784,88.6345,88.6644,88.7219,88.7835,88.829,88.8925,88.9396,88.9688,89.0292,89.079,89.1509,89.2008,89.2681,89.324,89.3819,89.4519,89.5233,89.5884,89.6232,89.645,89.7079,89.7435,89.7856,89.8092,89.8689,89.9281,89.9686,90.0265,90.0919,90.1475,90.1892,90.2279,90.2916,90.3256,90.3571,90.3908,90.4577,90.5066,90.55,90.609,90.6787,90.7023,90.7557,90.793,90.8396,90.8656,90.9052,90.927,90.9769,91.0178,91.0712,91.0932,91.1299,91.1692,91.2017,91.2275,91.2554,91.2773,91.2964,91.3304,91.3607,91.3789,91.4124,91.4602,91.4922,91.5246,91.5426,91.5701,91.5924,91.6214,91.6642,91.703,91.7152,91.7467,91.7702,91.7746,91.8074,91.8348,91.8551,91.8777,91.8751,91.9027,91.9247,91.9742,92.0381,92.0559,92.0789,92.1116,92.1466,92.1817,92.1976,92.2245,92.2168,92.2096,92.2204,92.2402,92.2724,92.2839,92.2853,92.3082,92.3223,92.335,92.3433,92.3744,92.4104,92.4105,92.4398,92.4759,92.491,92.5134,92.5588,92.6253,92.6507,92.6628,92.6822,92.6881,92.7243,92.7539,92.7751,92.7881,92.7916,92.8252,92.8472,92.8686,92.8908,92.8941,92.9063,92.9243,92.9662,92.9977,93.0004,93.0042,93.0495,93.0922,93.111,93.1552,93.1759,93.1807,93.194,93.2004,93.2467,93.2399,93.2422,93.2656,93.2639,93.3084,93.3487,93.4113,93.4517,93.4946,93.5481,93.5953,93.6483,93.6766,93.6764,93.6836,93.6572,93.7134,93.6803,93.6913,93.7282,93.7169,93.7495,93.7423,93.7468,93.7741,93.7973,93.849,93.8699,93.853,93.9196,93.9622,94.0158,94.0347,94.0402,94.0278,94.0048,94.0452,94.0819,94.0187,93.9787,93.9987,94.0203,94.0357,94.0629,94.1654,94.1421,94.168,94.2461,94.2651,94.3087,94.3376,94.3862,94.4182,94.3793,94.4163,94.4039,94.4295,94.5208,94.5336,94.5825,94.6015,94.6561,94.6595,94.6909,94.7773,94.7661,94.7167,94.7156,94.7822,94.7959,94.7194,94.7431,94.686,94.654,94.6829,94.7614,94.7985,94.7695,94.7867,94.8274,94.8106,94.8946,94.8966,94.8673,94.8804,94.8776,94.8351,94.8882,94.9817,95.0802,95.1897,95.2085,95.2279,95.2295,95.3169,95.3926,95.4482,95.4403,95.4206,95.3428,95.4175,95.3978,95.5123,95.5541,95.5426,95.4972,95.4244,95.4324,95.4114,95.3864,95.5105,95.3869,95.3484,95.3246,95.3197,95.4466,95.5111,95.5723,95.5586,95.6129,95.6361,95.7006,95.8248,95.9343,95.9514,95.9936,96.0771,96.0664,96.066,96.055,95.8829,95.8009,95.742,95.6594,95.6865,95.6112,95.6597,95.625,95.7334,95.9864,96.0169,95.9857,95.8904,95.7768,95.7319,95.8299,95.9599,96.0168,95.9668,96.0536,96.1875,96.3203,96.4597,96.6257,96.4878,96.4703,96.25,96.0839,95.8888,95.818,95.9292,95.8864,95.7011,95.9059,95.9606,96.0197,96.1294,96.3903,96.3277,96.1804,96.1245,96.3062,96.1826,96.0372,96.0673,96.0695,95.8055,95.8021,95.7855,95.7351,95.5339,95.4943,95.5074,95.675,95.7319,95.9895,95.7074,95.8402,96.0662,96.1567,96.2227,96.1224,95.8514,95.9447,95.7892,96.0244,95.8293,95.7446,95.8925,95.8224,95.4972,95.7774,95.703,95.7283,95.847,95.9764,95.7465,95.6706,95.5849,96.1326,96.1318,96.1817,96.0731,96.2804,96.0596,96.2787,96.1914,96.1166,95.8,95.6397,95.6329,95.6624,95.379,95.5821,95.4603,95.2642,95.2653,95.4033,95.5068,95.2011,95.313,95.1755,95.0725,94.7894,94.9507,94.7344,94.2896,94.3344,94.2445,94.0259,93.9661,94.1165,94.3552,94.4276,94.2107,94.7111,94.7171,94.4913,94.3474,94.2664,94.1152,93.9177,93.5295,93.824,93.3725,93.0983,93.3514,93.348,93.2835,93.0847,93.078,93.3811,93.5586,93.566,93.5408,93.4046,93.3977,93.1522,93.1518,93.4486,93.3251,93.1175,93.3491,93.1771,93.0425,93.0623,93.1412,93.3371,93.0365,92.975,93.0811,92.8305,92.5501,92.4232,92.4002,92.4918,92.2158,92.2872,92.15,91.8394,91.9999,92.227,92.1893,92.1147,92.28,92.1715,91.8398,91.8175,91.8417,92.0311,91.8488,91.877,92.0689,91.8526,91.8547,92.118,91.882,91.8153,91.2584,91.0895,91.0591,90.9394,91.2531,91.502,91.4167,91.6483,91.9889,92.1145,92.669,92.7281,92.8462,92.2947,91.7108,91.6437,91.5382,90.9297,90.8125,90.2797,90.2155,90.1408,90.4355,90.644,90.9565,90.8303,91.0542,91.2708,91.5179,91.3633,91.1573,90.923,91.3136,91.2033,91.5426,91.8404,91.7156,91.2227,91.1933,91.1298,91.2226,90.7433,90.7679,90.5296,89.9673,89.9044,90.2895,90.5075,90.6127,90.5342,90.7466,90.7436,90.6104,90.9427,90.8223,90.6229,90.4813,90.5753,90.7443,90.6445,90.3788,90.648,90.7115,90.8741,90.6679,90.8803,90.7437,90.5413,90.5041,90.647,90.4977,90.4922,90.5201,90.9573,90.7118,90.704,90.8738,91.2628,91.1602,91.1938,91.1801,91.3111,91.3659,40,40,-920,66.3014,
F_3520A2/225_J_None_0.55_VS2,94.235,2.19374,6.37161,94.0646,85.8191,30.4446,586.204,60.0104,0.0886481,-5.30712,6.73869,71.0014,2865.56, ,200,183.117,-138.806,4.47761,65.1361,65.1948,64.8596,65.0329,65.0847,65.1347,65.2581,65.5284,65.3635,64.6276,64.3908,65.0032,65.3941,65.265,65.7498,65.6584,64.4197,64.3934,65.4352,65.4029,65.3976,64.8798,65.103,64.3701,64.5038,65.0766,64.9492,64.9314,65.2188,65.0792,65.4853,65.7858,66.571,66.7432,67.3127,67.8481,67.5835,67.7525,67.6707,67.2987,66.8033,66.585,66.6473,66.1254,65.9561,65.7772,65.7242,65.9632,66.3364,66.4167,65.9498,65.5892,65.8921,65.411,65.2947,65.1362,65.016,64.7419,64.8053,65.5961,65.0986,64.9019,65.0815,65.1976,65.1545,65.0801,65.4517,65.8727,65.0974,65.8399,66.1086,65.9783,66.0542,66.3709,66.2964,66.1132,65.6452,66.2346,65.9128,65.7516,65.9726,66.6495,66.4936,66.7043,66.8503,66.9052,66.7683,66.9135,67.0763,67.0763,66.4317,66.5863,66.2704,65.8588,66.1824,65.9397,66.0629,65.7949,65.7531,65.2986,65.0653,65.4313,65.6716,65.2953,65.5193,64.9653,65.5046,65.8691,66.3298,66.4817,66.3868,66.2731,66.3437,66.3457,67.224,66.7282,66.7803,67.2236,67.119,66.9977,67.4471,67.7805,67.6052,66.9453,66.8173,66.3096,66.1412,66.3704,66.6293,66.4364,66.3222,66.3418,66.7801,66.7373,66.6009,66.6961,66.6783,66.3922,66.5337,66.3539,66.1241,65.9892,65.8353,66.0431,65.6903,65.3594,65.3232,65.0707,65.2506,65.1262,65.0416,65.207,65.2939,65.494,65.5032,65.7646,66.0474,66.117,66.4945,66.43,66.3149,66.1673,66.1173,66.2437,66.3126,66.0451,66.0455,66.0332,66.0296,66.1957,66.3396,66.4532,66.2636,66.1358,66.1537,66.1607,65.9658,66.0993,66.1675,66.1065,66.0768,66.2686,66.2579,66.3102,66.2493,66.3058,66.1532,66.1237,66.1469,66.1614,65.9962,66.0842,66.0598,66.1156,66.1507,66.1544,66.0958,66.1874,66.2396,66.2979,66.2774,66.2337,66.2416,66.3041,66.3016,66.2398,66.2025,66.1882,66.1596,66.1757,66.2249,66.2467,66.2283,66.241,66.2453,66.2491,66.225,66.2164,66.1751,66.1148,66.0308,65.9689,65.8922,65.8387,65.7738,65.7547,65.7113,65.6854,65.6676,65.7101,65.7273,65.7464,65.7292,65.7238,65.6805,65.7093,65.7945,65.8459,65.8873,66.0164,66.1268,66.318,66.4797,66.6437,66.7683,66.766,66.8702,66.9355,67.012,67.0782,67.2176,67.4255,67.675,67.8525,68.1593,68.3654,68.6085,68.6159,68.7046,68.6448,68.6163,68.6199,68.7904,69.0754,69.1784,69.3433,69.9604,70.2927,70.5102,70.5979,70.8514,70.9304,70.7065,70.8573,71.0027,70.8149,70.9848,71.1724,71.5799,71.6215,71.9009,72.4749,72.3608,72.5618,72.7519,72.9385,73.4083,73.445,73.9065,74.2297,74.1315,74.8215,75.0326,75.101,75.3202,75.4384,75.5736,75.6078,75.4531,75.6819,75.8396,76.2387,76.4839,76.6158,76.5617,76.5181,76.5144,76.8637,77.179,77.069,76.972,77.3117,77.4383,77.6075,77.7508,77.94,77.8813,77.688,77.9698,78.224,78.2853,78.3538,78.3728,78.3685,78.5596,78.4887,78.5487,78.4307,78.2621,78.1544,78.1904,78.3352,78.5365,78.4547,78.5768,78.8477,78.8971,78.7706,78.6829,78.7749,78.7345,78.6667,78.6286,78.5387,78.6147,78.7208,78.8287,78.8793,78.7272,78.8513,78.7337,78.9488,79.3586,79.3869,79.5043,79.5616,79.587,79.6078,79.8437,79.9978,80.0191,80.0453,79.9942,79.9362,79.7861,79.9859,80.063,79.8486,79.915,79.9647,79.9564,80.0415,80.1029,80.4954,80.5429,80.6932,80.7752,80.8201,80.7793,80.6416,80.5917,80.5904,80.5334,80.705,80.8877,80.9394,81.2115,81.3146,81.6645,81.9317,82.005,82.1131,82.0474,82.0342,82.096,82.0153,82.1527,82.0176,81.7726,81.9152,82.0731,82.2714,82.2382,82.3659,82.5513,82.5935,82.7059,82.9615,82.9576,83.0542,82.938,82.8787,82.9449,82.8708,83.1915,83.3737,83.4231,83.5239,83.5723,83.815,84.0121,84.1291,84.1453,83.8876,83.6431,83.6299,83.5835,83.5864,83.4629,83.6114,83.7686,83.8834,84.0412,84.241,84.3445,84.3654,84.456,84.5305,84.3934,84.1772,84.0171,84.0105,84.0357,83.9435,84.0092,83.992,83.8967,83.9762,84.2112,84.2936,84.0653,83.9238,84.0014,83.8495,83.7436,83.9157,83.8405,83.6891,83.9146,84.1747,84.233,84.2293,84.6645,84.4221,84.4667,84.5916,84.6668,84.6721,84.6591,84.7126,84.6934,84.4869,84.8113,84.6624,84.494,84.59,84.5151,84.7154,84.9121,85.0962,85.1688,85.34,85.391,85.7302,85.5538,85.6715,85.6171,85.7843,85.7774,85.936,85.9889,86.2431,86.1156,86.0862,86.0806,86.1215,86.1672,86.5516,86.5301,86.1862,86.0382,86.06,86.2845,86.4349,86.5047,86.4223,86.1508,86.054,86.2966,86.7486,86.9678,87.0374,87.0774,86.9231,87.2052,87.438,87.7528,88.2678,87.9616,88.2408,88.6412,88.9341,89.3317,89.4035,89.4156,89.4063,89.3205,89.1839,89.1846,88.9447,88.9203,88.6803,88.5439,88.3625,88.6292,88.6237,89.1122,88.8473,89.0474,89.0807,89.3603,89.1278,89.4427,89.2108,89.4053,89.4074,89.7713,89.6806,89.9665,89.9426,90.4786,90.4792,90.495,90.3283,90.4859,90.4806,90.6159,90.41,90.5159,90.5528,90.4635,90.6599,90.8017,91.5536,91.7589,91.5177,91.7,91.7863,91.8757,92.1996,92.4776,92.3609,91.7708,91.795,92.0773,92.4306,92.7859,92.9453,93.2318,93.0471,93.3323,93.0143,92.9889,93.1424,92.7005,92.122,91.9098,92.2962,92.7457,92.8267,93.6362,93.6761,94.0124,93.9775,94.9122,95.1635,94.9453,94.8937,94.4165,93.6073,93.3815,93.0605,93.4462,92.9179,92.6501,92.4321,92.4226,92.9285,93.7391,94.1513,94.6567,94.9118,95.0042,95.6308,95.801,95.4893,96.1925,96.2943,95.9346,95.4372,95.3267,95.5089,95.3339,95.5188,95.7199,95.5543,95.1245,95.5285,96.1708,96.2234,97.2051,97.139,96.9527,97.1214,97.3819,97.7975,97.9394,97.3466,97.0827,96.5479,97.1971,97.7806,98.0272,97.8244,98.3384,97.5475,97.163,97.8505,97.8123,97.2121,96.6088,95.8594,95.9383,94.7088,96.1983,98.1007,97.3494,96.8489,96.7128,96.939,97.1244,97.0849,98.1483,98.6388,97.2667,97.977,98.1636,99.0888,98.6603,99.3082,99.2949,99.1586,97.958,100.204,100.204,100.416,100.14,100.79,101.16,101.31,101.699,102.541,101.501,100.228,100.228,100.542,101.263,101.193,101.125,100.57,99.9178,100.083,101.89,101.562,101.661,101.675,103.442,103.352,103.471,104.406,103.304,102.441,102.587,100.806,100.514,98.2458,99.274,100,100.657,102.247,102.721,105.71,105.124,105.48,105.809,105.377,104.967,104.359,104.266,101.615,99.1893,101.666,101.393,101.406,100.281,101.844,102.89,100.575,104.647,105.127,106.087,106.571,110.377,111.723,111.842,109.442,114.106,113.486,114.599,114.47,111.893,108.24,108.485,106.665,107.853,104.51,102.803,101.923,99.4254,101.544,103.807,101.237,105.062,104.834,104.718,108.984,111.625,116.662,120.709,114.066,113.885,107.003,109.509,110.934,107.55,103.216,100.549,98.0881,102.492,107.801,110.807,107.359,105.968,110.933,112.848,112.534,111.892,114.233,108.251,108.277,112.087,111.322,109.058,109.057,109.826,108.414,105.083,108.598,105.034,101.398,103.73,101.514,101.837,102.582,103.04,107.689,105.221,112.794,114.515,115.118,111.879,110.116,103.57,104.38,104.063,104.113,101.606,102.903,97.9849,100,98.8006,101.244,102.844,100.4,104.164,104.096,105.347,111.759,111.517,114.406,116.509,109.904,111.156,104.422,105.427,105.26,105.933,111.208,110.401,105.775,105.354,107.794,110.227,102.713,100,97.8082,95.5971,91.4939,93.6204,88.8946,86.1605,88.6237,90.3412,92.5964,93.538,88.265,85.8942,84.4699,92.7162,91.8075,88.3325,87.6029,87.4132,80.9111,84.2365,86.4531,85.0257,83.524,86.9776,87.7312,90.6852,89.4593,92.019,90.1188,90.1562,90.4805,88.411,87.6462,89.8228,82.4214,79.0468,79.9395,78.5104,75.9589,77.9641,80.2062,77.676,75.2511,79.5538,79.0407,77.6484,77.1964,81.6469,82.6739,82.3993,82.8094,82.4351,83.4506,83.941,83.1813,83.4955,79.5463,77.4803,77.874,75.9974,74.9429,72.894,72.2036,71.199,70.3617,71.6751,71.0986,69.2043,68.2522,65.889,65.0917,66.8083,67.2665,66.801,65.2653,63.9018,64.6018,68.0271,71.7488,72.6567,69.5643,69.3099,71.7964,72.1163,72.9945,75.1178,74.2177,72.029,72.2518,74.2449,75.6491,73.8747,75.2519,75.6724,72.9964,71.9346,72.125,71.4885,70.4418,70.2202,69.0797,69.0912,69.1314,70.5002,70.5157,70.9221,70.4137,70.5992,69.7082,69.9598,70.3663,71.1662,70.4709,70.4111,70.3866,70.3459,70.3581,71.8964,73.3745,71.9728,69.3537,68.4659,68.5939,70.806,70.4441,70.3164,69.632,67.7592,68.0285,68.0285,67.9229,66.4343,64.9238,65.858,65.7885,64.4489,65.5216,65.5463,67.0462,66.9413,67.9959,67.266,66.8037,67.8792,69.853,69.4203,69.755,69.3794,69.0893,69.5123,70.2188,70.363,68.4876,66.9991,66.541,66.152,65.3925,65.1802,65.2215,63.9447,62.9466,64.4586,64.8492,64.5113,64.5873,65.1653,66.7935,66.5176,66.978,68.1601,67.0805,66.2622,68.6944,66.8272,66.2102,64.6067,64.303,64.2303,63.8261,63.4817,64.3359,62.3432,64.3032,65.0181,67.0805,66.6706,67.8307,68.2368,69.2489,67.268,68.5084,68.2712,68.659,67.385,67.45,66.1435,67.3259,67.02,69.5022,68.1175,67.3909,36.6906,-175.862,-32.3741,175.472,
W_Calibration,100,0,0,95.0422,100,108.876,565.016,99.9909,1.74827e-05,0.00127928,0,0,6504.1, ,100,100,100,100,100,100,100,100,100,100,100,100,100,100,100,100,100,100,100,100,100,100,100,100,100,100,100,100,100,100,100,100,100,100,100,100,100,100,100,100,100,100,100,100,100,100,100,100,100,100,100,100,100,100,100,100,100,100,100,100,100,100,100,100,100,100,100,100,100,100,100,100,100,100,100,100,100,100,100,100,100,100,100,100,100,100,100,100,100,100,100,100,100,100,100,100,100,100,100,100,100,100,100,100,100,100,100,100,100,100,100,100,100,100,100,100,100,100,100,100,100,100,100,100,100,100,100,100,100,100,100,100,100,100,100,100,100,100,100,100,100,100,100,100,100,100,100,100,100,100,100,100,100,100,100,100,100,100,100,100,100,100,100,100,100,100,100,100,100,100,100,100,100,100,100,100,100,100,100,100,100,100,100,100,100,100,100,100,100,100,100,100,100,100,100,100,100,100,100,100,100,100,100,100,100,100,100,100,100,100,100,100,100,100,100,100,100,100,100,100,100,100,100,100,100,100,100,100,100,100,100,100,100,100,100,100,100,100,100,100,100,100,100,100,100,100,100,100,100,100,100,100,100,100,100,100,100,100,100,100,100,100,100,100,100,100,100,100,100,100,100,100,100,100,100,100,100,100,100,100,100,100,100,100,100,100,100,100,100,100,100,100,100,100,100,100,100,100,100,100,100,100,100,100,100,100,100,100,100,100,100,100,100,100,100,100,100,100,100,100,100,100,100,100,100,100,100,100,100,100,100,100,100,100,100,100,100,100,100,100,100,100,100,100,100,100,100,100,100,100,100,100,100,100,100,100,100,100,100,100,100,100,100,100,100,100,100,100,100,100,100,100,100,100,100,100,100,100,100,100,100,100,100,100,100,100,100,100,100,100,100,100,100,100,100,100,100,100,100,100,100,100,100,100,100,100,100,100,100,100,100,100,100,100,100,100,100,100,100,100,100,100,100,100,100,100,100,100,100,100,100,100,100,100,100,100,100,100,100,100,100,100,100,100,100,100,100,100,100,100,100,100,100,100,100,100,100,100,100,100,100,100,100,100,100,100,100,100,100,100,100,100,100,100,100,100,100,100,100,100,100,100,100,100,100,100,100,100,100,100,100,100,100,100,100,100,100,100,100,100,100,100,100,100,100,100,100,100,100,100,100,100,100,100,100,100,100,100,100,100,100,100,100,100,100,100,100,100,100,100,100,100,100,100,100,100,100,100,100,100,100,100,100,100,100,100,100,100,100,100,100,100,100,100,100,100,100,100,100,100,100,100,100,100,100,100,100,100,100,100,100,100,100,100,100,100,100,100,100,100,100,100,100,100,100,100,100,100,100,100,100,100,100,100,100,100,100,100,100,100,100,100,100,100,100,100,100,100,100,100,100,100,100,100,100,100,100,100,100,100,100,100,100,100,100,100,100,100,100,100,100,100,100,100,100,100,100,100,100,100,100,100,100,100,100,100,100,100,100,100,100,100,100,100,100,100,100,100,100,100,100,100,100,100,100,100,100,100,100,100,100,100,100,100,100,100,100,100,100,100,100,100,100,100,100,100,100,100,100,100,100,100,100,100,100,100,100,100,100,100,100,100,100,100,100,100,100,100,100,100,100,100,100,100,100,100,100,100,100,100,100,100,100,100,100,100,100,100,100,100,100,100,100,100,100,100,100,100,100,100,100,100,100,100,100,100,100,100,100,100,100,100,100,100,100,100,100,100,100,100,100,100,100,100,100,100,100,100,100,100,100,100,100,100,100,100,100,100,100,100,100,100,100,100,100,100,100,100,100,100,100,100,100,100,100,100,100,100,100,100,100,100,100,100,100,100,100,100,100,100,100,100,100,100,100,100,100,100,100,100,100,100,100,100,100,100,100,100,100,100,100,100,100,100,100,100,100,100,100,100,100,100,100,100,100,100,100,100,100,100,100,100,100,100,100,100,100,100,100,100,100,100,100,100,100,100,100,100,100,100,100,100,100,100,100,100,100,100,100,100,100,100,100,100,100,100,100,100,100,100,100,100,100,100,100,100,100,100,100,100,100,100,100,100,100,100,100,100,100,100,100,100,100,100,100,100,100,100,100,100,100,100,100,100,100,100,100,100,100,100,100,100,100,100,100,100,100,100,100,100,100,100,100,100,100,100,100,100,100,100,100,100,100,100,100,100,100,100,100,100,100,100,100,100,100,100,100,100,100,100,100,100,100,100,100,100,100,100,100,100,100,100,100,100,100,100,100,100,100,100,100,100,100,100,100,100,100,100,100,100,100,100,100,100,100,100,100,100,100,100,100,100,100,100,100,100,100,100,100,100,100,100,100,100,100,100,100,100,100,100,100,100,100,100,100,100,100,100,100,100,100,100,100,100,
F_Calibration,100,0,0,108.104,100,39.2965,491.07,99.9909,0.000170256,0.00127928,0,0,3000.62, ,100,100,100,100,100,100,100,100,100,100,100,100,100,100,100,100,100,100,100,100,100,100,100,100,100,100,100,100,100,100,100,100,100,100,100,100,100,100,100,100,100,100,100,100,100,100,100,100,100,100,100,100,100,100,100,100,100,100,100,100,100,100,100,100,100,100,100,100,100,100,100,100,100,100,100,100,100,100,100,100,100,100,100,100,100,100,100,100,100,100,100,100,100,100,100,100,100,100,100,100,100,100,100,100,100,100,100,100,100,100,100,100,100,100,100,100,100,100,100,100,100,100,100,100,100,100,100,100,100,100,100,100,100,100,100,100,100,100,100,100,100,100,100,100,100,100,100,100,100,100,100,100,100,100,100,100,100,100,100,100,100,100,100,100,100,100,100,100,100,100,100,100,100,100,100,100,100,100,100,100,100,100,100,100,100,100,100,100,100,100,100,100,100,100,100,100,100,100,100,100,100,100,100,100,100,100,100,100,100,100,100,100,100,100,100,100,100,100,100,100,100,100,100,100,100,100,100,100,100,100,100,100,100,100,100,100,100,100,100,100,100,100,100,100,100,100,100,100,100,100,100,100,100,100,100,100,100,100,100,100,100,100,100,100,100,100,100,100,100,100,100,100,100,100,100,100,100,100,100,100,100,100,100,100,100,100,100,100,100,100,100,100,100,100,100,100,100,100,100,100,100,100,100,100,100,100,100,100,100,100,100,100,100,100,100,100,100,100,100,100,100,100,100,100,100,100,100,100,100,100,100,100,100,100,100,100,100,100,100,100,100,100,100,100,100,100,100,100,100,100,100,100,100,100,100,100,100,100,100,100,100,100,100,100,100,100,100,100,100,100,100,100,100,100,100,100,100,100,100,100,100,100,100,100,100,100,100,100,100,100,100,100,100,100,100,100,100,100,100,100,100,100,100,100,100,100,100,100,100,100,100,100,100,100,100,100,100,100,100,100,100,100,100,100,100,100,100,100,100,100,100,100,100,100,100,100,100,100,100,100,100,100,100,100,100,100,100,100,100,100,100,100,100,100,100,100,100,100,100,100,100,100,100,100,100,100,100,100,100,100,100,100,100,100,100,100,100,100,100,100,100,100,100,100,100,100,100,100,100,100,100,100,100,100,100,100,100,100,100,100,100,100,100,100,100,100,100,100,100,100,100,100,100,100,100,100,100,100,100,100,100,100,100,100,100,100,100,100,100,100,100,100,100,100,100,100,100,100,100,100,100,100,100,100,100,100,100,100,100,100,100,100,100,100,100,100,100,100,100,100,100,100,100,100,100,100,100,100,100,100,100,100,100,100,100,100,100,100,100,100,100,100,100,100,100,100,100,100,100,100,100,100,100,100,100,100,100,100,100,100,100,100,100,100,100,100,100,100,100,100,100,100,100,100,100,100,100,100,100,100,100,100,100,100,100,100,100,100,100,100,100,100,100,100,100,100,100,100,100,100,100,100,100,100,100,100,100,100,100,100,100,100,100,100,100,100,100,100,100,100,100,100,100,100,100,100,100,100,100,100,100,100,100,100,100,100,100,100,100,100,100,100,100,100,100,100,100,100,100,100,100,100,100,100,100,100,100,100,100,100,100,100,100,100,100,100,100,100,100,100,100,100,100,100,100,100,100,100,100,100,100,100,100,100,100,100,100,100,100,100,100,100,100,100,100,100,100,100,100,100,100,100,100,100,100,100,100,100,100,100,100,100,100,100,100,100,100,100,100,100,100,100,100,100,100,100,100,100,100,100,100,100,100,100,100,100,100,100,100,100,100,100,100,100,100,100,100,100,100,100,100,100,100,100,100,100,100,100,100,100,100,100,100,100,100,100,100,100,100,100,100,100,100,100,100,100,100,100,100,100,100,100,100,100,100,100,100,100,100,100,100,100,100,100,100,100,100,100,100,100,100,100,100,100,100,100,100,100,100,100,100,100,100,100,100,100,100,100,100,100,100,100,100,100,100,100,100,100,100,100,100,100,100,100,100,100,100,100,100,100,100,100,100,100,100,100,100,100,100,100,100,100,100,100,100,100,100,100,100,100,100,100,100,100,100,100,100,100,100,100,100,100,100,100,100,100,100,100,100,100,100,100,100,100,100,100,100,100,100,100,100,100,100,100,100,100,100,100,100,100,100,100,100,100,100,100,100,100,100,100,100,100,100,100,100,100,100,100,100,100,100,100,100,100,100,100,100,100,100,100,100,100,100,100,100,100,100,100,100,100,100,100,100,100,100,100,100,100,100,100,100,100,100,100,100,100,100,100,100,100,100,100,100,100,100,100,100,100,100,100,100,100,100,100,100,100,100,100,100,100,100,100,100,100,100,100,100,100,100,100,100,100,100,100,100,100,100,100,100,100,100,100,100,100,
W_3517A2/128_G_Very Strong_0.501_VS1,100.129,-0.774719,1.48191,94.9179,100.334,106.832,567.762,93.8592,0.012882,0.532229,1.67219,117.6,6402.9, ,250,13.5338,-241.121,55.8646,96.2845,96.4788,95.902,96.0214,95.7004,96.1482,95.4681,94.983,94.7737,94.8682,94.3909,94.9077,94.3928,94.8847,93.9636,94.5044,93.8561,94.4866,94.2264,94.4421,94.5889,94.5539,94.5851,94.9959,94.3045,95.2484,94.8997,95.2438,95.174,94.9348,95.0636,94.4776,94.4109,94.3911,94.191,93.8955,93.7362,93.7432,93.3208,93.2642,93.9919,93.8902,93.7661,93.6493,93.9552,94.1098,94.2075,94.4588,95.2651,94.9247,95.4298,95.6039,95.6284,95.6338,95.4608,95.305,95.058,94.6144,94.3729,93.8577,94.0471,93.7883,93.8879,93.8736,93.9971,94.1827,93.8645,94.3857,94.7299,95.0431,95.3269,94.9081,94.9398,94.9168,94.67,94.9916,94.381,94.073,93.9476,93.9251,94.1395,94.196,94.1644,94.2871,94.0548,94.3438,94.4438,94.1105,94.1299,93.984,94.4592,94.6443,94.9746,95.3193,95.1486,95.0867,95.118,94.6988,94.963,94.6059,94.1047,93.9669,93.6951,93.6418,93.8438,94.12,94.2358,94.2233,94.0163,94.2782,94.0968,94.2638,94.8195,94.7775,94.6955,94.6687,94.6053,94.5969,94.3738,94.8748,94.8999,94.1876,94.2341,94.5635,94.6909,94.7769,95.0852,95.3734,94.8336,94.9976,95.3856,95.1724,94.9762,94.8621,94.7116,94.7396,94.6301,94.9479,94.8108,94.8096,94.9366,94.8411,95.4934,95.9898,95.9503,95.7624,95.4182,95.5321,95.5243,95.816,95.8733,95.7467,95.3374,95.0921,95.591,95.8825,95.6724,95.7894,95.3976,95.3432,94.8365,95.0646,95.0617,94.8981,95.1458,94.985,94.9144,94.8358,94.7387,95.1183,94.7831,95.1221,95.654,95.4248,95.6173,95.3666,95.6318,95.6437,95.4687,95.4413,95.5701,94.8864,94.5735,94.5409,94.3163,94.0245,93.6017,93.5049,93.3141,92.5054,92.1684,91.834,91.1458,91.2077,90.8298,90.6909,90.2255,89.7884,89.6612,89.3165,89.0756,89.0217,88.5228,88.2838,87.8279,87.5316,87.2451,86.8712,87.0281,86.7935,86.4998,86.066,85.9015,85.8256,85.6156,85.3328,85.0934,84.5131,84.1086,83.6851,83.5674,83.1562,82.6291,82.0932,81.8488,81.2818,80.8593,80.3012,79.7448,79.2789,78.5401,77.9697,77.4044,76.4614,75.726,74.7793,74.1008,73.1336,71.9472,70.9026,69.8235,68.6617,67.5339,66.256,65.0428,63.8831,62.9145,62.185,61.6897,61.5234,61.5035,61.6113,61.6551,61.63,61.4285,61.1083,60.7022,60.4347,60.3258,60.4911,61.0114,61.8673,62.9312,64.0607,65.2382,66.5381,67.8902,69.3076,70.7416,71.9523,72.6732,72.6332,72.1251,72.0946,72.7625,73.8756,75.1291,76.4719,78.0455,80.1192,82.9781,86.3408,89.1014,90.9433,92.2774,93.4696,94.5286,95.4309,96.2585,96.9734,97.5414,97.9506,98.3527,98.6653,98.8768,99.0655,99.2355,99.3557,99.4664,99.586,99.6393,99.6684,99.7036,99.7373,99.7325,99.7236,99.6942,99.6442,99.6021,99.568,99.5293,99.4691,99.4325,99.3923,99.3451,99.3065,99.2471,99.1795,99.1309,99.0447,98.9804,98.9136,98.879,98.8582,98.8675,98.899,98.9173,98.9558,99.0395,99.1023,99.1494,99.1619,99.2044,99.2207,99.2401,99.2527,99.2676,99.2247,99.2417,99.2624,99.2993,99.305,99.3311,99.3575,99.39,99.4278,99.4501,99.4253,99.365,99.2953,99.2102,99.0738,98.9286,98.7944,98.6419,98.5866,98.5884,98.6668,98.7641,98.9053,99.0728,99.2717,99.4809,99.7032,99.8847,100.035,100.129,100.215,100.283,100.35,100.399,100.452,100.457,100.468,100.491,100.499,100.515,100.521,100.514,100.521,100.522,100.546,100.553,100.531,100.527,100.546,100.528,100.536,100.52,100.51,100.503,100.531,100.531,100.538,100.499,100.515,100.498,100.486,100.478,100.491,100.455,100.434,100.416,100.437,100.446,100.467,100.481,100.474,100.456,100.465,100.483,100.502,100.473,100.458,100.419,100.408,100.422,100.4,100.39,100.379,100.377,100.401,100.407,100.432,100.45,100.436,100.442,100.414,100.406,100.397,100.376,100.36,100.361,100.346,100.346,100.355,100.378,100.376,100.373,100.375,100.364,100.358,100.352,100.356,100.331,100.326,100.321,100.323,100.328,100.334,100.323,100.328,100.328,100.36,100.358,100.379,100.39,100.386,100.391,100.402,100.402,100.403,100.394,100.404,100.394,100.372,100.38,100.379,100.382,100.386,100.36,100.367,100.355,100.347,100.352,100.337,100.361,100.349,100.36,100.394,100.348,100.355,100.365,100.358,100.358,100.348,100.37,100.348,100.332,100.344,100.353,100.346,100.357,100.385,100.373,100.361,100.36,100.355,100.37,100.363,100.349,100.348,100.313,100.306,100.306,100.3,100.303,100.283,100.3,100.322,100.33,100.352,100.361,100.346,100.366,100.368,100.398,100.382,100.39,100.378,100.374,100.372,100.374,100.374,100.383,100.381,100.363,100.342,100.333,100.335,100.34,100.348,100.339,100.324,100.337,100.349,100.353,100.356,100.353,100.346,100.35,100.365,100.371,100.348,100.37,100.38,100.385,100.401,100.412,100.432,100.415,100.409,100.425,100.403,100.405,100.413,100.389,100.401,100.383,100.392,100.406,100.412,100.443,100.452,100.454,100.477,100.469,100.467,100.494,100.501,100.473,100.455,100.451,100.454,100.454,100.456,100.467,100.42,100.43,100.48,100.475,100.458,100.475,100.467,100.473,100.459,100.479,100.476,100.451,100.452,100.477,100.459,100.453,100.458,100.471,100.484,100.484,100.492,100.495,100.483,100.45,100.481,100.482,100.49,100.475,100.46,100.447,100.471,100.484,100.528,100.532,100.514,100.524,100.541,100.543,100.556,100.534,100.528,100.545,100.532,100.553,100.543,100.534,100.542,100.534,100.538,100.546,100.525,100.518,100.514,100.52,100.525,100.516,100.534,100.556,100.563,100.572,100.566,100.568,100.574,100.58,100.574,100.59,100.572,100.57,100.589,100.593,100.565,100.568,100.576,100.624,100.624,100.617,100.604,100.599,100.626,100.675,100.679,100.674,100.642,100.636,100.658,100.656,100.662,100.62,100.591,100.564,100.582,100.613,100.592,100.622,100.625,100.583,100.635,100.648,100.658,100.691,100.656,100.692,100.681,100.718,100.76,100.744,100.743,100.77,100.735,100.779,100.734,100.707,100.735,100.758,100.727,100.748,100.708,100.72,100.7,100.686,100.692,100.693,100.651,100.704,100.681,100.66,100.623,100.592,100.62,100.69,100.662,100.71,100.681,100.709,100.775,100.825,100.867,100.902,100.92,100.902,100.868,100.898,100.878,100.893,100.846,100.919,100.949,100.846,100.849,100.901,100.897,101.027,101.019,101.08,101.024,100.948,100.95,100.912,100.907,100.875,100.733,100.703,100.613,100.588,100.639,100.653,100.736,100.684,100.784,100.847,100.932,101.03,101.068,101.073,101.186,101.119,101.182,101.145,101.028,100.993,100.893,100.981,101.003,100.827,100.856,100.876,100.815,100.979,100.976,101.091,100.943,100.972,100.985,101.032,100.94,101.034,100.974,101.023,100.989,101.077,100.985,101.196,101.159,101.277,101.379,101.396,101.414,101.394,101.529,101.654,101.497,101.501,101.464,101.487,101.401,101.188,101.258,101.096,101.018,101.008,100.969,100.86,100.757,100.998,101.239,101.142,101.1,100.964,101.182,101.247,101.416,101.347,101.364,101.345,101.566,101.677,101.647,101.461,101.467,101.425,101.402,101.196,101.023,100.931,100.916,101.088,101.031,100.814,100.894,100.821,100.546,100.654,100.524,100.674,100.543,100.69,101.084,101.01,101.223,101.707,101.619,101.61,101.455,101.596,101.548,101.443,101.565,101.128,100.888,101.053,101.117,101.226,101.242,100.995,100.898,100.631,101.096,101.121,101.139,101.253,101.044,101.204,101.595,101.657,101.6,101.644,101.524,101.522,101.333,101.65,101.8,101.978,101.955,102.103,102.153,102.181,102.322,102.521,102.254,102.064,101.893,102.143,102.491,102.426,102.621,102.558,102.55,102.594,102.712,102.875,102.8,102.126,101.827,101.817,101.883,102.005,102.028,101.557,101.193,100.989,101.157,101.197,101.217,101.152,100.906,100.996,101.184,101.395,101.301,101.408,101.578,101.532,101.394,101.413,101.372,101.556,101.662,101.647,101.63,101.059,101.13,101.361,100.933,101.119,100.574,100.529,100.875,100.786,100.916,100.767,100.457,100.932,100.666,101.132,100.809,100.309,100.263,100.449,100.321,100.379,100.392,100.509,100.357,100.486,100.673,100.896,101.085,101.275,101.306,100.811,100.624,100.542,100.611,100.68,100.308,100.502,100.362,100.305,100.949,101.131,101.268,101.231,101.447,101.493,101.495,101.562,101.781,101.808,101.233,101.092,101.114,100.886,101.393,100.893,100.667,100.588,99.8507,100.644,100.655,100.541,100.651,100.029,100.271,100.59,100.324,100.88,100.572,100.288,100.482,100.136,100.523,100.777,100.721,100.974,100.992,101.219,101.88,102.026,102.27,102.054,101.673,101.822,101.557,101.255,101.332,101.215,101.224,101.1,101.188,101.303,101.316,101.481,101.732,101.369,101.395,101.32,101.851,101.905,102.061,101.844,102.044,102.025,102.063,102.278,102.295,101.857,101.709,101.541,101.459,100.91,101.137,101.125,100.789,100.799,101.189,101.208,101.307,101.414,102.093,12.3337,84.8851,-19.5191,554.887,
F_3517A2/128_G_Very Strong_0.501_VS1,114.809,22.9799,-163.656,174.753,143.396,289.562,469.054,575.915,0.481012,5.11719,165.261,-82.007,15667.3, ,200,170,-148.261,262.308,63.3173,62.9574,63.1654,63.3103,63.5836,63.7143,63.8745,63.3972,64.1348,64.5106,65.0886,65.1124,65.3216,65.1737,64.9226,64.725,65.1893,64.7805,64.4706,64.2971,64.4054,64.362,63.9755,64.3491,64.4385,63.7294,63.7168,63.5829,63.6955,63.6183,63.7928,64.1644,63.9827,64.1302,64.7011,64.3696,64.5577,64.5798,64.6529,64.9925,64.4374,64.5967,65.2377,65.062,65.3927,65.5189,65.3159,65.5054,64.9587,65.95,65.9532,65.6318,65.3957,65.6622,65.7482,65.3072,64.9029,64.7464,64.4006,64.0089,63.8804,63.9636,63.7252,63.6336,64.2892,64.6246,64.7233,65.1807,64.9975,65.0845,65.3714,65.7916,66.1309,65.8768,65.4675,65.7426,65.4211,65.8541,65.8745,65.9806,65.8433,65.4647,65.0374,64.9046,64.6167,64.3647,64.419,64.1153,64.0276,63.9899,63.9372,65.0232,65.6362,65.7901,66.0482,66.611,66.6647,66.1716,66.1064,66.0021,65.745,65.7228,65.7228,65.841,66.0674,66.1505,66.8869,66.8496,66.9372,66.6297,66.6211,66.8737,66.5343,65.9687,66.8138,66.3001,66.1186,66.3434,66.4997,66.6647,66.8289,67.5247,67.4721,67.3426,67.8475,68.3049,68.2273,68.2039,67.7966,67.7505,67.338,67.2069,66.4821,66.9479,66.6953,66.9389,66.9807,67.1457,66.7942,66.599,66.6748,66.7942,66.0992,66.0484,65.6826,65.5075,65.32,65.2043,65.2584,65.213,64.9725,64.9504,64.8427,64.5838,64.3355,64.1103,64.2212,63.9271,63.5322,63.3641,63.3301,63.0496,63.2,62.9923,62.854,62.7014,62.6096,62.8086,62.819,62.7072,62.6516,62.5716,62.7231,62.7166,62.5564,62.5621,62.4748,62.4126,62.5041,62.6238,62.5434,62.5406,62.6438,62.7133,62.7689,62.7826,62.7425,62.6579,62.6482,62.7216,62.6747,62.5476,62.512,62.6577,62.8134,63.1894,63.6884,64.362,64.9432,65.4745,65.8954,66.1948,66.2719,66.2564,66.121,65.8648,65.4546,65.023,64.5692,64.0982,63.672,63.2581,62.8512,62.4544,62.051,61.6607,61.2367,60.791,60.3363,59.8508,59.3592,58.8745,58.3796,57.92,57.4758,57.0874,56.7436,56.4308,56.1409,55.8985,55.6559,55.4423,55.1766,54.9299,54.7003,54.5264,54.4216,54.4253,54.4821,54.5785,54.7536,55.0132,55.2547,55.4272,55.5304,55.5832,55.6393,55.7318,55.9673,56.3606,56.9102,57.5354,58.3789,59.301,60.4368,61.4857,62.4083,63.554,64.5656,65.8773,67.4732,69.5067,72.2055,75.5533,79.7748,84.8692,90.8556,97.746,105.762,115.816,129.25,148.715,174.214,198.814,220.33,240.556,261.832,283.765,304.167,324.684,339.098,349.446,363.718,385.618,414.64,449.566,490.07,537.028,582.063,628.229,670.089,705.41,734.382,754.164,765.722,769.214,767.029,763.728,760.769,764.692,776.135,796.984,819.711,842.583,860.558,873.415,884.644,892.536,894.682,891.817,882.496,871.033,861.74,855.895,855.334,854.518,857.326,860.036,864.53,869.187,876.296,882.248,887.751,887.824,888.058,883.823,877.708,870.406,863.043,852.504,841.164,830.457,823.792,816.157,810.768,802.84,795.725,789.933,784.149,776.856,769.728,762.024,753.022,743.091,733.886,724.66,713.406,701.382,691.056,679.835,666.007,654.734,643.435,632.787,621.883,611.543,603.074,595.007,587.436,580.15,572.522,564.646,556.428,547.489,539.34,529.495,518.585,508.673,499.217,489.106,479.197,470.509,462.43,453.536,446.283,438.863,429.88,422.074,413.619,405.276,396.563,388.123,380.989,372.684,365.041,357.958,349.794,343.127,336.857,330.547,323.977,316.923,310.61,304.332,298.057,292.572,287.089,281.617,276.134,271.399,266.109,261.527,256.464,252.308,247.575,242.786,238.365,234.214,230.096,226.434,222.851,219.651,215.616,212.945,209.566,206.274,203.069,200.055,196.969,193.025,190.261,187.898,184.948,182.676,180.207,178.062,175.622,173.324,171.551,169.424,167.507,165.499,163.7,161.984,160.228,158.448,157.125,156.207,154.681,153.041,151.654,149.988,148.392,147.123,145.861,144.396,142.893,141.699,140.913,139.98,139.004,138.064,137.114,136.453,135.627,134.721,134.123,132.996,132.217,131.21,130.545,129.735,128.839,128.278,127.557,126.862,126.379,125.57,125.357,124.946,124.448,124.262,123.944,123.683,123.168,122.666,122.54,122.384,121.729,121.164,120.913,120.402,120.055,119.755,119.633,119.112,118.523,118.539,118.571,117.932,117.584,117.516,117.169,117.038,116.995,117.042,116.654,116.438,116.293,116.402,116.162,116.014,115.779,115.593,115.369,115.198,115.056,114.877,114.598,114.229,114.479,114.187,113.827,113.82,113.936,113.596,113.641,113.688,113.806,113.547,113.697,114.036,114.16,113.99,114.366,114.579,114.538,114.691,114.617,114.633,114.606,114.186,114.431,114.583,114.66,114.594,114.656,114.891,114.574,114.688,114.994,115.136,114.492,114.289,114.141,114.071,114.123,114.408,114.551,114.433,114.211,114.947,115.394,115.645,116.008,116.206,116.374,116.18,116.212,116.758,116.384,116.412,116.986,116.596,116.91,116.55,116.899,117.28,116.963,117.331,117.497,117.462,117.798,117.232,117.672,118.021,118.11,118.565,118.339,118.661,118.799,119.32,119.21,119.476,119.734,119.999,119.877,120.607,120.412,120.35,120.438,120.966,121.069,120.935,120.989,121.223,121.077,120.752,120.457,119.94,119.672,119.888,120.529,120.587,121.146,121.475,122.545,123.088,123.383,124.313,124.628,124.55,124.395,124.435,124.913,125.095,125.484,125.374,125.099,125.707,125.891,127.491,127.15,127.331,127.235,127.071,127.638,127.383,127.925,127.635,127.308,128.035,127.915,127.594,128.106,128.918,130.039,129.755,130.172,131.241,132.027,131.86,131.951,131.56,131.001,131.065,130.345,130.215,128.615,127.901,128.353,128.993,129.315,129.907,129.388,130.005,130.122,131.223,131.375,132.156,132.094,132.538,133.45,134.605,134.16,134.961,134.993,134.444,135.157,135.51,136.184,134.555,134.549,135.45,135.3,134.158,135.465,134.591,134.934,135.637,134.859,134.587,134.342,133.591,133.416,133.16,133.367,132.45,131.862,134.226,134.482,135.311,135.158,137.204,137.682,138.617,140.079,140.87,141.033,140.256,141.69,143.934,146.52,147.408,146.833,146.443,148.129,147.146,148.833,147.889,146.713,144.803,143.936,146.301,148.575,146.239,148.527,149.549,147.145,148.649,147.303,149.507,148.77,146.833,146.128,142.717,143.961,145.804,143.503,146.264,146.013,144.636,143.998,148.731,150.181,146.482,147.16,148.949,147.388,146.464,147.725,148.826,145.084,149.07,150.402,151.103,152.009,151.854,153.411,152.478,149.378,148.947,146.539,147.801,148.038,149.45,145.268,143.917,145.407,149.218,149.782,146.525,146.919,142.243,138.919,141.152,141.563,137.976,137.552,139.241,147.971,150.014,156.531,161.592,157.807,157.019,162.142,163.492,161.695,155.075,156.162,154.5,158.149,173.378,175.086,171.427,171.884,175.178,177.853,173.548,177.179,174.042,166.296,165.653,167.719,170.4,163.46,160.896,160.591,161.951,162.117,161.454,160.946,160.01,151.533,156.822,154.166,154.956,152.068,146.526,145.693,141.964,141.53,143.829,140.755,140.829,138.586,132.488,143.596,139.016,136.437,141.661,144.262,148.541,148.783,148.481,150.026,134.783,134.287,130.88,119.889,117.54,111.204,113.807,111.481,119.897,117.652,120.817,126.764,134.911,132.529,138.361,134.081,131.955,121.059,123.459,119.504,117.586,115.596,113.747,111.873,111.43,115.03,119.179,119.111,122.922,122.266,119.366,119.206,118.727,119.077,119.077,112.282,110.929,109.081,111.44,112.462,115.491,111.838,108.688,106.021,108.764,107.984,101.057,99.7215,100.406,100.402,102.788,100.744,98.3658,96.1917,98.2905,101.125,102.135,104.668,100.384,104.166,106.114,104.055,105.147,100.683,100.054,93.5285,87.4878,87.3465,84.6936,83.1295,86.429,86.1805,87.0096,86.2779,85.2956,86.5522,86.0747,83.627,81.8723,79.3814,77.9332,76.8562,77.8261,80.8312,78.0898,75.8882,74.8122,76.4081,76.5703,75.039,74.7534,72.2169,71.9271,72.7501,74.1955,74.9982,74.2832,73.3583,72.8773,72.4921,74.6077,73.7185,73.637,73.4038,72.0821,70.0066,69.9678,71.0607,71.4414,70.2807,69.4872,70.417,70.0639,70.637,71.2282,71.8285,71.8395,71.9827,72.835,73.3597,71.8377,71.6219,71.4548,72.5207,71.8846,71.5476,69.9947,69.2989,68.8708,68.8248,67.4071,68.364,68.571,68.0058,67.786,68.6709,70.2076,71.3941,71.6205,72.1346,70.7711,70.4086,70.4191,69.6084,67.2968,65.5056,64.3758,64.2906,64.8851,64.599,63.787,64.2694,62.8294,64.4216,65.5972,64.8889,65.4386,65.6739,66.9632,68.2814,67.3562,70.5895,70.9351,69.9177,70.8133,70.3377,69.8244,68.2315,67.4354,67.7778,66.1322,65.7624,65.7892,64.4897,64.4628,65.302,66.4433,66.1115,65.4154,64.6016,64.687,64.8351,66.0869,65.4188,63.1159,62.9372,62.9907,63.5365,64.2192,64.6183,65.5975,65.2965,65.245,66.8712,66.5089,66.8412,67.3258,67.4145,67.5166,67.0263,66.2912,66.4445,66.7845,66.2544,65.2621,65.0537,64.6101,63.1584,61.4944,106.17,-47.0213,3.22034,17.2727,
W_3495A2/179_F_None_0.591_VS2,100.12,-0.513632,1.18904,95.0444,100.311,107.28,569.339,95.1182,0.0105362,0.242533,1.29524,113.363,6415.51, ,100,103.008,657.009,-2.05562,97.0739,97.0983,97.1895,97.4037,97.3366,97.6614,97.5026,97.3755,97.3088,97.3938,97.5535,97.5626,96.9347,97.5259,96.8204,97.1154,97.3497,98.1741,97.5567,97.2784,97.6159,98.1725,98.5163,99.0176,98.9547,98.9311,98.8667,99.4551,99.3181,98.9079,98.4117,97.6787,97.4853,97.1818,97.4849,97.4219,97.2303,97.3091,97.1376,97.3808,97.6239,97.514,97.469,96.748,96.7528,96.9787,97.3854,97.8056,97.9858,98.2077,98.3347,98.6897,99.2322,98.7047,98.2339,97.8506,97.4178,97.0193,96.4304,95.8525,95.915,95.6473,95.9433,96.4785,96.7032,97.1836,97.3412,97.5727,98.0231,98.1405,98.4821,98.2385,98.1109,98.2664,97.7974,97.7519,97.4003,97.3148,97.1977,97.2632,97.4026,97.8165,97.8302,98.4324,98.3584,99.0197,99.2093,98.8847,98.6609,98.8292,98.5094,98.4504,98.1069,98.3566,97.8754,97.5257,97.9912,97.8333,97.5343,97.4325,96.9512,96.9665,96.9973,96.9848,97.3102,96.9987,96.6647,96.896,96.7935,96.7939,96.4367,96.4211,96.4783,96.3838,96.5057,96.4025,96.1583,96.2145,96.3933,96.8397,96.8551,96.8144,96.9697,96.6759,96.8384,97.4008,97.7983,98.1027,97.9895,97.9887,98.5798,98.6279,98.755,99.0739,98.6444,98.3664,98.2662,98.0713,98.0268,97.3501,97.354,97.4455,97.567,97.9207,98.1647,97.8076,97.7468,97.8168,98.3147,98.1995,97.7148,97.6459,97.5,97.4163,97.8518,98.0359,97.8539,97.5438,97.4321,97.79,97.7118,97.637,97.2815,97.2507,97.3935,97.4178,97.4376,97.3376,97.2711,97.5275,97.3781,97.62,97.9405,98.1995,98.0118,97.7177,97.8383,97.9499,97.8031,97.7656,97.9099,97.4023,96.683,96.7944,96.8998,96.6757,96.5965,96.6244,96.4575,95.7429,95.7438,95.7807,95.3301,95.107,94.9301,94.8295,94.4137,94.2649,94.5757,94.2774,94.409,94.4838,94.3117,94.3519,94.0375,93.7608,93.7501,93.3715,93.591,93.2044,93.3245,93.3182,93.3224,93.4908,93.8403,93.7488,93.594,93.1974,92.9926,92.4678,92.2731,91.9913,91.5961,91.1865,91.0816,90.9233,90.6862,90.3436,90.227,90.1108,89.6716,89.2878,88.9679,88.411,88.1382,87.8145,87.6173,87.3322,86.853,86.4559,85.8759,85.2343,84.7558,84.098,83.5633,82.9908,82.5399,82.1418,81.9235,81.9741,82.1159,82.2624,82.3097,82.3661,82.2576,82.1219,81.9905,81.9356,81.8941,82.0323,82.4007,82.9428,83.5727,84.2409,84.9278,85.6777,86.4195,87.1927,87.9404,88.5366,88.8541,88.7115,88.3167,88.1575,88.3218,88.7178,89.204,89.7324,90.328,91.2012,92.5112,94.105,95.3228,96.0131,96.4635,96.8417,97.1258,97.3256,97.5398,97.7176,97.7917,97.8754,98.0293,98.1414,98.2245,98.3177,98.4542,98.5204,98.6139,98.6877,98.7071,98.6961,98.7084,98.7312,98.7439,98.7381,98.7497,98.7345,98.7555,98.7721,98.7867,98.7704,98.7757,98.7887,98.822,98.8047,98.7906,98.7977,98.8003,98.7774,98.7632,98.747,98.7399,98.7213,98.7537,98.7805,98.7606,98.7857,98.844,98.8834,98.9102,98.9315,98.9416,98.9495,98.9773,99.0045,98.9984,98.9856,99.0253,99.0613,99.0821,99.1232,99.1698,99.2068,99.2638,99.3194,99.3509,99.3442,99.3116,99.3021,99.2654,99.198,99.1104,99.0345,98.9654,98.9468,98.9618,99.0229,99.072,99.1644,99.2713,99.4046,99.5345,99.6612,99.7564,99.8456,99.9114,99.9517,100.018,100.046,100.069,100.083,100.1,100.116,100.136,100.144,100.187,100.174,100.172,100.208,100.217,100.209,100.225,100.2,100.203,100.201,100.197,100.221,100.189,100.191,100.209,100.223,100.242,100.264,100.257,100.263,100.256,100.281,100.281,100.31,100.295,100.301,100.279,100.288,100.301,100.326,100.309,100.335,100.324,100.331,100.338,100.371,100.377,100.375,100.346,100.355,100.36,100.349,100.351,100.35,100.329,100.355,100.366,100.392,100.413,100.399,100.404,100.406,100.391,100.393,100.372,100.358,100.351,100.361,100.365,100.369,100.356,100.372,100.387,100.387,100.38,100.39,100.366,100.356,100.348,100.363,100.352,100.346,100.337,100.344,100.34,100.321,100.33,100.334,100.336,100.348,100.345,100.347,100.331,100.326,100.344,100.344,100.356,100.368,100.363,100.339,100.361,100.382,100.398,100.407,100.391,100.39,100.358,100.348,100.366,100.342,100.326,100.298,100.297,100.329,100.316,100.333,100.343,100.348,100.365,100.384,100.391,100.393,100.384,100.374,100.361,100.369,100.384,100.405,100.407,100.394,100.371,100.347,100.365,100.394,100.368,100.36,100.323,100.308,100.324,100.33,100.355,100.344,100.353,100.372,100.363,100.385,100.392,100.392,100.41,100.4,100.399,100.386,100.413,100.411,100.389,100.393,100.404,100.396,100.409,100.434,100.431,100.413,100.423,100.448,100.476,100.483,100.484,100.485,100.477,100.475,100.469,100.46,100.448,100.421,100.415,100.427,100.43,100.424,100.427,100.443,100.44,100.469,100.466,100.472,100.472,100.472,100.485,100.467,100.467,100.486,100.444,100.445,100.448,100.452,100.447,100.451,100.483,100.485,100.48,100.516,100.556,100.55,100.556,100.574,100.575,100.569,100.547,100.531,100.521,100.496,100.502,100.495,100.483,100.492,100.469,100.49,100.515,100.502,100.495,100.474,100.469,100.471,100.458,100.476,100.495,100.487,100.504,100.536,100.548,100.553,100.552,100.558,100.551,100.552,100.548,100.56,100.549,100.572,100.584,100.586,100.592,100.623,100.609,100.644,100.636,100.611,100.637,100.647,100.672,100.674,100.668,100.665,100.646,100.639,100.645,100.613,100.596,100.591,100.575,100.559,100.567,100.54,100.568,100.573,100.588,100.587,100.585,100.607,100.63,100.669,100.713,100.703,100.728,100.73,100.762,100.75,100.74,100.733,100.742,100.754,100.736,100.734,100.731,100.707,100.742,100.762,100.769,100.733,100.731,100.767,100.805,100.806,100.817,100.789,100.819,100.813,100.798,100.814,100.791,100.754,100.734,100.75,100.767,100.747,100.8,100.815,100.77,100.788,100.815,100.841,100.857,100.88,100.876,100.857,100.872,100.922,100.946,100.916,100.958,100.993,100.988,100.962,100.963,100.98,100.987,100.984,100.994,100.937,100.848,100.825,100.866,100.878,100.885,100.842,100.874,100.867,100.87,100.913,100.939,100.881,100.923,100.939,100.999,100.947,101.019,101.092,101.11,101.087,101.174,101.159,101.175,101.073,101.159,101.084,101.042,101.06,101.111,101.131,101.077,101.018,101.13,101.107,101.191,101.289,101.312,101.309,101.287,101.321,101.345,101.344,101.334,101.295,101.224,101.173,101.133,101.164,101.079,101.042,101.06,101.012,101.107,101.139,101.288,101.354,101.298,101.517,101.606,101.687,101.733,101.553,101.572,101.399,101.423,101.501,101.423,101.35,101.295,101.313,101.494,101.498,101.577,101.523,101.601,101.591,101.57,101.509,101.583,101.394,101.433,101.443,101.442,101.437,101.449,101.497,101.491,101.51,101.663,101.649,101.515,101.664,101.579,101.428,101.439,101.495,101.586,101.665,101.649,101.902,101.79,101.709,101.786,101.784,101.754,101.664,101.532,101.46,101.374,101.281,101.28,101.444,101.408,101.463,101.507,101.671,101.699,101.709,101.904,101.946,101.919,102.078,102.06,101.708,101.676,101.544,101.583,101.573,101.478,101.362,101.336,101.417,101.453,101.169,101.201,100.907,101.091,101.118,101.254,101.201,101.067,101.262,101.515,101.569,101.666,101.342,101.334,101.153,101.123,101.03,100.743,100.599,100.684,100.766,100.809,100.921,100.854,100.836,100.638,101.046,101.128,101.285,101.577,101.728,101.857,101.934,101.85,101.969,101.754,101.755,101.597,101.325,101.527,101.607,101.712,101.613,101.797,101.827,101.883,101.954,101.897,101.616,101.393,101.406,101.854,101.975,101.877,101.922,101.854,102.097,102.38,102.326,102.494,102.119,101.799,101.867,101.935,102.11,101.897,101.511,101.448,101.325,101.557,101.534,101.526,101.362,101.475,101.158,101.092,101.27,101.427,101.066,101.118,101.341,101.413,100.925,101.304,101.505,101.744,101.385,101.469,101.665,101.115,101.131,101.531,101.566,101.528,100.96,100.973,101.321,101.393,101.698,101.504,101.368,101.164,100.782,101.04,101.146,100.727,100.507,100.543,100.705,100.485,100.836,101.222,101.012,100.977,101.235,101.224,101.285,101.288,101.237,100.847,100.439,100.554,100.694,100.565,100.077,99.7206,99.4696,99.47,99.7784,99.9048,99.8131,99.5618,99.6652,100.317,100.672,100.785,101.061,100.76,100.859,100.72,101.002,100.819,101.18,101.017,101.149,100.913,100.889,101.216,101.549,101.321,101.485,100.869,100.834,100.756,100.861,100.892,100.649,100.581,100.752,100.48,101.115,101.196,101.19,101.294,101.767,101.853,101.997,101.964,102.135,101.59,101.519,101.833,101.65,101.571,101.637,101.538,101.697,101.653,101.969,101.933,101.873,102.284,102.059,102.096,102.109,101.817,101.919,101.634,102.013,101.816,101.581,101.446,101.388,101.718,101.813,101.819,101.68,101.273,100.953,100.473,100.681,100.585,100.375,100.498,100.584,100.667,100.834,101.259,101.992,85.006,114.027,116.407,103.008,
F_3495A2/179_F_None_0.591_VS2,100.608,2.95588,-21.7688,111.762,101.582,54.3392,460.711,185.821,0.0662965,-1.00285,21.9685,-82.2674,3145.23, ,0,380,98.2609,103.077,82.4321,82.1659,82.6839,82.6372,82.1929,82.5419,82.6416,81.9867,82.8551,83.0579,83.1655,82.8751,82.63,83.5266,83.2091,83.2218,83.2792,82.9355,82.4753,82.4736,82.2908,81.8647,81.2249,81.3807,81.1817,81.223,80.7281,80.6233,81.2642,81.3233,82.1438,82.1995,81.995,82.2952,82.2576,82.3165,82.6033,82.1189,82.4564,82.4209,82.2379,82.1928,82.5293,82.365,82.3306,82.2611,81.816,81.4972,81.4861,82.2192,82.0316,81.9636,82.5242,82.6575,82.5818,82.6717,82.9272,82.171,82.2624,82.6814,81.8559,81.259,81.376,82.0646,81.9904,81.974,82.1528,81.9314,81.7855,82.3491,82.8716,83.0398,82.3805,82.8571,82.5405,82.945,82.4613,82.4691,82.4803,82.2447,82.1081,82.1584,82.1378,82.2365,82.4889,82.2533,82.0632,82.0201,81.1826,81.3673,81.4467,81.4786,81.6138,81.7067,82.0355,82.0334,82.0313,82.5375,82.543,81.9432,82.1255,82.6088,81.9899,81.782,81.967,81.6688,82.0999,81.6842,82.3245,81.6779,81.5214,81.9897,82.3831,82.3217,82.8045,82.7232,82.8022,82.5624,82.4582,82.5148,82.4195,82.6301,82.5024,82.5193,82.5247,82.711,82.8544,82.703,82.513,82.3499,82.3613,82.1141,81.8702,82.1286,81.6699,81.5652,81.731,81.2974,81.6174,81.4684,81.6657,81.7169,81.2875,81.5378,81.4634,81.4679,81.5428,81.3127,81.3259,81.4951,81.4713,81.534,81.5913,81.3659,81.4521,81.2749,81.5575,81.4554,81.2412,81.0931,81.279,81.289,81.7234,81.8177,81.9826,82.0823,82.0519,82.351,82.6054,82.5495,82.3236,82.4652,82.4364,82.3976,82.1588,82.3585,82.4655,82.6217,82.9244,82.9658,82.7132,82.709,82.7746,82.8691,82.8969,82.8178,82.6619,82.5794,82.5607,82.6691,82.6238,82.6307,82.5275,82.6242,82.8001,83.1301,83.2738,83.6875,84.0617,84.4063,84.6914,84.9907,85.0152,85.0773,85.0457,84.9541,84.7591,84.5541,84.38,84.1963,84.0576,83.9296,83.7975,83.6581,83.4983,83.3481,83.1783,82.9812,82.769,82.4903,82.2327,81.9527,81.6552,81.396,81.1169,80.8713,80.6525,80.4426,80.3015,80.1161,79.9259,79.7424,79.5232,79.3418,79.2051,79.0427,78.9823,78.918,78.9087,78.9448,79.088,79.2086,79.3844,79.3748,79.4281,79.3757,79.3249,79.2951,79.3079,79.3841,79.6129,79.8465,80.1805,80.5868,80.9904,81.3609,81.5778,81.8185,81.8399,82.0019,82.1996,82.3429,82.6373,83.1254,83.9874,84.8294,85.8996,86.9825,88.1264,89.3147,90.83,92.5103,94.7036,96.7667,98.521,100.004,101.809,103.466,104.81,106.639,107.807,108.618,109.742,111.63,113.968,116.876,120.203,124.188,127.402,130.844,134.106,136.533,138.789,140.066,140.697,140.765,140.372,139.807,139.13,139.275,140.256,141.829,143.735,145.153,146.329,146.963,147.906,149.085,149.243,148.918,147.956,147.003,146.666,146.324,146.698,146.713,146.894,147.058,147.6,148.133,148.761,149.304,149.972,149.966,150.208,149.901,149.499,149.137,148.879,148.034,147.185,146.248,145.909,145.223,144.823,144.11,143,142.369,142.327,141.787,141.191,140.617,140.007,139.462,138.802,138.742,138.219,137.022,136.298,135.407,134.197,133.282,132.343,131.493,130.403,129.395,128.94,128.258,127.998,127.581,127.282,126.869,126.399,125.821,125.48,124.67,124.058,123.488,122.579,121.888,121.063,120.623,120.205,119.613,119.325,119.12,118.222,117.927,117.279,116.586,116.004,115.351,114.971,114.243,113.737,113.581,113.053,112.67,112.705,112.458,112.171,111.759,111.361,110.766,110.056,109.673,109.316,108.784,108.273,107.846,107.207,107.081,106.62,106.654,106.479,105.93,105.569,105.453,105.249,105.063,104.753,104.84,104.51,104.542,104.665,104.532,104.234,104.084,103.843,103.433,103.241,103.324,102.832,102.706,102.623,102.62,102.682,102.5,102.332,102.258,101.926,102,101.923,101.936,101.795,101.468,101.596,102.069,101.902,101.815,101.805,101.54,100.976,100.752,100.642,100.511,100.411,100.351,100.374,100.329,100.456,100.732,100.668,100.875,100.891,100.67,100.712,100.448,100.237,99.9711,99.8564,100.092,99.861,99.7008,99.4354,99.4001,99.7536,99.8086,100.161,100.269,100.146,100.34,100.543,100.6,100.527,100.372,100.493,100.454,100.499,100.484,100.306,100.193,100.464,100.35,100.452,100.386,100.2,100.315,100.408,100.314,100.323,100.313,100.255,99.9847,100.092,100.262,100.127,99.9157,99.929,100.116,100.264,100.372,100.36,100.134,99.8831,99.6723,99.9103,99.9684,99.9312,99.7076,99.9226,99.9446,99.8983,99.8586,100.271,100.235,100.493,100.766,100.85,100.768,101.196,101.681,101.829,101.83,101.915,101.706,101.2,101.022,100.795,100.73,100.446,100.395,100.333,100.54,100.791,100.85,101.021,101.326,101.125,101.067,101.471,101.682,101.214,100.888,101.007,101.267,101.34,101.783,102.123,101.591,101.253,101.62,102.073,102.088,102.129,102.362,101.967,101.781,102.138,102.489,102.137,102.232,102.626,102.211,102.129,101.992,102.317,102.545,102.623,103.372,103.376,103.273,103.813,103.454,103.217,103.056,103.248,102.815,102.23,102.516,102.665,102.81,102.886,103.552,103.676,103.87,104.28,104.673,104.906,105.362,105.353,105.538,105.778,105.631,105.345,105.139,105.407,104.679,104.357,104.347,104.621,104.351,104.583,104.279,104.441,104.229,104.86,104.875,104.821,104.864,105.301,105.316,105.637,105.524,105.919,106.101,106.225,106.363,106.191,106.911,107.001,108.199,108.797,108.598,108.104,107.803,107.909,108.437,108.345,108.403,107.217,108.12,108.722,108.768,108.77,108.826,109.256,108.245,108.641,109.215,108.468,108.055,108.132,108.241,107.648,107.069,106.841,106.216,105.491,104.984,104.404,104.974,104.535,105.302,104.824,104.883,105.293,105.811,106.14,106.811,106.585,106.151,105.992,106.902,108.119,109.189,109.371,109.148,109.961,110.516,112.06,111.119,110.059,109.062,108.451,107.271,106.639,105.176,104.76,104.669,104.609,105.665,105.311,104.485,105.303,107.162,108.022,107.359,105.997,108.187,108.857,109.715,109.285,110.612,109.762,109.998,110.034,112.55,112.504,111.059,112.786,114.237,115.261,115.023,114.733,115.664,114.637,113.921,114.984,113.843,112.667,111.54,111.151,112.475,113.906,114.028,115.786,114.205,112.739,112.727,112.575,114.83,115.38,115.755,115.024,111.98,114.65,116.925,119.151,118.51,118.214,115.906,115.266,117.999,118.906,118.357,116.867,115.664,115.325,115.011,117.305,117.424,116.544,119.671,118.56,119.016,119.93,119.191,120.34,119.27,115.751,115.035,111.72,111.089,112.208,113.857,113.613,111.235,111.387,113.303,110.934,109.924,113.016,109.206,106.792,107.253,108.377,105.277,108.232,112.382,116.528,119.735,123.954,123.976,123.438,124.498,128.359,126.853,121.638,118.877,116.927,117.838,122.141,129.003,128.386,124.157,123.004,128.332,131.963,127.041,132.934,134.585,126.829,128.103,134.887,137.842,134.784,128.077,133.865,129.808,129.151,134.784,128.761,128.482,125.241,127.094,128.312,125.943,128.946,123.72,119.548,120.02,115.281,114.324,112.769,111.868,108.706,100.264,107.337,109.185,111.996,115.684,118.583,121.607,121.217,120.438,128.752,118.617,115.827,109.109,109.181,106.724,101.689,105.831,106.316,105.5,102.507,101.037,108.777,108.688,108.725,115.27,110.499,106.249,99.8834,104.242,107.658,105.48,105.896,104.003,103.612,104.376,107.554,112.516,110.674,110.949,111.36,110.482,110.22,109.213,111.072,114.054,110.674,111.814,109.61,110.204,108.397,114.582,113.452,109.236,111.814,108.947,105.409,100.899,101.586,106.465,104.346,100.239,102.977,96.8501,100.246,103.082,106.625,105.774,105.917,99.902,107.425,108.646,103.231,106.905,104.619,106.132,101.987,97.6832,98.2216,94.532,92.635,96.3263,95.2126,97.3674,96.3544,96.6179,96.1774,97.7604,99.9276,98.6986,97.5255,94.8647,93.1547,91.3463,93.1234,93.7556,91.6279,88.2615,87.9595,88.0493,87.2914,84.4598,85.0139,83.3704,80.0225,80.1094,79.8481,81.2227,81.5615,79.597,81.6025,83.344,84.6001,87.6719,89.1438,89.1082,87.5306,86.2883,88.1486,86.7244,84.3177,83.1064,83.0485,82.5486,81.0273,80.5427,81.5115,83.4163,85.3337,85.9861,85.982,85.6094,84.334,85.473,86.3256,86.6523,84.6535,81.6556,80.38,80.487,80.4712,80.294,80.9965,80.6321,81.1433,80.8402,82.494,83.7849,84.4898,85.3998,86.89,85.6102,84.7917,83.2031,82.8833,82.5522,82.3684,82.0005,80.0345,79.3564,79.9558,81.366,82.345,82.5346,82.5782,83.4267,82.0985,81.968,82.6446,83.2395,84.0507,82.7433,83.2252,84.1077,82.7438,82.9441,84.5612,83.831,82.8059,80.7959,81.4302,81.4475,79.1785,79.8275,79.2327,78.9928,80.5323,81.7018,82.0608,82.8545,81.8116,82.9456,82.8315,84.3203,83.0829,80.5852,80.8532,80.4139,79.5042,81.261,81.3285,81.7619,80.9771,81.3683,81.9516,82.0421,82.8416,82.7196,81.6799,81.8866,81.8282,83.3863,84.3855,84.8069,82.9507,82.4552,82.905,82.6197,82.6993,82.1655,124.681,-54.0426,38.3051,96.3636,
W_Calibration,100,0,0,95.0422,100,108.876,565.016,99.9909,1.74827e-05,0.00127928,0,0,6504.1, ,100,100,100,100,100,100,100,100,100,100,100,100,100,100,100,100,100,100,100,100,100,100,100,100,100,100,100,100,100,100,100,100,100,100,100,100,100,100,100,100,100,100,100,100,100,100,100,100,100,100,100,100,100,100,100,100,100,100,100,100,100,100,100,100,100,100,100,100,100,100,100,100,100,100,100,100,100,100,100,100,100,100,100,100,100,100,100,100,100,100,100,100,100,100,100,100,100,100,100,100,100,100,100,100,100,100,100,100,100,100,100,100,100,100,100,100,100,100,100,100,100,100,100,100,100,100,100,100,100,100,100,100,100,100,100,100,100,100,100,100,100,100,100,100,100,100,100,100,100,100,100,100,100,100,100,100,100,100,100,100,100,100,100,100,100,100,100,100,100,100,100,100,100,100,100,100,100,100,100,100,100,100,100,100,100,100,100,100,100,100,100,100,100,100,100,100,100,100,100,100,100,100,100,100,100,100,100,100,100,100,100,100,100,100,100,100,100,100,100,100,100,100,100,100,100,100,100,100,100,100,100,100,100,100,100,100,100,100,100,100,100,100,100,100,100,100,100,100,100,100,100,100,100,100,100,100,100,100,100,100,100,100,100,100,100,100,100,100,100,100,100,100,100,100,100,100,100,100,100,100,100,100,100,100,100,100,100,100,100,100,100,100,100,100,100,100,100,100,100,100,100,100,100,100,100,100,100,100,100,100,100,100,100,100,100,100,100,100,100,100,100,100,100,100,100,100,100,100,100,100,100,100,100,100,100,100,100,100,100,100,100,100,100,100,100,100,100,100,100,100,100,100,100,100,100,100,100,100,100,100,100,100,100,100,100,100,100,100,100,100,100,100,100,100,100,100,100,100,100,100,100,100,100,100,100,100,100,100,100,100,100,100,100,100,100,100,100,100,100,100,100,100,100,100,100,100,100,100,100,100,100,100,100,100,100,100,100,100,100,100,100,100,100,100,100,100,100,100,100,100,100,100,100,100,100,100,100,100,100,100,100,100,100,100,100,100,100,100,100,100,100,100,100,100,100,100,100,100,100,100,100,100,100,100,100,100,100,100,100,100,100,100,100,100,100,100,100,100,100,100,100,100,100,100,100,100,100,100,100,100,100,100,100,100,100,100,100,100,100,100,100,100,100,100,100,100,100,100,100,100,100,100,100,100,100,100,100,100,100,100,100,100,100,100,100,100,100,100,100,100,100,100,100,100,100,100,100,100,100,100,100,100,100,100,100,100,100,100,100,100,100,100,100,100,100,100,100,100,100,100,100,100,100,100,100,100,100,100,100,100,100,100,100,100,100,100,100,100,100,100,100,100,100,100,100,100,100,100,100,100,100,100,100,100,100,100,100,100,100,100,100,100,100,100,100,100,100,100,100,100,100,100,100,100,100,100,100,100,100,100,100,100,100,100,100,100,100,100,100,100,100,100,100,100,100,100,100,100,100,100,100,100,100,100,100,100,100,100,100,100,100,100,100,100,100,100,100,100,100,100,100,100,100,100,100,100,100,100,100,100,100,100,100,100,100,100,100,100,100,100,100,100,100,100,100,100,100,100,100,100,100,100,100,100,100,100,100,100,100,100,100,100,100,100,100,100,100,100,100,100,100,100,100,100,100,100,100,100,100,100,100,100,100,100,100,100,100,100,100,100,100,100,100,100,100,100,100,100,100,100,100,100,100,100,100,100,100,100,100,100,100,100,100,100,100,100,100,100,100,100,100,100,100,100,100,100,100,100,100,100,100,100,100,100,100,100,100,100,100,100,100,100,100,100,100,100,100,100,100,100,100,100,100,100,100,100,100,100,100,100,100,100,100,100,100,100,100,100,100,100,100,100,100,100,100,100,100,100,100,100,100,100,100,100,100,100,100,100,100,100,100,100,100,100,100,100,100,100,100,100,100,100,100,100,100,100,100,100,100,100,100,100,100,100,100,100,100,100,100,100,100,100,100,100,100,100,100,100,100,100,100,100,100,100,100,100,100,100,100,100,100,100,100,100,100,100,100,100,100,100,100,100,100,100,100,100,100,100,100,100,100,100,100,100,100,100,100,100,100,100,100,100,100,100,100,100,100,100,100,100,100,100,100,100,100,100,100,100,100,100,100,100,100,100,100,100,100,100,100,100,100,100,100,100,100,100,100,100,100,100,100,100,100,100,100,100,100,100,100,100,100,100,100,100,100,100,100,100,100,100,100,100,100,100,100,100,100,100,100,100,100,100,100,100,100,100,100,100,100,100,100,100,100,100,100,100,100,100,100,100,100,100,100,100,100,100,100,100,100,100,100,100,100,100,100,100,100,100,100,100,100,100,100,100,100,100,100,100,100,100,100,100,100,100,100,100,100,100,100,100,100,100,100,100,
F_Calibration,100,0,0,108.104,100,39.2965,491.07,99.9909,0.000170256,0.00127928,0,0,3000.62, ,100,100,100,100,100,100,100,100,100,100,100,100,100,100,100,100,100,100,100,100,100,100,100,100,100,100,100,100,100,100,100,100,100,100,100,100,100,100,100,100,100,100,100,100,100,100,100,100,100,100,100,100,100,100,100,100,100,100,100,100,100,100,100,100,100,100,100,100,100,100,100,100,100,100,100,100,100,100,100,100,100,100,100,100,100,100,100,100,100,100,100,100,100,100,100,100,100,100,100,100,100,100,100,100,100,100,100,100,100,100,100,100,100,100,100,100,100,100,100,100,100,100,100,100,100,100,100,100,100,100,100,100,100,100,100,100,100,100,100,100,100,100,100,100,100,100,100,100,100,100,100,100,100,100,100,100,100,100,100,100,100,100,100,100,100,100,100,100,100,100,100,100,100,100,100,100,100,100,100,100,100,100,100,100,100,100,100,100,100,100,100,100,100,100,100,100,100,100,100,100,100,100,100,100,100,100,100,100,100,100,100,100,100,100,100,100,100,100,100,100,100,100,100,100,100,100,100,100,100,100,100,100,100,100,100,100,100,100,100,100,100,100,100,100,100,100,100,100,100,100,100,100,100,100,100,100,100,100,100,100,100,100,100,100,100,100,100,100,100,100,100,100,100,100,100,100,100,100,100,100,100,100,100,100,100,100,100,100,100,100,100,100,100,100,100,100,100,100,100,100,100,100,100,100,100,100,100,100,100,100,100,100,100,100,100,100,100,100,100,100,100,100,100,100,100,100,100,100,100,100,100,100,100,100,100,100,100,100,100,100,100,100,100,100,100,100,100,100,100,100,100,100,100,100,100,100,100,100,100,100,100,100,100,100,100,100,100,100,100,100,100,100,100,100,100,100,100,100,100,100,100,100,100,100,100,100,100,100,100,100,100,100,100,100,100,100,100,100,100,100,100,100,100,100,100,100,100,100,100,100,100,100,100,100,100,100,100,100,100,100,100,100,100,100,100,100,100,100,100,100,100,100,100,100,100,100,100,100,100,100,100,100,100,100,100,100,100,100,100,100,100,100,100,100,100,100,100,100,100,100,100,100,100,100,100,100,100,100,100,100,100,100,100,100,100,100,100,100,100,100,100,100,100,100,100,100,100,100,100,100,100,100,100,100,100,100,100,100,100,100,100,100,100,100,100,100,100,100,100,100,100,100,100,100,100,100,100,100,100,100,100,100,100,100,100,100,100,100,100,100,100,100,100,100,100,100,100,100,100,100,100,100,100,100,100,100,100,100,100,100,100,100,100,100,100,100,100,100,100,100,100,100,100,100,100,100,100,100,100,100,100,100,100,100,100,100,100,100,100,100,100,100,100,100,100,100,100,100,100,100,100,100,100,100,100,100,100,100,100,100,100,100,100,100,100,100,100,100,100,100,100,100,100,100,100,100,100,100,100,100,100,100,100,100,100,100,100,100,100,100,100,100,100,100,100,100,100,100,100,100,100,100,100,100,100,100,100,100,100,100,100,100,100,100,100,100,100,100,100,100,100,100,100,100,100,100,100,100,100,100,100,100,100,100,100,100,100,100,100,100,100,100,100,100,100,100,100,100,100,100,100,100,100,100,100,100,100,100,100,100,100,100,100,100,100,100,100,100,100,100,100,100,100,100,100,100,100,100,100,100,100,100,100,100,100,100,100,100,100,100,100,100,100,100,100,100,100,100,100,100,100,100,100,100,100,100,100,100,100,100,100,100,100,100,100,100,100,100,100,100,100,100,100,100,100,100,100,100,100,100,100,100,100,100,100,100,100,100,100,100,100,100,100,100,100,100,100,100,100,100,100,100,100,100,100,100,100,100,100,100,100,100,100,100,100,100,100,100,100,100,100,100,100,100,100,100,100,100,100,100,100,100,100,100,100,100,100,100,100,100,100,100,100,100,100,100,100,100,100,100,100,100,100,100,100,100,100,100,100,100,100,100,100,100,100,100,100,100,100,100,100,100,100,100,100,100,100,100,100,100,100,100,100,100,100,100,100,100,100,100,100,100,100,100,100,100,100,100,100,100,100,100,100,100,100,100,100,100,100,100,100,100,100,100,100,100,100,100,100,100,100,100,100,100,100,100,100,100,100,100,100,100,100,100,100,100,100,100,100,100,100,100,100,100,100,100,100,100,100,100,100,100,100,100,100,100,100,100,100,100,100,100,100,100,100,100,100,100,100,100,100,100,100,100,100,100,100,100,100,100,100,100,100,100,100,100,100,100,100,100,100,100,100,100,100,100,100,100,100,100,100,100,100,100,100,100,100,100,100,100,100,100,100,100,100,100,100,100,100,100,100,100,100,100,100,100,100,100,100,100,100,100,100,100,100,100,100,100,100,100,100,100,100,100,100,100,100,100,100,100,100,100,100,100,
W_3515A2/26_G_None_0.503_VS2,100.498,-0.641132,1.34527,95.9026,101.293,108.082,568.572,95.4353,0.0117712,0.375691,1.49024,115.482,6408.31, ,-166.667,94.4785,-524.324,-296.386,99.7111,100.195,99.6709,99.6259,99.6678,99.8224,99.6459,100.178,99.7735,99.65,99.3026,99.6764,100.224,99.2636,99.1426,98.8496,98.7848,98.4526,98.4303,98.6285,98.6088,98.6808,99.6651,99.3345,99.4103,99.1309,99.2752,99.6974,99.9542,100.162,99.7951,99.1331,99.3397,99.8185,99.7742,99.8657,99.8443,99.2027,99.0094,99.012,99.4565,99.1143,98.5871,98.039,97.8152,97.6555,97.9753,97.9633,97.9735,97.5074,98.2249,98.4799,99.1832,98.8453,99.0739,99.4394,99.6221,99.6054,100,99.7075,99.9033,99.8844,100.464,100.672,100.324,100.019,99.6627,99.5884,98.962,98.6947,98.8129,98.6785,98.5753,98.4041,98.487,98.671,98.5222,98.9812,98.8993,98.6435,98.6335,98.0804,98.4113,98.6074,98.515,98.5916,98.635,98.7881,98.8273,99.1614,99.2798,98.6984,98.4976,98.2331,98.6136,98.6054,98.2411,98.0348,97.5982,97.358,97.7698,97.3077,97.7009,97.4824,97.3922,97.7736,97.8472,97.9901,98.1262,98.0923,98.812,98.326,98.1881,97.7389,97.6549,97.834,98.0098,98.2988,98.6565,98.8039,99.0451,99.5091,99.9022,99.7764,99.4844,99.3746,99.2802,98.7178,98.1855,98.7079,98.5912,98.5395,98.6522,99.0203,98.8614,99.1995,99.3511,99.502,99.2222,98.7551,98.6795,98.5077,98.4194,98.5553,98.341,97.9831,97.7494,97.8359,97.9128,97.8164,97.9806,97.7132,97.4174,97.1542,97.8331,98.0346,97.5614,98.0577,98.0911,98.3711,98.5395,98.8821,98.8529,98.8605,98.6929,98.7933,98.1683,98.5565,98.5878,98.5957,98.4773,98.6485,98.063,98.3799,98.78,99.1406,99.0267,99.0187,98.9583,98.643,98.8267,99.111,98.8951,98.8392,98.47,98.3508,97.7919,97.8404,97.9748,97.1753,97.0157,96.9097,96.4589,96.4121,96.2864,96.4148,95.7372,95.3602,95.9294,95.941,96.2257,96.195,96.2998,96.4124,96.0357,96.5799,96.8853,96.7341,96.3067,95.6677,95.7133,95.0095,94.8952,95.2121,95.0333,95.0881,94.9233,94.9927,94.9001,94.8552,95.0834,94.7956,94.3327,94.1339,93.5458,93.5054,93.1173,92.9001,92.5744,92.2165,91.8184,91.5403,91.2187,90.9312,90.3013,90.1397,89.7873,89.2954,88.935,88.3631,87.8908,87.378,86.8753,86.2292,85.8262,85.1398,84.7352,84.4718,84.4024,84.3989,84.5026,84.5506,84.7196,84.7154,84.7624,84.6383,84.434,84.3205,84.3026,84.4354,84.7343,85.1708,85.6888,86.2248,86.7996,87.3973,88.0068,88.6398,89.2187,89.722,89.9458,89.8296,89.4889,89.3166,89.5154,89.8818,90.3076,90.8191,91.3418,92.0909,93.2192,94.5263,95.5655,96.1563,96.5391,96.8261,97.0622,97.3269,97.5873,97.7404,97.9106,98.0604,98.1977,98.3596,98.5165,98.6257,98.7178,98.7802,98.8692,98.9641,98.9814,99.0823,99.124,99.1465,99.1841,99.2304,99.2497,99.2712,99.3006,99.3658,99.3607,99.3723,99.3972,99.4091,99.4231,99.443,99.4496,99.4267,99.4342,99.4436,99.474,99.4705,99.4689,99.4623,99.5,99.5396,99.5956,99.6185,99.6561,99.6742,99.7402,99.7981,99.8468,99.8701,99.8824,99.9057,99.9212,99.9486,99.9803,99.9764,99.9823,99.9941,100.025,100.079,100.129,100.197,100.189,100.211,100.215,100.211,100.21,100.174,100.12,100.043,99.9663,99.9803,99.9618,99.9965,100.043,100.119,100.198,100.311,100.427,100.53,100.608,100.684,100.765,100.843,100.902,100.955,100.956,101,101.03,101.069,101.087,101.099,101.102,101.096,101.13,101.162,101.185,101.229,101.236,101.263,101.275,101.288,101.308,101.283,101.303,101.267,101.263,101.285,101.326,101.327,101.353,101.346,101.364,101.364,101.389,101.396,101.375,101.332,101.339,101.32,101.316,101.315,101.321,101.313,101.32,101.322,101.34,101.336,101.348,101.366,101.368,101.385,101.391,101.373,101.386,101.384,101.379,101.37,101.36,101.372,101.356,101.355,101.36,101.368,101.359,101.387,101.376,101.372,101.368,101.353,101.351,101.363,101.35,101.354,101.33,101.356,101.342,101.331,101.339,101.341,101.334,101.349,101.355,101.347,101.352,101.373,101.385,101.399,101.425,101.41,101.406,101.391,101.397,101.38,101.392,101.376,101.36,101.356,101.374,101.354,101.364,101.374,101.377,101.348,101.353,101.372,101.37,101.354,101.361,101.356,101.366,101.347,101.38,101.388,101.365,101.351,101.36,101.368,101.393,101.382,101.401,101.369,101.352,101.362,101.363,101.335,101.329,101.296,101.295,101.294,101.312,101.318,101.315,101.332,101.372,101.369,101.386,101.373,101.361,101.347,101.35,101.361,101.323,101.292,101.297,101.305,101.309,101.317,101.332,101.34,101.331,101.34,101.364,101.355,101.348,101.348,101.369,101.378,101.364,101.355,101.352,101.342,101.371,101.36,101.377,101.342,101.321,101.333,101.326,101.343,101.349,101.322,101.333,101.332,101.338,101.35,101.359,101.381,101.378,101.367,101.355,101.362,101.36,101.372,101.383,101.378,101.365,101.368,101.377,101.375,101.378,101.362,101.365,101.338,101.335,101.331,101.315,101.333,101.364,101.359,101.375,101.368,101.388,101.411,101.424,101.46,101.472,101.465,101.479,101.479,101.49,101.482,101.464,101.465,101.452,101.407,101.427,101.402,101.405,101.399,101.39,101.376,101.379,101.357,101.371,101.341,101.336,101.319,101.322,101.347,101.366,101.361,101.384,101.39,101.408,101.418,101.431,101.435,101.41,101.414,101.405,101.387,101.396,101.396,101.398,101.381,101.388,101.405,101.401,101.425,101.439,101.462,101.479,101.483,101.502,101.488,101.502,101.509,101.499,101.503,101.5,101.459,101.461,101.46,101.474,101.449,101.462,101.474,101.465,101.447,101.482,101.501,101.515,101.524,101.548,101.526,101.519,101.549,101.557,101.568,101.589,101.594,101.586,101.616,101.629,101.64,101.628,101.629,101.622,101.584,101.584,101.588,101.572,101.583,101.581,101.605,101.608,101.604,101.624,101.651,101.688,101.682,101.688,101.717,101.704,101.681,101.702,101.699,101.718,101.714,101.75,101.762,101.773,101.752,101.786,101.792,101.788,101.714,101.687,101.628,101.591,101.583,101.617,101.606,101.59,101.636,101.672,101.694,101.752,101.794,101.797,101.824,101.849,101.831,101.81,101.802,101.795,101.785,101.824,101.846,101.898,101.892,101.985,102.037,102.085,102.094,102.042,101.986,101.979,101.91,101.932,101.999,101.917,101.949,101.95,102.071,102.033,102.01,102.04,102.082,101.991,102.044,102.035,102.117,102.085,102.149,102.12,102.16,102.096,102.044,102.055,102.01,101.983,101.968,101.931,101.952,101.918,101.972,102.026,101.962,102.012,101.97,101.974,102.012,102.088,102.069,102.08,102.084,102.183,102.149,102.233,102.21,102.255,102.224,102.218,102.165,102.123,102.168,102.272,102.164,102.175,102.204,102.163,102.196,102.23,102.235,102.098,101.989,102.041,102.091,102.107,102.106,102.145,102.176,102.333,102.429,102.461,102.586,102.628,102.619,102.68,102.616,102.619,102.562,102.505,102.525,102.338,102.305,102.38,102.445,102.425,102.535,102.695,102.752,102.845,102.793,102.714,102.704,102.609,102.595,102.455,102.142,101.987,101.823,102.072,102.095,101.967,101.848,102.02,102.096,102.229,102.245,102.316,102.294,102.229,102.281,102.578,102.606,102.456,102.353,102.5,102.415,102.153,102.357,102.085,101.977,101.785,101.994,102.175,101.973,102.092,102.217,102.076,102.222,102.383,102.374,102.318,102.193,102.126,102.001,102.359,102.234,102.364,102.145,102.28,102.139,102.115,102.314,101.916,101.161,101.08,101.122,101.341,101.243,101.169,101.065,101.236,101.789,102.187,102.126,101.983,101.728,101.858,101.866,102.095,101.918,101.702,101.755,101.9,101.891,102.058,101.928,102.216,101.879,101.998,102.118,102.086,102.213,101.951,101.697,101.958,101.684,101.633,101.607,101.485,101.717,101.633,102.051,102.155,101.523,101.705,101.953,101.805,101.911,101.707,101.698,101.194,101.297,101.698,101.602,101.534,101.592,101.696,101.445,101.561,101.914,101.576,101.193,101.306,101.254,101.562,101.547,101.757,101.796,101.595,102.26,102.823,102.742,102.883,102.512,102.278,102.456,102.6,102.735,102.191,101.797,101.342,101.076,101.195,101.474,101.168,101.181,101.041,101.321,101.043,101.62,101.803,101.734,101.605,101.442,100.94,100.96,100.495,100.252,100.298,100.23,100.115,100.206,100.571,100.549,100.572,101.113,101.741,101.729,101.622,102.053,102.411,102.42,102.805,103.114,102.961,102.838,102.988,102.919,102.74,102.541,102.393,102.782,102.537,102.638,102.525,102.388,102.712,102.503,102.217,102.128,101.956,102.061,102.163,102.522,102.489,102.194,102.583,102.803,102.943,102.479,102.019,101.623,101.359,100.788,101.042,100.975,100.959,100.74,101.051,101.442,101.366,101.238,101.704,101.401,101.369,101.355,101.787,101.423,101.651,102.055,102.12,102.128,102.327,102.155,102.168,101.952,102.281,101.861,101.998,102.026,102.285,102.498,102.663,102.589,102.936,102.607,102.718,102.445,102.672,102.636,102.527,102.78,102.856,102.514,102.941,103.299,2466.67,-106.977,176.068,-4.87805,
F_3515A2/26_G_None_0.503_VS2,99.9194,1.42216,-2.57041,108.802,99.7917,40.7472,572.235,109.921,0.0133021,-2.27233,2.93761,-61.045,2977.99, ,-200,-334.286,105.664,104.672,83.3064,82.7139,82.5708,82.3015,82.3964,82.4794,82.467,82.2597,82.5899,82.6675,82.5066,82.1491,82.6924,82.0374,82.1429,82.104,81.9113,82.0958,82.6083,82.2417,83.3377,82.6244,83.6973,84.3317,84.6588,84.8815,84.6329,84.2323,84.6577,83.94,84.3797,83.9598,83.4327,83.2845,83.5123,83.2007,83.3846,84.0132,84.2562,84.4594,85.146,84.857,85.1146,85.0712,85.0156,84.9115,84.5334,84.7581,84.5524,83.4268,83.4268,83.4713,83.1202,83.2879,83.7822,83.7016,83.818,83.9279,84.7839,85.4402,85.1834,85.6197,85.5909,85.0159,85.1961,85.14,84.846,84.6988,84.1261,84.2086,83.9949,83.9269,84.0472,83.6669,83.4678,83.7085,83.4805,83.8115,83.5204,83.3597,83.1228,83.3323,83.8449,83.6129,83.6365,83.4139,82.974,82.364,83.0279,83.6693,83.5285,83.4237,83.3688,82.9786,83.8029,83.6385,84.4213,84.0135,84.1959,84.2714,84.1223,84.1193,84.4928,84.0861,84.2571,84.3883,84.1903,83.2079,83.0713,83.1551,83.0986,83.1784,82.8693,83.1396,82.8962,83.1889,83.7026,84.0307,83.552,83.7496,84.1667,84.724,84.3867,84.3623,84.5207,84.4946,84.3251,84.3981,84.5275,83.8669,83.699,83.6933,83.5152,83.8657,83.9154,83.954,84.2547,84.2599,84.7498,84.739,85.1179,85.1755,85.0471,85.1203,84.7217,84.5957,84.4008,84.2458,84.2015,84.312,84.4676,83.8136,83.807,84.0443,84.0524,84.2166,84.2915,84.2946,84.4881,84.4785,84.9131,84.7561,84.7196,84.7615,84.6417,84.481,84.3529,84.1988,84.1526,84.0913,84.0994,84.1539,84.2154,84.151,84.0446,84.0613,83.7542,83.7571,83.7589,83.9182,84.0232,83.9878,84.0281,84.1813,84.2243,84.5684,84.6597,84.6847,84.6337,84.5772,84.5583,84.4218,84.3939,84.4895,84.4277,84.4978,84.8731,85.1547,85.5075,85.8324,86.1383,86.3161,86.3567,86.3724,86.3753,86.1879,86.1099,85.938,85.7345,85.5333,85.3621,85.1958,85.0401,84.8797,84.7366,84.5773,84.3947,84.2214,84.031,83.8139,83.5935,83.3545,83.1065,82.879,82.638,82.4296,82.2137,82.0325,81.8927,81.7483,81.6234,81.5081,81.3405,81.1675,81.0636,80.9862,80.9138,80.828,80.8669,80.8876,80.9349,81.0733,81.1772,81.2077,81.2378,81.1932,81.1552,81.0794,81.1362,81.2824,81.4503,81.6794,81.9988,82.2512,82.7568,83.0786,83.206,83.3601,83.3974,83.4038,83.5197,83.6733,84.0686,84.3749,84.9379,85.4834,86.2469,86.9415,87.6592,88.0899,88.3498,88.6272,88.9909,89.4078,90.102,90.7044,91.3697,91.8859,92.904,93.7127,94.4192,95.1543,95.818,96.7183,97.3407,98.1252,98.8698,99.4928,100.1,101.271,103.784,105.337,105.501,105.778,106.134,106.04,106.006,106.157,105.895,104.062,103.266,103.854,104.258,104.335,104.907,105.302,105.682,105.751,106.061,106.513,106.361,106.323,106.181,105.738,105.543,105.068,105.325,105.607,105.345,105.152,105.248,105.44,105.786,105.927,106.14,106.027,105.61,105.448,105.179,105.087,104.841,104.625,104.879,104.993,104.867,104.65,105.045,105.226,105.209,105.536,105.401,104.943,104.937,104.773,104.785,104.314,104.179,103.93,103.611,103.362,103.342,102.846,102.602,102.419,102.377,101.98,101.76,101.424,101.509,101.228,101.516,101.641,101.796,101.345,101.279,101.126,101.047,100.95,100.997,100.974,100.627,100.365,100.651,100.706,100.757,100.881,100.744,100.766,100.527,100.526,100.518,100.575,100.589,100.373,100.226,100.356,100.229,100.149,100.053,99.9855,99.825,99.6718,99.7446,99.8276,99.6437,99.5531,99.3395,99.509,99.1391,99.053,99.1003,98.8839,98.9033,98.7681,98.86,98.8443,98.8829,99.039,99.0369,99.0798,99.2036,99.0384,99.1872,99.25,99.4687,99.3948,99.3353,99.2661,99.3772,99.2989,99.4495,99.3756,99.108,98.8576,98.5757,98.7361,98.7127,98.4683,98.5713,98.5572,98.6486,98.9986,99.0267,99.2746,99.2088,99.1088,99.0976,99.1667,99.0204,98.7259,98.3072,98.5191,98.3514,98.2522,98.4408,98.7226,98.7881,98.7897,99.1377,99.1839,98.9927,99.3158,99.7226,99.5523,99.318,99.0011,98.9106,98.7559,98.9553,99.2263,99.1091,98.7956,98.8352,98.7256,99.0019,99.1207,99.0791,98.9261,98.8436,98.8678,99.0481,99.1784,99.716,99.6225,99.8341,99.8913,100.055,99.9314,99.8954,99.7511,99.9783,99.8691,100.112,100.175,100.312,100.378,100.614,100.727,100.802,100.705,100.678,100.349,100.128,100.195,100.263,100.178,100.288,100.126,99.9614,100.017,100.212,100.467,100.336,100.504,100.363,100.22,100.595,100.644,100.456,100.656,100.449,100.713,100.464,100.437,100.56,100.685,101.022,100.968,101.068,101.132,100.817,101.195,101.484,101.553,101.287,101.265,101.197,100.802,100.607,100.715,100.618,100.737,100.374,100.167,99.7816,100.112,100.242,100.801,100.781,100.502,100.445,100.738,101.192,102.001,101.721,102.029,101.895,102.321,102.495,102.763,102.706,102.637,101.787,101.734,101.834,101.616,101.545,101.594,101.339,101.466,101.311,101.714,102.261,102.111,102.14,101.765,101.696,101.403,101.329,102.024,102.001,102.088,102.05,102.557,102.553,102.649,103.421,102.944,102.463,102.444,102.418,102.743,102.153,102.432,102.19,101.642,102.695,102.86,103.188,102.896,102.9,103.323,103.329,103.829,104.436,103.697,103.733,103.774,103.857,103.563,103.014,103.995,103.995,103.816,104.355,104.584,104.658,104.793,104.502,105.27,104.722,104.613,104.045,104.185,103.859,103.764,103.674,103.84,104.138,103.747,103.871,104.175,103.936,104.263,104.27,104.736,104.443,104.511,104.677,104.292,105.141,105.194,104.667,104.719,104.521,105.184,104.558,104.773,104.914,104.594,104.881,105.358,104.911,104.199,104.156,103.321,103.503,102.079,100.876,101.394,101.597,101.516,102.018,102.161,103.862,103.916,104.789,105.422,105.117,105.758,106.946,106.3,106.597,105.59,105.051,106.036,106.012,104.689,104.592,104.564,105.378,103.886,104.192,104.291,104.562,105.809,106.732,107.437,106.269,105.88,108.741,108.323,109.048,107.605,106.67,105.235,103.29,104.323,106.276,105.408,106.557,106.47,107.469,108.609,110.115,110.302,108.605,107.488,108.56,109.638,108.912,110.664,109.965,109.766,111.22,111.982,110.761,108.411,105.905,106.103,104.139,103.226,105.191,102.997,103.959,103.531,105.055,105.955,106.887,106.537,107.135,102.778,104.365,102.544,105.878,104.626,104.924,103.613,105.361,106.923,108.124,107.064,109.529,109.336,107.559,108.706,109.265,108.805,107.717,111.999,110.892,112.331,114.882,118.393,115.858,116.235,115.826,116.159,112.213,115.294,111.99,105.027,102.925,104.047,104.319,103.796,103.699,106.538,106.396,110.383,111.446,114.043,111.374,109.595,110.203,112.392,109.313,108.208,105.747,107.773,107.71,109.874,112.93,113.926,112.01,112.893,113.784,111.286,111.26,110.761,113.829,108.233,106.792,104.67,105.11,107.816,112.705,111.686,112.924,111.434,120.997,118.236,115.369,112.589,110.024,107.394,109.057,110.218,106.831,100.147,100.544,102.09,104.553,109.358,103.396,104.105,102.577,102.651,107.687,108.487,110.847,116.602,113.544,123.76,121.726,120.755,127.201,123.995,121.315,125.369,117.346,110.915,108.022,108.164,107.72,100.164,98.9317,102.314,102.285,99.7524,103.131,98.0703,99.7565,102.516,102.991,103.423,103.725,101.861,101.033,100.169,99.744,96.8514,93.6899,90.7445,93.607,93.4639,92.5856,98.1099,97.7634,100.568,99.3479,97.3952,103.754,100.53,97.944,96.1367,95.5449,96.9646,92.2955,93.7915,95.0791,94.0153,92.8824,93.0342,89.0799,89.1469,90.0447,92.2208,92.5993,94.8065,97.5275,96.5175,96.4828,100.804,100.804,94.0072,96.5175,95.8467,91.4572,87.7674,86.071,88.1368,90.1978,88.0264,92.8566,91.9592,93.3615,94.8666,94.7207,100.754,96.0915,94.37,99.5172,98.0437,99.5215,95.4436,95.8211,96.4039,92.7791,95.186,91.6079,90.478,90.009,88.2972,92.1962,89.1317,88.9351,90.3992,89.7811,91.1398,88.2302,89.5169,89.0292,87.599,89.3966,89.0947,88.8325,89.3641,89.4852,90.5152,90.7075,91.5421,89.8708,90.258,88.4969,87.3894,87.2571,86.6555,87.7438,86.0119,85.4027,88.0691,87.4449,89.524,88.2762,88.5165,87.7373,85.5817,87.3152,86.7119,84.227,83.2728,82.772,83.7257,81.6576,81.4315,83.5672,82.5977,82.2769,83.0079,83.7986,83.6175,82.5569,83.7302,84.7917,84.7984,84.6623,85.3776,84.7405,84.5841,84.5008,86.0173,85.9873,86.2452,84.7305,84.4546,84.4633,84.891,85.4142,85.7312,86.1482,86.1686,86.3633,85.9628,87.1129,86.4829,87.2939,87.1448,87.1807,85.7308,84.4871,83.6388,84.3374,83.2331,84.6819,83.9247,84.2749,82.9641,84.3316,85.6075,84.7806,84.9771,85.9729,86.7029,86.269,86.5212,88.1774,87.0634,86.8843,86.8596,85.5172,84.0055,84.0349,84.6646,83.1926,82.2876,83.1763,83.5286,84.9497,86.3166,86.256,84.5645,84.0093,86.0649,85.8352,86.1246,85.0235,84.2716,83.6469,82.6701,83.4807,84.2045,83.4957,83.2093,82.0751,82.0518,81.968,82.5837,84.7707,83.5874,83.4974,84.1415,85.4337,85.4333,86.7459,88.0008,-2048.57,47.0164,87.1533,-27.6404,
W_3476A2/115_J_Faint_0.517_VS1,100.297,-1.24113,3.10598,95.0653,100.771,104.695,569.835,87.2171,0.0276744,0.47798,3.34477,111.781,6275.13, ,133.333,-25.1534,-754.054,-97.5904,97.0555,96.5443,96.17,96.6526,96.4391,96.2299,96.0698,96.1526,96.238,95.49,95.8842,96.4059,96.0237,95.2068,94.9477,94.8547,94.5019,94.1683,94.5861,94.3649,94.3105,94.6224,95.0603,94.8588,94.6616,94.7794,94.6856,94.8196,94.5751,94.3234,93.6968,93.9251,93.8222,94.4666,94.5432,94.1304,93.6813,93.6153,93.2802,93.4737,93.3606,93.5132,92.9733,92.8555,93.1662,93.5331,93.3528,93.6761,93.6452,93.5575,93.8245,93.9975,94.134,93.9992,94.0354,94.8681,94.8599,94.9016,95.0092,95.0179,95.2142,95.1232,95.4371,95.2749,94.5328,94.4251,94.0863,94.3982,93.6929,93.506,93.4756,93.443,93.8286,93.9717,93.7842,94.2194,94.1556,94.6031,94.51,94.7446,94.6862,94.084,94.462,94.511,94.3774,94.2623,94.1535,94.1524,94.3972,94.3554,94.807,94.6113,94.4718,94.4717,94.2598,94.3709,94.5008,94.0705,93.8456,93.6076,93.597,93.5786,93.4179,93.6659,93.8678,93.9907,94.0588,94.1895,94.2579,94.2011,94.6291,94.4805,94.2427,93.7038,93.4056,93.2857,93.6147,93.8588,93.9301,94.0585,94.3652,94.8051,95.0234,95.1843,95.2714,95.1594,94.8326,94.703,94.1004,94.2104,93.8148,93.6499,93.4212,93.6145,93.626,94.2571,94.3314,94.5436,94.5783,95.1917,95.2757,95.6406,95.7741,95.8361,95.2182,94.9164,94.8949,94.8353,94.2806,94.4419,94.3898,93.9167,93.9168,94.0142,94.619,94.7358,94.5396,94.9907,94.9493,95.1362,95.092,95.0661,94.9404,94.79,94.9525,95.4879,94.6726,94.6605,94.3851,94.6951,94.5596,94.7727,94.8125,94.6095,94.4355,94.7095,94.5015,94.7713,94.6952,94.6742,94.3265,94.1389,93.864,93.6465,93.7457,93.7051,92.9683,92.7608,92.406,91.6872,91.3871,91.1335,90.692,89.9657,89.7125,89.7685,89.3691,89.0996,89.4617,89.1716,89.2287,88.7043,88.566,88.2358,87.866,87.8934,87.7088,87.5293,86.9628,86.0713,86.236,86.0092,85.8082,85.8427,85.4423,85.3941,85.0456,85.0761,85.1659,84.7988,84.6803,84.3497,83.6262,83.1014,82.433,81.944,81.2489,80.8927,80.2426,79.4162,78.6596,78.0144,77.2292,76.4376,75.4194,74.6373,73.7137,72.7105,71.8346,70.7418,69.6863,68.746,67.6478,66.4296,65.4599,64.2243,63.2817,62.5272,62.1722,61.9803,61.9837,61.9992,62.0552,61.991,61.8723,61.5908,61.2736,61.0004,60.9666,61.2101,61.7891,62.7013,63.783,64.9134,66.1131,67.3722,68.7171,70.1001,71.4115,72.5252,73.0886,72.9045,72.2966,72.0902,72.6127,73.5255,74.5951,75.8752,77.308,79.2705,82.0305,85.1804,87.7034,89.2848,90.3962,91.2737,92.0012,92.6796,93.2551,93.6957,94.1182,94.5064,94.9254,95.2634,95.5581,95.7768,96.0021,96.2061,96.3982,96.5604,96.6593,96.7183,96.7799,96.8399,96.9067,96.9446,96.9542,96.9658,97.0101,97.0542,97.0802,97.1058,97.1117,97.0989,97.0917,97.0817,97.039,96.9319,96.8196,96.7113,96.6074,96.5226,96.4694,96.4342,96.4295,96.469,96.5634,96.676,96.7902,96.8852,97.0176,97.0945,97.1675,97.224,97.2268,97.2324,97.216,97.2335,97.3027,97.2952,97.3394,97.3938,97.4647,97.5714,97.662,97.7646,97.7935,97.7922,97.7595,97.7053,97.6041,97.4225,97.2246,97.0009,96.8137,96.7496,96.7086,96.8227,96.9651,97.1954,97.4912,97.8479,98.2221,98.5647,98.8275,99.0748,99.2707,99.4431,99.5673,99.665,99.7182,99.7826,99.8584,99.9352,100,100.049,100.096,100.112,100.17,100.243,100.289,100.34,100.387,100.422,100.444,100.447,100.466,100.507,100.492,100.516,100.513,100.518,100.55,100.556,100.593,100.624,100.624,100.644,100.635,100.644,100.645,100.624,100.633,100.616,100.611,100.595,100.617,100.625,100.661,100.66,100.687,100.702,100.724,100.772,100.79,100.815,100.817,100.812,100.817,100.818,100.816,100.811,100.776,100.79,100.775,100.795,100.801,100.82,100.825,100.844,100.848,100.868,100.874,100.881,100.888,100.89,100.894,100.903,100.891,100.916,100.915,100.932,100.938,100.934,100.93,100.946,100.943,100.952,100.955,100.961,100.953,100.955,100.981,100.971,100.97,100.97,100.968,100.964,100.97,100.944,100.943,100.932,100.955,100.941,100.946,100.957,100.959,100.946,100.969,100.993,101.009,101.003,101.016,101.017,101.009,101.018,101.034,101.021,100.991,100.96,100.952,100.935,100.962,100.97,100.968,100.956,100.964,100.972,100.999,100.996,101.016,100.996,100.994,100.98,101.001,101.004,101.021,101.006,101.017,101.02,101.024,101.037,101.045,101.034,101.041,101.031,101.046,101.066,101.078,101.088,101.088,101.097,101.102,101.112,101.131,101.125,101.116,101.105,101.112,101.093,101.111,101.127,101.134,101.112,101.119,101.119,101.143,101.112,101.141,101.13,101.11,101.101,101.102,101.111,101.119,101.112,101.152,101.147,101.152,101.171,101.164,101.182,101.173,101.167,101.153,101.149,101.157,101.149,101.157,101.172,101.171,101.189,101.197,101.2,101.198,101.186,101.194,101.195,101.212,101.209,101.186,101.199,101.219,101.224,101.235,101.238,101.232,101.236,101.248,101.276,101.266,101.275,101.268,101.267,101.276,101.291,101.269,101.267,101.269,101.267,101.26,101.262,101.265,101.258,101.247,101.251,101.264,101.248,101.257,101.266,101.269,101.248,101.245,101.264,101.277,101.262,101.267,101.278,101.267,101.287,101.316,101.317,101.307,101.295,101.281,101.281,101.279,101.287,101.269,101.272,101.292,101.309,101.336,101.369,101.386,101.396,101.407,101.414,101.419,101.397,101.402,101.418,101.429,101.436,101.457,101.449,101.448,101.444,101.471,101.447,101.438,101.433,101.454,101.449,101.454,101.466,101.484,101.475,101.48,101.484,101.5,101.49,101.497,101.484,101.493,101.491,101.524,101.525,101.527,101.524,101.513,101.511,101.567,101.562,101.593,101.558,101.574,101.569,101.561,101.571,101.586,101.54,101.564,101.559,101.612,101.649,101.672,101.683,101.709,101.689,101.735,101.742,101.756,101.755,101.747,101.71,101.748,101.711,101.71,101.721,101.71,101.662,101.661,101.655,101.675,101.681,101.711,101.722,101.674,101.674,101.706,101.708,101.703,101.726,101.689,101.716,101.754,101.758,101.747,101.763,101.808,101.841,101.841,101.88,101.868,101.844,101.901,102,102.023,102.006,102.018,102.047,102.03,102.029,102.009,102.02,101.932,101.95,101.917,101.969,101.925,101.918,101.89,101.96,101.956,101.992,101.958,102.05,101.967,101.988,101.971,102.023,101.968,101.928,101.931,101.959,101.857,101.898,101.937,102.063,102.04,102.02,102.063,102.024,102.04,102.048,102.111,102.113,102.04,102.096,102.234,102.307,102.418,102.466,102.614,102.517,102.524,102.594,102.58,102.495,102.377,102.419,102.43,102.294,102.302,102.291,102.28,102.26,102.211,102.209,102.117,102.076,102.151,102.229,102.261,102.136,102.244,102.385,102.587,102.57,102.607,102.68,102.652,102.637,102.762,102.643,102.671,102.649,102.79,102.789,102.657,102.791,102.803,102.854,102.988,103.018,103.038,102.938,102.883,102.872,102.689,102.726,102.599,102.462,102.449,102.25,102.172,102.287,102.321,102.44,102.298,102.267,102.294,102.436,102.515,102.604,102.517,102.728,102.633,102.797,102.943,103.149,102.812,102.63,102.547,102.587,102.263,102.253,102.131,102.089,101.911,102.056,102.379,102.583,102.469,102.606,102.799,102.63,102.743,102.818,102.796,102.765,102.549,102.807,102.954,102.895,103.43,103.635,103.557,103.618,103.369,103.468,103.324,102.918,102.647,102.29,102.097,102.207,102.076,102.192,102.202,102.074,102.136,102.309,102.497,102.535,102.667,102.887,103.098,102.956,102.849,103.111,103.223,103.068,102.901,102.55,102.589,102.255,102.648,102.996,103.052,102.955,102.628,102.59,103.001,102.706,102.655,102.248,101.855,101.802,101.854,102.343,102.144,102.154,102.262,102.597,102.736,103.003,102.868,102.721,102.417,102.687,102.572,102.885,102.704,102.541,102.574,102.554,102.643,103.083,102.746,102.592,102.336,102.474,102.591,102.824,103.199,103.185,102.817,103.332,103.414,103.529,103.766,103.279,102.967,102.962,102.968,103.255,102.99,102.896,102.347,101.838,101.935,102.017,101.421,101.446,101.19,101.401,101.274,101.747,101.697,102.139,102.127,102.476,102.319,102.081,101.667,101.385,101.556,101.535,101.314,101.231,101.301,101.644,101.807,101.971,102.731,102.902,103.082,103.459,103.633,103.686,103.539,103.676,103.614,103.443,103.26,103.066,102.75,102.799,102.459,102.758,102.693,102.782,102.234,102.231,102.432,102.446,102.226,102.644,102.471,102.279,102.249,102.663,102.433,102.225,102.151,102.404,102.139,101.893,101.754,101.916,101.609,101.471,101.556,101.744,101.529,101.459,101.958,102.409,101.926,101.726,101.942,101.817,101.963,101.957,102.132,101.51,101.543,101.898,102.168,102.273,102.529,102.193,102.186,102.297,102.51,102.166,102.285,102.438,102.447,102.429,102.585,102.78,102.896,102.616,102.535,102.52,102.414,102.207,101.994,101.915,101.778,101.298,101.504,101.947,-5366.67,276.744,0.854701,-65.8537,
F_3476A2/115_J_Faint_0.517_VS1,101.389,6.16339,-39.0833,116.177,103.634,69.1661,457.748,246.554,0.120728,-1.63843,39.5663,-81.0383,3284.61, ,-0,311.429,1.9469,1.60584,61.309,60.8045,60.3345,60.111,60.6143,60.7832,60.8262,60.7805,60.8554,60.8813,61.1997,61.4126,62.0191,61.7255,62.0443,61.8421,61.9087,61.9103,61.8796,61.4029,61.5117,61.2604,61.753,61.7826,62.3781,61.9714,61.8758,61.6529,61.8374,62.2851,62.5271,61.3979,61.01,60.7174,60.5278,60.1136,60.4913,60.9116,60.5764,60.4925,61.311,60.7718,60.7603,61.3336,61.6752,61.0088,61.0583,61.1935,61.1678,60.777,61.4942,61.061,61.1419,61.3651,62.0947,61.8379,61.7666,61.8105,61.929,62.1857,62.4772,62.3213,62.2529,62.152,62.6885,62.6774,62.9131,63.0454,62.3671,62.2965,62.499,62.5203,62.7156,62.1774,61.7385,61.2485,61.2558,61.3933,61.2774,60.5377,60.4154,60.3972,60.5498,60.9719,61.0789,60.9414,61.0941,61.162,61.6301,61.5631,61.599,61.6012,61.5,61.3767,61.7864,61.3779,61.7298,61.7107,62.1973,61.5983,60.991,61.2681,60.9878,61.4191,61.9814,61.9711,61.9297,61.739,61.9382,62.5788,62.2179,62.786,62.0339,62.1443,62.329,62.1959,62.2737,62.0144,61.8241,62.0442,61.9508,61.9114,61.5242,60.9917,61.3866,61.1389,61.5945,61.6475,61.5345,61.2029,61.7975,61.9276,62.0542,62.0949,62.2764,62.3526,62.469,62.8587,63.5696,63.5542,63.4765,63.7181,63.7305,63.6969,63.5352,63.2233,62.9169,62.6203,62.4839,62.6953,62.4886,62.1035,62.0795,62.0245,62.0972,62.0716,62.1619,62.0406,61.9651,61.8459,61.9184,61.8609,61.8515,61.6728,61.6374,61.3619,61.1262,61.1151,61.2833,61.3335,61.2866,61.4666,61.7073,61.7458,61.8241,62.0102,61.9051,61.8692,61.8861,61.9047,61.8906,61.7683,61.8533,61.8661,61.8704,61.9901,62.041,62.1959,62.1981,62.2566,62.3259,62.2057,62.2762,62.4391,62.6157,62.9984,63.5108,64.1527,64.863,65.4412,65.9665,66.2709,66.4119,66.4364,66.3543,66.0831,65.7254,65.3088,64.8755,64.4569,64.0589,63.6563,63.2663,62.8812,62.5138,62.142,61.7467,61.3217,60.861,60.381,59.9163,59.4431,58.9607,58.495,58.0447,57.641,57.2846,56.9794,56.6978,56.4297,56.1823,55.945,55.6751,55.4355,55.1972,55.0317,54.9287,54.8727,54.8895,54.9392,55.066,55.2738,55.4175,55.5088,55.4996,55.3724,55.3707,55.2835,55.4095,55.6733,56.0331,56.5177,57.1304,57.8069,58.6113,59.2505,59.804,60.1545,60.4537,60.6588,61.0406,61.6205,62.5708,63.7704,65.3476,67.1787,69.3785,71.4607,73.7197,75.8127,77.8844,80.4813,83.8187,87.2461,90.7445,94.2202,97.7617,101.219,105.317,109.325,112.47,115.369,118.643,122.641,126.913,132.281,138.851,145.057,151.733,158.898,165.132,170.339,173.903,176.709,178.489,178.654,178.672,178.578,178.454,179.078,180.471,183.966,187.506,190.626,193.276,195.776,197.407,198.37,198.733,198.959,197.325,195.787,194.255,193.417,192.8,192.124,192.43,192.706,192.676,193.408,194.116,195.328,195.474,195.698,195.643,194.973,193.946,192.495,191.094,189.875,188.256,187.427,186.426,185.581,184.751,184.052,184.304,183.435,182.498,181.887,180.438,179.238,178.162,176.77,175.639,173.765,172.419,170.909,168.936,167.582,165.896,164.473,162.791,161.043,159.772,158.403,156.797,155.744,154.911,154.01,153.232,152.641,151.936,150.491,149.136,148.439,147.357,145.823,144.833,143.941,142.531,141.29,140.472,139.977,138.618,137.718,137.089,136.002,134.824,133.969,133.026,132.134,130.852,130.165,129.171,128.286,127.312,125.996,125.358,124.36,123.517,122.814,122.118,121.28,120.498,120.156,119.673,118.732,117.844,117.266,116.646,115.767,115.213,114.545,113.91,113.146,112.772,112.404,111.861,111.259,110.981,110.592,110.091,109.642,109.607,108.934,108.578,108.289,108.141,107.692,107.477,107.244,106.669,106.082,105.797,105.661,105.268,104.885,104.695,104.396,104.241,104.199,104.117,104.048,103.869,103.505,103.4,103.309,103.037,102.684,102.062,101.796,101.623,101.445,101.629,101.749,101.589,101.383,101.325,101.452,101.537,101.417,101.553,101.384,100.946,100.854,100.971,100.878,101.103,101.212,101.255,100.98,100.879,100.965,101.014,100.84,100.764,100.627,100.551,100.542,100.793,100.798,100.896,100.872,101.128,101.341,101.173,101.043,101.204,101.02,101.04,101.009,100.968,100.98,100.913,101.078,101.326,101.198,100.981,101.156,101.211,101.108,101.136,101.23,101.192,101.094,101.356,101.455,101.298,101.161,101.183,101.214,101.093,101.607,101.5,101.334,101.75,101.92,101.698,102.016,101.787,101.958,101.562,101.718,101.666,101.683,101.737,102.193,102.33,102.494,102.251,102.744,102.613,102.659,102.44,102.679,102.472,102.426,102.271,102.333,102.107,102.393,102.492,102.505,102.121,102.416,102.497,103.181,103.532,103.385,103.565,103.854,104.42,105.017,104.911,105.005,104.817,104.718,104.835,104.935,105.182,104.705,104.225,104.47,104.26,104.285,104.307,104.346,104.008,103.803,103.908,104.504,104.977,105.53,105.45,105.806,105.99,106.114,106.172,106.918,107.059,107.035,106.945,107.242,107.354,107.164,107.42,107.375,106.901,106.58,106.6,106.726,106.393,106.331,106.792,106.75,106.708,106.997,107.269,106.949,107.228,107.438,107.744,107.753,107.904,108.256,107.996,107.976,108.26,108.058,108.235,109.41,109.74,109.812,109.782,109.986,110.371,110.403,109.833,110.196,108.889,108.428,108.214,108.848,109.22,108.908,108.972,109.612,109.254,109.189,109.917,110.161,109.21,109.61,109.61,110.075,109.892,110.277,110.592,110.387,111.001,111.618,111.611,111.904,111.615,112.694,113.036,113.276,113.291,114.193,114.571,114.749,114.447,114.614,113.989,112.8,113.477,113.375,111.677,111.986,112.188,111.905,111.871,112.873,114.441,113.988,113.918,114.41,113.684,114.498,116.587,116.877,115.86,115.235,114.647,115.707,116.781,116.598,115.794,116.103,115.64,115.662,115.502,116.546,115.216,116.177,116.755,117.123,116.374,115.933,116.915,117.627,117.673,119.089,117.471,116.764,115.532,115.983,117.616,117.319,118.761,118.659,119.368,120.015,121.469,122.236,120.127,121.356,121.587,120.793,121.141,120.989,121.548,120.227,118.997,120.887,117.766,116.232,113.982,113.625,113.584,111.751,114.198,114.451,114.352,116.466,118.919,121.046,122.837,123.022,124.355,120.623,123.138,119.831,121.217,119.625,121.146,120.648,119.754,122.054,123.607,121.721,124.976,124.007,124.422,122.774,123.847,123.49,120.065,122.128,123.003,125.727,127.553,129.55,129.421,128.811,129.362,131.025,131.755,131.782,127.095,123.786,119.589,119.911,118.089,119.078,118.822,118.291,117.613,120.435,119.106,123.866,123.939,123.842,125.626,129.328,128.007,127.391,127.513,129.682,131.08,129.982,132.748,132.45,130.16,128.298,130.497,130.917,133.225,132.364,137.228,132.543,130.445,129.331,130.012,133.219,132.425,132.425,133.33,135.095,140.402,135.622,132.093,131.646,127.888,127.232,126.493,123.783,117.615,117.485,120.767,125.331,133.33,139.039,129.288,127.41,129.17,128.358,130.684,130.14,123.606,120.632,114.328,127.572,131.864,129.535,136.84,134.551,133.03,137.298,135.889,132.863,125.482,122.385,121.054,114.155,116.21,116.904,117.959,113.801,117.113,111.096,109.112,108.432,107.458,105.481,105.329,104.844,101.915,101.46,103.179,103.915,102.355,107.477,105.889,107.364,105.245,104.705,104.573,107.894,105.889,104.914,102.576,99.792,96.1267,93.2392,97.8685,96.5851,94.1842,94.9322,94.3736,91.8702,92.9006,95.5398,94.2808,91.8269,94.2904,96.8521,95.2354,96.1548,94.941,91.6057,86.8768,88.0855,88.4206,83.7133,81.7495,82.019,78.6271,78.6743,77.8389,78.3173,79.9767,77.8054,80.2292,80.3534,79.854,81.8941,79.4376,81.9238,79.9767,75.9213,79.0117,79.6814,79.7981,77.6415,77.517,80.4352,80.5769,81.7405,80.6307,80.1295,77.5323,76.2822,77.7728,76.2147,74.6411,73.5153,74.3394,74.0651,72.7633,73.3113,73.107,71.8467,72.636,73.2349,74.9235,73.5666,74.8444,76.0414,75.4356,74.3601,72.9462,74.8209,72.9974,71.7019,72.9854,73.3981,71.2929,71.0771,72.5749,74.1169,72.5293,73.6734,71.9994,72.1532,70.678,69.9363,70.0669,69.4881,68.0699,67.9696,67.5108,68.6585,67.3994,66.8756,67.755,67.571,65.9077,66.4069,65.8265,66.4406,65.2877,64.3916,64.1154,64.687,64.5726,65.3492,64.0393,63.312,63.5234,64.1868,64.0663,65.458,65.3233,64.0104,62.9772,64.8636,65.447,64.978,65.6172,66.5893,66.0059,65.2057,66.7591,67.2644,66.624,66.3576,66.1886,64.2235,62.9735,62.5577,62.7892,62.5691,62.5691,61.7368,61.9801,61.8886,64.0722,65.1607,65.6909,65.8736,65.0218,65.6177,66.0922,66.5329,66.0619,65.4136,63.6829,62.8615,62.0663,62.3586,62.2439,63.1297,62.0506,62.2439,62.2665,63.8152,63.8505,64.3869,64.833,65.439,64.3729,65.9079,66.3816,65.7676,64.7053,65.2307,65.6321,65.6687,64.9395,65.2109,64.2481,63.4016,63.0298,62.7023,62.8147,61.663,61.7841,61.4177,62.0286,61.7273,61.9617,61.7069,63.5308,63.5541,-31.4286,24.3279,106.715,110.337,
W_Calibration,100,0,0,95.0422,100,108.876,565.016,99.9909,1.74827e-05,0.00127928,0,0,6504.1, ,100,100,100,100,100,100,100,100,100,100,100,100,100,100,100,100,100,100,100,100,100,100,100,100,100,100,100,100,100,100,100,100,100,100,100,100,100,100,100,100,100,100,100,100,100,100,100,100,100,100,100,100,100,100,100,100,100,100,100,100,100,100,100,100,100,100,100,100,100,100,100,100,100,100,100,100,100,100,100,100,100,100,100,100,100,100,100,100,100,100,100,100,100,100,100,100,100,100,100,100,100,100,100,100,100,100,100,100,100,100,100,100,100,100,100,100,100,100,100,100,100,100,100,100,100,100,100,100,100,100,100,100,100,100,100,100,100,100,100,100,100,100,100,100,100,100,100,100,100,100,100,100,100,100,100,100,100,100,100,100,100,100,100,100,100,100,100,100,100,100,100,100,100,100,100,100,100,100,100,100,100,100,100,100,100,100,100,100,100,100,100,100,100,100,100,100,100,100,100,100,100,100,100,100,100,100,100,100,100,100,100,100,100,100,100,100,100,100,100,100,100,100,100,100,100,100,100,100,100,100,100,100,100,100,100,100,100,100,100,100,100,100,100,100,100,100,100,100,100,100,100,100,100,100,100,100,100,100,100,100,100,100,100,100,100,100,100,100,100,100,100,100,100,100,100,100,100,100,100,100,100,100,100,100,100,100,100,100,100,100,100,100,100,100,100,100,100,100,100,100,100,100,100,100,100,100,100,100,100,100,100,100,100,100,100,100,100,100,100,100,100,100,100,100,100,100,100,100,100,100,100,100,100,100,100,100,100,100,100,100,100,100,100,100,100,100,100,100,100,100,100,100,100,100,100,100,100,100,100,100,100,100,100,100,100,100,100,100,100,100,100,100,100,100,100,100,100,100,100,100,100,100,100,100,100,100,100,100,100,100,100,100,100,100,100,100,100,100,100,100,100,100,100,100,100,100,100,100,100,100,100,100,100,100,100,100,100,100,100,100,100,100,100,100,100,100,100,100,100,100,100,100,100,100,100,100,100,100,100,100,100,100,100,100,100,100,100,100,100,100,100,100,100,100,100,100,100,100,100,100,100,100,100,100,100,100,100,100,100,100,100,100,100,100,100,100,100,100,100,100,100,100,100,100,100,100,100,100,100,100,100,100,100,100,100,100,100,100,100,100,100,100,100,100,100,100,100,100,100,100,100,100,100,100,100,100,100,100,100,100,100,100,100,100,100,100,100,100,100,100,100,100,100,100,100,100,100,100,100,100,100,100,100,100,100,100,100,100,100,100,100,100,100,100,100,100,100,100,100,100,100,100,100,100,100,100,100,100,100,100,100,100,100,100,100,100,100,100,100,100,100,100,100,100,100,100,100,100,100,100,100,100,100,100,100,100,100,100,100,100,100,100,100,100,100,100,100,100,100,100,100,100,100,100,100,100,100,100,100,100,100,100,100,100,100,100,100,100,100,100,100,100,100,100,100,100,100,100,100,100,100,100,100,100,100,100,100,100,100,100,100,100,100,100,100,100,100,100,100,100,100,100,100,100,100,100,100,100,100,100,100,100,100,100,100,100,100,100,100,100,100,100,100,100,100,100,100,100,100,100,100,100,100,100,100,100,100,100,100,100,100,100,100,100,100,100,100,100,100,100,100,100,100,100,100,100,100,100,100,100,100,100,100,100,100,100,100,100,100,100,100,100,100,100,100,100,100,100,100,100,100,100,100,100,100,100,100,100,100,100,100,100,100,100,100,100,100,100,100,100,100,100,100,100,100,100,100,100,100,100,100,100,100,100,100,100,100,100,100,100,100,100,100,100,100,100,100,100,100,100,100,100,100,100,100,100,100,100,100,100,100,100,100,100,100,100,100,100,100,100,100,100,100,100,100,100,100,100,100,100,100,100,100,100,100,100,100,100,100,100,100,100,100,100,100,100,100,100,100,100,100,100,100,100,100,100,100,100,100,100,100,100,100,100,100,100,100,100,100,100,100,100,100,100,100,100,100,100,100,100,100,100,100,100,100,100,100,100,100,100,100,100,100,100,100,100,100,100,100,100,100,100,100,100,100,100,100,100,100,100,100,100,100,100,100,100,100,100,100,100,100,100,100,100,100,100,100,100,100,100,100,100,100,100,100,100,100,100,100,100,100,100,100,100,100,100,100,100,100,100,100,100,100,100,100,100,100,100,100,100,100,100,100,100,100,100,100,100,100,100,100,100,100,100,100,100,100,100,100,100,100,100,100,100,100,100,100,100,100,100,100,100,100,100,100,100,100,100,100,100,100,100,100,100,100,100,100,100,100,100,100,100,100,100,100,100,100,100,100,100,100,100,100,100,100,100,100,100,100,100,100,100,100,100,100,100,100,100,100,100,100,100,100,100,100,100,100,100,100,100,100,100,100,100,
F_Calibration,100,0,0,108.104,100,39.2965,491.07,99.9909,0.000170256,0.00127928,0,0,3000.62, ,100,100,100,100,100,100,100,100,100,100,100,100,100,100,100,100,100,100,100,100,100,100,100,100,100,100,100,100,100,100,100,100,100,100,100,100,100,100,100,100,100,100,100,100,100,100,100,100,100,100,100,100,100,100,100,100,100,100,100,100,100,100,100,100,100,100,100,100,100,100,100,100,100,100,100,100,100,100,100,100,100,100,100,100,100,100,100,100,100,100,100,100,100,100,100,100,100,100,100,100,100,100,100,100,100,100,100,100,100,100,100,100,100,100,100,100,100,100,100,100,100,100,100,100,100,100,100,100,100,100,100,100,100,100,100,100,100,100,100,100,100,100,100,100,100,100,100,100,100,100,100,100,100,100,100,100,100,100,100,100,100,100,100,100,100,100,100,100,100,100,100,100,100,100,100,100,100,100,100,100,100,100,100,100,100,100,100,100,100,100,100,100,100,100,100,100,100,100,100,100,100,100,100,100,100,100,100,100,100,100,100,100,100,100,100,100,100,100,100,100,100,100,100,100,100,100,100,100,100,100,100,100,100,100,100,100,100,100,100,100,100,100,100,100,100,100,100,100,100,100,100,100,100,100,100,100,100,100,100,100,100,100,100,100,100,100,100,100,100,100,100,100,100,100,100,100,100,100,100,100,100,100,100,100,100,100,100,100,100,100,100,100,100,100,100,100,100,100,100,100,100,100,100,100,100,100,100,100,100,100,100,100,100,100,100,100,100,100,100,100,100,100,100,100,100,100,100,100,100,100,100,100,100,100,100,100,100,100,100,100,100,100,100,100,100,100,100,100,100,100,100,100,100,100,100,100,100,100,100,100,100,100,100,100,100,100,100,100,100,100,100,100,100,100,100,100,100,100,100,100,100,100,100,100,100,100,100,100,100,100,100,100,100,100,100,100,100,100,100,100,100,100,100,100,100,100,100,100,100,100,100,100,100,100,100,100,100,100,100,100,100,100,100,100,100,100,100,100,100,100,100,100,100,100,100,100,100,100,100,100,100,100,100,100,100,100,100,100,100,100,100,100,100,100,100,100,100,100,100,100,100,100,100,100,100,100,100,100,100,100,100,100,100,100,100,100,100,100,100,100,100,100,100,100,100,100,100,100,100,100,100,100,100,100,100,100,100,100,100,100,100,100,100,100,100,100,100,100,100,100,100,100,100,100,100,100,100,100,100,100,100,100,100,100,100,100,100,100,100,100,100,100,100,100,100,100,100,100,100,100,100,100,100,100,100,100,100,100,100,100,100,100,100,100,100,100,100,100,100,100,100,100,100,100,100,100,100,100,100,100,100,100,100,100,100,100,100,100,100,100,100,100,100,100,100,100,100,100,100,100,100,100,100,100,100,100,100,100,100,100,100,100,100,100,100,100,100,100,100,100,100,100,100,100,100,100,100,100,100,100,100,100,100,100,100,100,100,100,100,100,100,100,100,100,100,100,100,100,100,100,100,100,100,100,100,100,100,100,100,100,100,100,100,100,100,100,100,100,100,100,100,100,100,100,100,100,100,100,100,100,100,100,100,100,100,100,100,100,100,100,100,100,100,100,100,100,100,100,100,100,100,100,100,100,100,100,100,100,100,100,100,100,100,100,100,100,100,100,100,100,100,100,100,100,100,100,100,100,100,100,100,100,100,100,100,100,100,100,100,100,100,100,100,100,100,100,100,100,100,100,100,100,100,100,100,100,100,100,100,100,100,100,100,100,100,100,100,100,100,100,100,100,100,100,100,100,100,100,100,100,100,100,100,100,100,100,100,100,100,100,100,100,100,100,100,100,100,100,100,100,100,100,100,100,100,100,100,100,100,100,100,100,100,100,100,100,100,100,100,100,100,100,100,100,100,100,100,100,100,100,100,100,100,100,100,100,100,100,100,100,100,100,100,100,100,100,100,100,100,100,100,100,100,100,100,100,100,100,100,100,100,100,100,100,100,100,100,100,100,100,100,100,100,100,100,100,100,100,100,100,100,100,100,100,100,100,100,100,100,100,100,100,100,100,100,100,100,100,100,100,100,100,100,100,100,100,100,100,100,100,100,100,100,100,100,100,100,100,100,100,100,100,100,100,100,100,100,100,100,100,100,100,100,100,100,100,100,100,100,100,100,100,100,100,100,100,100,100,100,100,100,100,100,100,100,100,100,100,100,100,100,100,100,100,100,100,100,100,100,100,100,100,100,100,100,100,100,100,100,100,100,100,100,100,100,100,100,100,100,100,100,100,100,100,100,100,100,100,100,100,100,100,100,100,100,100,100,100,100,100,100,100,100,100,100,100,100,100,100,100,100,100,100,100,100,100,100,100,100,100,100,100,100,100,100,100,100,100,100,100,100,100,100,100,100,100,100,100,100,100,100,100,100,100,
W_3507A2/113_K_None_0.566_VS1,100.047,-1.42944,4.25304,94.3437,100.121,102.203,570.877,81.5173,0.0384923,0.204946,4.48683,108.577,6180.11, ,140,47.6096,131.223,96.3023,93.5135,93.4518,93.3951,93.1466,92.784,92.5686,92.4324,92.7102,92.6683,92.6075,92.3205,92.1037,92.6589,92.7167,93.0012,93.1763,93.5911,93.4975,93.7408,93.6053,93.9698,93.2362,93.4655,93.1979,92.826,92.6862,92.9562,93.1442,93.2842,93.0431,93.0663,93.0852,93.2028,93.5847,93.7136,93.1048,92.9581,92.9062,92.6695,93.2815,93.0682,93.3452,93.3279,92.7737,93.2624,93.0724,93.1375,92.996,91.9189,92.5306,92.5196,91.8554,91.923,91.5113,91.5755,91.4537,92.2114,92.6847,92.33,91.9266,92.1178,92.2108,92.4506,92.5048,92.1581,92.1348,92.1515,92.0953,91.9675,92.2042,91.9948,91.9257,91.9415,92.3488,91.9236,92.0645,92.2151,92.4372,92.408,92.1713,91.9723,92.1069,92.0155,92.01,91.9711,92.0453,92.0052,91.8954,92.4571,93.217,92.9853,92.9741,93.1364,93.4953,92.9995,92.9815,93.2005,92.5236,92.0949,92.2054,92.1978,92.051,91.9376,92.4499,92.2867,92.1989,92.7804,92.6605,92.7086,93.0063,93.1865,93.0667,93.0662,93.0584,93.1605,92.7094,92.8301,92.6274,92.7534,92.9849,93.0417,92.6662,92.5167,92.1629,92.5073,92.2355,92.3244,92.0806,92.1454,92.1476,92.099,92.5821,92.8146,92.8245,92.9841,93.1836,93.0819,92.7005,92.7813,92.9194,92.6354,92.7858,92.7861,93.0515,93.4207,93.7038,94.1127,93.9544,93.8424,93.8969,93.9444,93.7346,93.4989,92.9098,93.0504,92.5099,92.9944,93.2045,93.505,93.3486,93.4596,93.6753,93.9998,94.0179,94.4564,93.9802,93.8333,93.837,93.6869,93.8571,93.3045,93.3343,92.9862,92.8567,92.8219,92.6344,92.6837,92.5348,92.2257,92.4678,92.2969,92.2151,91.9609,91.8195,91.8904,91.1984,90.8355,90.6836,90.3883,89.8446,89.2812,88.8777,88.8256,88.6075,88.0583,87.8677,87.4016,86.954,86.5475,86.6973,86.6133,86.0468,85.7984,85.4124,85.1406,84.8917,84.7739,84.5914,84.262,83.8941,83.6702,83.3268,83.437,83.1369,83.0287,82.7035,82.4025,82.1509,81.9111,81.5644,81.3734,80.9361,80.5426,79.9551,79.7241,79.3882,78.8426,78.2458,77.6883,76.9692,76.3412,75.8013,75.1221,74.2381,73.3679,72.576,71.4818,70.5889,69.6696,68.6003,67.4283,66.3727,65.2322,64.127,63.0848,62.1296,61.1472,60.5568,60.2297,60.0835,60.121,60.1398,60.2533,60.1609,59.9675,59.7208,59.3749,59.1141,59.0801,59.2761,59.849,60.692,61.7463,62.8514,63.9933,65.2133,66.5125,67.8144,69.1262,70.1985,70.7465,70.6114,70.0531,69.8848,70.4112,71.2882,72.3582,73.5078,74.8862,76.7907,79.3819,82.4,84.8467,86.3569,87.4244,88.2957,89.0293,89.615,90.1113,90.5606,90.8913,91.2607,91.6108,91.9833,92.2357,92.5273,92.8438,93.1057,93.3121,93.4899,93.5792,93.6668,93.7227,93.8,93.8819,93.9105,93.9639,94.0085,94.0826,94.1312,94.184,94.2668,94.3387,94.3459,94.3646,94.3475,94.3205,94.2726,94.2441,94.1927,94.0766,94.0396,94.0237,94.0365,94.0804,94.1401,94.235,94.3434,94.4819,94.6232,94.719,94.8099,94.8716,94.9276,94.9773,95.0059,95.0513,95.0909,95.1534,95.2157,95.2984,95.4024,95.4989,95.6127,95.7524,95.8416,95.8938,95.9469,95.9531,95.88,95.7701,95.6294,95.4649,95.3026,95.1866,95.1362,95.1306,95.2559,95.4787,95.7501,96.0724,96.4388,96.7691,97.1028,97.4174,97.6644,97.8515,98.0259,98.1761,98.3197,98.4289,98.5173,98.5763,98.6342,98.7337,98.7989,98.8334,98.9187,98.9647,99.0091,99.0826,99.1545,99.1972,99.2107,99.2634,99.3252,99.3293,99.3544,99.4088,99.4536,99.486,99.5192,99.5627,99.5964,99.6315,99.6864,99.7173,99.7101,99.7122,99.7482,99.8026,99.8483,99.8353,99.8328,99.8289,99.8423,99.8776,99.8975,99.8984,99.8814,99.8697,99.9071,99.9165,99.917,99.9158,99.9129,99.9192,99.9145,99.92,99.9484,99.9346,99.9313,99.9486,99.9566,99.9703,99.9922,100.016,100.026,100.013,100.022,100.056,100.054,100.075,100.094,100.085,100.1,100.121,100.136,100.149,100.147,100.141,100.14,100.133,100.138,100.142,100.149,100.167,100.173,100.168,100.184,100.205,100.221,100.256,100.259,100.263,100.264,100.268,100.305,100.32,100.319,100.311,100.307,100.328,100.322,100.303,100.318,100.299,100.323,100.335,100.352,100.352,100.352,100.382,100.427,100.447,100.457,100.457,100.478,100.505,100.525,100.517,100.499,100.513,100.518,100.52,100.526,100.541,100.554,100.566,100.6,100.646,100.649,100.643,100.69,100.723,100.724,100.722,100.738,100.747,100.751,100.744,100.771,100.756,100.759,100.777,100.788,100.794,100.796,100.784,100.807,100.816,100.843,100.851,100.828,100.818,100.808,100.824,100.857,100.873,100.88,100.876,100.876,100.881,100.888,100.897,100.894,100.895,100.88,100.89,100.885,100.87,100.911,100.941,100.948,100.937,100.925,100.934,100.927,100.926,100.956,100.944,100.934,100.946,100.96,100.968,100.969,101,101.028,101.033,101.027,101.013,101.006,101.008,101.004,101.017,100.991,100.984,100.981,100.999,101.022,101.024,101.01,101.013,101.011,101.033,101.039,101.041,101.024,101.014,101.034,101.058,101.075,101.096,101.088,101.074,101.066,101.09,101.099,101.078,101.078,101.072,101.067,101.083,101.109,101.11,101.108,101.11,101.124,101.132,101.154,101.165,101.162,101.154,101.174,101.155,101.153,101.161,101.159,101.166,101.123,101.113,101.111,101.085,101.087,101.078,101.076,101.061,101.056,101.066,101.093,101.098,101.115,101.13,101.152,101.146,101.18,101.148,101.172,101.159,101.147,101.155,101.168,101.173,101.172,101.156,101.154,101.114,101.089,101.096,101.069,101.058,101.071,101.065,101.051,101.059,101.101,101.12,101.144,101.182,101.176,101.162,101.16,101.154,101.145,101.142,101.108,101.097,101.081,101.097,101.085,101.118,101.136,101.137,101.121,101.133,101.097,101.088,101.079,101.043,101.024,101.015,101.075,101.099,101.086,101.131,101.119,101.122,101.161,101.168,101.169,101.134,101.123,101.161,101.179,101.201,101.204,101.205,101.164,101.212,101.221,101.186,101.203,101.185,101.162,101.151,101.156,101.22,101.17,101.154,101.197,101.21,101.17,101.198,101.173,101.168,101.172,101.199,101.24,101.204,101.199,101.24,101.234,101.291,101.303,101.291,101.326,101.301,101.332,101.335,101.344,101.35,101.358,101.379,101.406,101.467,101.454,101.467,101.449,101.468,101.542,101.565,101.505,101.446,101.348,101.404,101.472,101.481,101.467,101.503,101.516,101.583,101.673,101.674,101.67,101.708,101.756,101.824,101.736,101.705,101.7,101.741,101.814,101.79,101.751,101.668,101.665,101.758,101.75,101.764,101.762,101.773,101.876,101.907,102.048,102.068,101.928,101.988,102.152,102.153,102.123,102.105,102.089,102.18,102.249,102.41,102.494,102.307,102.282,102.418,102.362,102.511,102.395,102.306,102.475,102.468,102.503,102.536,102.576,102.624,102.569,102.55,102.573,102.355,102.342,102.434,102.507,102.401,102.382,102.299,102.409,102.546,102.754,102.706,102.713,102.692,102.894,103.127,103.293,103.237,103.211,103.013,103.202,103.309,103.408,103.339,103.261,103.377,103.553,103.561,103.791,103.916,103.817,103.823,103.761,103.521,103.645,103.693,103.717,103.654,103.55,103.629,103.701,103.695,104.106,103.938,103.788,103.898,103.783,103.752,103.629,103.593,103.671,103.632,103.564,103.525,103.259,103.384,103.525,103.603,103.736,103.541,103.569,103.634,103.714,104.096,104.221,104.178,104.05,104.24,104.611,104.484,104.596,104.759,104.7,104.506,104.62,105.028,105.175,105.148,105.446,105.485,105.423,105.243,105.744,105.834,105.596,105.216,105.078,105.01,104.778,104.79,104.92,104.807,104.707,105.317,105.164,105.242,105.332,105.109,104.838,104.999,105.113,104.782,104.152,104.216,103.818,103.617,104.088,104.241,104.036,103.642,103.742,103.921,104.212,104.557,104.575,104.541,104.679,104.448,104.347,104.647,104.943,104.749,105.085,104.863,104.508,104.407,104.407,104.627,104.37,103.85,104.026,103.782,104.068,104.036,103.965,104.166,104.563,104.273,104.252,104.45,104.615,104.236,104.478,104.366,104.732,104.21,104.564,104.343,104.001,103.762,103.751,103.625,103.545,103.233,103.302,103.218,103.766,103.322,103.552,103.743,103.633,103.796,103.683,103.968,103.726,103.295,103.618,103.333,103.19,103.676,103.438,103.506,102.897,102.859,102.895,102.962,102.695,102.612,101.651,101.69,101.481,101.613,101.71,101.628,101.565,101.719,101.878,102.247,102.406,102.487,102.48,102.574,102.828,102.635,102.429,102.513,102.485,102.602,102.535,102.371,102.599,102.777,102.723,102.799,102.336,102.38,102.077,102.047,102.013,101.569,100.976,100.959,100.975,101.126,101.337,101.374,101.632,101.614,101.621,101.758,101.935,102.079,102.368,102.279,102.361,102.407,102.433,102.446,102.498,102.445,102.488,102.471,102.651,102.804,102.729,103.204,103.15,103.382,103.369,103.413,103.415,103.335,102.959,102.78,102.275,102.436,102.406,102.238,102.103,101.831,101.763,101.962,101.936,102.188,102.005,142.308,1.02041,45.4198,-17.0487,
F_3507A2/113_K_None_0.566_VS1,100.351,4.61158,-15.2684,112.124,100.91,49.415,576.577,159.114,0.0547495,-5.05885,15.9497,-73.1939,3004.06, ,20,-195.339,188.934,326.724,58.6302,58.8495,58.3533,58.0872,58.604,58.7161,58.1689,57.689,57.4938,57.72,57.7334,58.1304,58.0042,57.6622,58.0686,58.74,58.973,58.3887,58.3138,58.1569,58.0157,58.1433,58.0447,57.3659,56.6247,56.8326,57.6867,57.7316,58.1552,58.5752,58.5919,58.4911,58.9689,59.084,58.8296,58.1939,57.8754,57.2598,57.1259,57.5455,57.2491,56.5359,56.9504,56.9333,57.805,57.8378,58.4094,58.5473,58.1115,58.2866,58.7993,58.3042,58.0689,57.9538,58.3192,58.1972,58.5798,59.2281,59.4007,59.4943,60.0176,60.4246,60.1632,59.7863,59.5268,58.7969,58.512,58.3267,58.2251,58.0378,57.6994,57.7208,57.7604,57.9772,57.8269,57.6496,58.0384,57.8335,57.822,58.1947,58.0694,58.3498,57.9913,58.6098,58.4317,58.0983,58.2366,58.3899,58.2599,58.2003,58.4028,58.5566,58.4689,58.766,58.7597,58.7123,58.7782,59.2655,59.8009,59.7366,59.8223,59.5336,59.7149,59.1338,59.3969,59.4922,58.7973,58.3382,57.7941,57.6241,57.9314,57.4469,57.9339,57.829,57.7987,57.5248,57.5266,57.9625,58.1794,58.1146,58.0642,58.2159,58.4377,58.5986,59.2001,59.326,59.218,59.6452,59.7446,60.196,60.4791,60.5608,60.5248,60.4303,60.2421,60.1729,60.0742,60.0246,60.2559,60.1982,59.8501,59.8078,59.7359,59.9286,59.6863,59.5807,59.6966,59.7712,59.8049,59.8352,59.8837,59.9159,59.4603,59.5703,59.6423,59.4785,59.1755,58.9556,58.989,58.8761,58.789,58.9962,58.9928,58.7794,58.537,58.5918,58.6479,58.6142,58.585,58.4505,58.5711,58.5937,58.7418,59.0793,59.103,59.0834,58.9786,59.0211,59.4396,59.3585,59.4276,59.3544,59.2191,59.2991,59.4764,59.5924,59.52,59.2851,59.4138,59.3753,59.3914,59.4135,59.4638,59.5149,59.6881,60.1263,60.5678,61.0567,61.6109,62.1572,62.5769,62.8565,62.9847,62.9375,62.8214,62.6131,62.2817,61.9692,61.5844,61.1982,60.8265,60.4907,60.1639,59.8334,59.5074,59.167,58.8097,58.4275,58.0221,57.6251,57.1922,56.7679,56.3334,55.9202,55.5412,55.192,54.8902,54.6268,54.3631,54.1295,53.9073,53.7006,53.4568,53.2405,52.9953,52.8179,52.719,52.6675,52.7202,52.8181,52.976,53.1638,53.3289,53.4517,53.492,53.5,53.4295,53.3991,53.4448,53.6352,54.0297,54.5024,55.0934,55.8172,56.4244,57.0068,57.4937,57.8341,58.1244,58.3515,58.6366,59.0837,59.732,60.822,62.1609,63.7064,65.2194,66.8528,68.1603,69.6628,70.7381,71.8149,72.8446,74.3113,75.8866,77.876,79.6833,81.7304,84.085,86.2526,88.7246,91.301,93.4613,95.6083,98.1333,100.976,104.403,107.639,111.392,114.745,117.746,120.295,122.678,123.894,125.025,125.46,125.505,125.474,125.501,126.076,127.135,128.751,130.369,131.884,133.102,134.129,135.041,135.566,135.799,135.863,135.289,134.768,134.201,133.799,133.372,132.989,133.09,133.121,133.007,133.236,133.687,134.137,134.274,134.62,134.66,134.247,133.825,133.52,133.028,132.512,131.703,131.33,130.97,130.727,130.64,130.499,129.975,129.618,129.137,128.872,128.408,128.035,127.623,126.882,126.42,125.867,125.48,124.61,123.755,122.98,122.067,121.252,120.562,119.853,119.224,118.204,117.75,117.571,117.258,116.98,116.984,116.897,116.743,116.566,116.588,116.307,115.825,115.416,114.754,114.079,113.594,112.995,112.34,111.799,111.457,110.879,110.361,110.297,109.691,109.071,108.562,108.018,107.301,106.966,106.772,106.242,105.865,105.664,105.759,105.757,105.768,105.8,105.202,104.606,104.551,104.222,103.788,103.301,102.591,102.125,101.844,101.596,101.695,101.383,101.155,100.848,100.578,100.617,100.535,100.335,100.126,100.044,100.156,100.014,100.16,100.12,99.8077,99.7079,99.5885,99.7885,99.5142,98.7919,98.5291,98.4317,98.1913,98.2996,98.1385,98.2968,98.082,98.2086,98.7437,98.9318,98.686,98.6859,98.9014,98.9038,98.6498,98.709,98.5935,98.6408,98.4192,98.6181,98.8035,98.5908,98.8141,98.7798,98.6787,98.4902,98.3483,98.4426,98.384,98.4235,98.4631,98.3206,98.3482,98.5501,98.895,98.8753,98.8645,98.6591,98.5126,98.3375,98.2534,98.2912,98.1707,97.927,97.7276,97.7643,98.056,98.1518,98.255,98.4824,98.4112,98.4211,98.4705,98.7032,98.8719,98.9658,98.913,99.0484,98.8942,99.0794,99.2546,99.3837,99.3734,99.2692,99.2193,99.321,99.3545,99.6959,99.525,99.3132,99.2833,99.7006,99.8382,99.8035,99.9575,100.019,99.8609,100.503,100.724,100.878,100.345,100.64,100.875,100.938,100.77,101.181,100.715,101.17,100.84,101.45,101.393,101.383,101.554,102.001,101.732,102.298,102.413,102.817,102.7,102.476,102.556,102.563,102.62,102.931,102.616,102.366,102.742,102.779,102.843,103.015,103.222,103.309,103.347,103.533,103.495,103.234,103.487,104.01,104.177,104.058,103.658,103.874,104.259,104.582,104.999,104.682,104.78,104.822,104.976,105.549,105.474,105.226,105.256,105.142,105.981,106.127,106.285,107.005,106.997,107.323,107.664,107.668,108.146,107.891,108.233,108.426,107.976,107.98,107.674,107.782,108.243,108.421,108.119,107.853,107.552,107.36,107.925,108.245,108.25,108.425,108.853,109.555,109.826,110.416,110.692,110.744,110.768,110.759,110.691,110.027,109.815,109.623,109.812,109.696,109.468,109.617,109.394,109.228,109.711,109.598,109.937,109.754,110.403,110.608,111.108,111.394,111.45,111.637,112.121,112.422,112.666,112.443,113.491,112.771,113.244,113.803,113.618,113.695,113.612,113.992,114.256,114.292,114.846,114.993,115.001,114.911,115.327,115.271,115.46,115.767,114.969,115.284,115.212,116.005,116.772,117.693,118.116,118.365,118.353,118.986,119.741,119.982,119.361,119.322,118.463,118.676,117.78,117.225,117.383,117.46,117.709,117.605,119.072,118.005,118.13,119.562,120.591,119.874,120.466,121.138,122.266,120.929,122.731,122.565,122.164,122.489,123.502,124.226,123.62,123.269,124.661,126.024,126.371,127.115,127.22,127.265,126.187,126.934,127.395,127.244,126.089,127.02,124.499,124.149,124.65,124.766,126.754,125.964,125.605,123.903,123.202,124.287,125.412,125.463,125.226,124.45,125.51,125.635,129.886,132.292,135.434,137.207,137.97,138.667,137.866,138.883,139.152,138.037,136.366,136.911,136.598,136.809,137.158,139.831,142.032,144.763,148.554,152.378,152.445,153.525,157.231,159.838,157.7,156.551,155.422,153.506,151.834,153.641,156.762,154.382,156.779,162.066,161.445,162.336,165.94,165.679,166.53,165.685,172.222,169.536,166.404,170.344,170.688,169.536,172.523,172.168,171.082,167.753,173.981,176.073,175.2,179.441,181.217,183.363,186.721,192.018,192.602,191.051,195.447,200.239,205.35,207.401,212.771,218.706,222.571,226.91,233.46,235.892,241.83,237.862,239.516,232.7,229.223,225.611,222.476,220.97,222.825,215.2,215.291,218.679,230.683,237.3,232.402,238.974,242.518,240.252,250.584,260.073,258.705,257.318,254.814,262.809,259.64,256.252,261.146,256.185,252.794,248.815,247.409,245.382,260.781,264.747,268.127,266.351,271.35,283.822,289.175,279.758,288.076,274.245,284.052,287.517,289.175,291.881,281.421,298.304,305.741,294.637,289.175,282.634,284.602,290.481,298.66,297.144,284.018,289.564,298.667,315.378,299.662,292.267,291.449,274.203,277.329,291.237,298.605,291.908,272.884,281.17,269.926,257.777,255.122,242.02,226.631,214.26,213.378,213.517,206.818,214.761,213.707,216.693,211.909,216.455,224.753,221.327,220.644,218.636,218.93,219.156,216.892,223.115,219.792,214.257,208.81,205.898,211.616,197.979,195.353,190.819,188.67,186.301,185.391,185.525,187.894,181.953,189.437,187.618,186.269,181.2,175.974,168.014,165.775,161.338,160.893,153.661,152.091,148.853,149.544,149.684,150.957,146.051,145.668,143.897,138.03,138.834,141.822,140.787,138.499,134.933,138.29,131.624,127.747,132.593,126.354,122.081,120.506,117.317,117.516,112.844,110.723,108.27,102.82,101.722,101.502,100.964,98.8048,98.0476,98.5433,98.568,99.9576,100.878,102.068,97.9121,95.9647,95.9096,92.2879,90.176,90.0795,87.7038,86.0628,83.166,84.256,83.9845,84.6429,85.6012,83.8709,83.4576,82.6006,82.653,82.8762,81.2038,79.6633,77.3919,76.0753,76.6437,76.3636,75.5492,73.9033,73.5634,74.0838,74.0285,74.0838,75.5276,75.2568,73.2051,74.5448,74.4713,74.7061,73.8367,74.4255,75.8055,75.0409,74.5261,75.3772,74.6245,75.3803,73.8811,73.7342,73.788,72.1631,71.2489,71.0376,71.6773,70.7487,69.5634,69.5506,68.8744,66.3414,65.1133,65.8857,65.299,64.7996,66.0451,66.3037,66.8591,67.7025,68.6469,69.6402,68.4772,68.325,69.0031,67.9035,67.9305,67.7312,67.8321,67.5527,68.2715,68.1509,69.484,67.8798,67.01,68.3457,68.1769,68.692,68.4958,67.198,67.512,66.1604,66.378,67.1372,65.5399,64.852,63.7797,64.6922,64.0764,62.9408,63.2146,62.7059,62.1637,62.9408,62.6741,62.5338,62.4175,63.8737,64.6362,64.1667,64.8908,66.1727,64.8752,67.0211,66.9557,67.5444,67.6631,68.1211,68.8711,-137.088,262.288,90.5738,-93.6441,
W_3514A2/104_E_Faint_0.60_SI1,100.671,-0.0757789,-0.0956378,96.6574,101.745,110.934,485.781,102.149,0.00103078,0.179122,0.122021,-128.392,6518.99, ,160,-27.49,187.336,16.3987,103.54,102.577,101.838,101.174,100.202,100.05,99.5494,99.4762,99.2551,98.6908,99.1885,99.0689,99.6088,100.342,100.636,101.023,101.124,100.997,101.139,100.554,100.988,101.03,100.786,100.687,100.495,100.117,100.419,101.165,101.393,101.032,100.501,100.727,100.722,100.515,100.156,99.712,98.9917,98.8878,99.128,99.6307,99.6753,100.173,100.647,101.264,101.368,101.427,101.249,101.513,101.127,101.368,101.133,100.857,100.263,99.9198,100.1,100.793,100.812,100.67,100.431,100.468,100.388,100.85,100.941,100.939,100.323,100.509,100.826,101.043,100.755,100.919,100.237,100.891,100.901,101.203,100.855,101.135,101.023,100.914,100.89,101.145,100.809,100.755,100.8,100.287,100.168,100.551,100.566,100.512,101.171,101.831,101.802,101.466,101.772,101.083,100.496,100.588,100.618,100,99.2705,99.1978,99.234,99.3303,99.9093,100.12,99.8805,99.7475,100.104,100.148,100.235,100.645,100.774,100.873,100.973,100.884,101.312,101.188,101.427,101.278,101.205,101.371,100.957,100.656,100.749,100.414,100.318,100.028,99.9587,99.8217,99.7812,100.15,100.356,100.879,101.22,101.339,101.402,101.788,101.86,101.435,101.443,101.33,101.046,101.006,100.778,101.252,101.162,101.055,101.277,101.261,100.917,101.045,100.586,100.596,100.116,99.9616,100.128,99.6695,99.797,99.9115,99.6723,100.226,100.301,100.224,100.236,100.025,100.544,100.258,100.122,100.55,100.073,100.085,99.7096,99.759,99.8439,99.8806,99.7739,100.036,99.7766,100,100.023,100.426,100.48,100.464,100.549,100.922,100.968,100.955,100.578,100.433,100.427,99.8973,99.8486,99.2739,98.8926,98.889,98.6766,99.2177,99.1739,98.7843,98.8919,98.6477,98.9314,98.58,98.558,98.2748,97.6589,97.676,97.757,97.7677,97.9337,97.6973,98.0742,98.0764,98.1994,98.3246,98.2863,98.1903,98.0852,97.8636,98.1778,98.0021,97.8027,97.612,97.4371,97.0798,97.2736,97.3083,97.3517,96.9844,96.8982,96.8479,96.657,96.8198,96.8861,96.5328,96.1932,96.0762,95.5484,95.3632,95.0709,94.7998,94.3051,94.1141,93.7159,93.4636,93.1499,93.0062,92.8317,92.7293,92.7235,92.8046,92.7704,92.8768,93.0322,93.0442,93.0001,92.9015,92.7395,92.6525,92.7377,92.8664,93.1166,93.4788,93.8671,94.3043,94.6963,95.1717,95.6502,96.0693,96.5194,96.8775,97.0143,96.9725,96.7555,96.7321,96.8649,97.0905,97.3446,97.5805,97.9167,98.4129,99.1604,100.013,100.648,101.021,101.257,101.499,101.759,101.918,102.054,102.138,102.199,102.284,102.333,102.418,102.427,102.402,102.417,102.409,102.395,102.384,102.378,102.375,102.332,102.343,102.351,102.313,102.304,102.262,102.231,102.198,102.194,102.205,102.155,102.131,102.117,102.102,102.096,102.098,102.105,102.089,102.051,102.087,102.071,102.086,102.095,102.085,102.114,102.115,102.125,102.125,102.096,102.126,102.125,102.12,102.14,102.11,102.117,102.108,102.112,102.125,102.091,102.062,102.055,102.029,102.045,102.03,102.007,102.016,102.018,102.002,102.01,101.984,101.988,101.968,101.944,101.938,101.911,101.894,101.935,101.943,101.976,102,102.015,102.046,102.089,102.115,102.112,102.097,102.099,102.096,102.101,102.08,102.054,102.011,102.02,102.023,102.003,102.028,102.025,102.011,102.022,102.021,102.018,101.973,101.967,101.978,101.936,101.915,101.907,101.911,101.933,101.944,101.944,101.945,101.957,101.954,101.961,101.958,101.937,101.929,101.923,101.947,101.929,101.9,101.9,101.893,101.891,101.903,101.885,101.874,101.883,101.895,101.887,101.865,101.853,101.856,101.821,101.811,101.807,101.786,101.772,101.788,101.816,101.832,101.816,101.823,101.814,101.802,101.791,101.788,101.78,101.747,101.73,101.734,101.734,101.753,101.754,101.751,101.752,101.733,101.733,101.735,101.716,101.702,101.685,101.707,101.707,101.705,101.708,101.717,101.721,101.732,101.749,101.764,101.733,101.738,101.737,101.748,101.747,101.734,101.734,101.724,101.729,101.736,101.711,101.708,101.693,101.691,101.704,101.703,101.702,101.666,101.656,101.684,101.692,101.682,101.677,101.661,101.651,101.643,101.635,101.62,101.614,101.578,101.598,101.6,101.618,101.624,101.635,101.663,101.699,101.701,101.7,101.7,101.699,101.674,101.669,101.67,101.664,101.637,101.616,101.649,101.645,101.652,101.68,101.688,101.689,101.671,101.681,101.689,101.665,101.678,101.683,101.652,101.629,101.611,101.629,101.65,101.654,101.672,101.657,101.654,101.655,101.659,101.651,101.641,101.622,101.612,101.614,101.611,101.603,101.623,101.644,101.637,101.624,101.619,101.617,101.594,101.589,101.607,101.59,101.572,101.585,101.592,101.589,101.59,101.623,101.634,101.632,101.619,101.618,101.632,101.646,101.649,101.657,101.628,101.627,101.606,101.624,101.625,101.614,101.602,101.596,101.594,101.621,101.611,101.614,101.594,101.601,101.602,101.607,101.612,101.628,101.623,101.63,101.623,101.648,101.655,101.65,101.633,101.635,101.632,101.633,101.652,101.64,101.644,101.65,101.657,101.684,101.71,101.707,101.707,101.707,101.733,101.717,101.725,101.727,101.731,101.736,101.717,101.729,101.708,101.716,101.729,101.733,101.748,101.73,101.713,101.74,101.732,101.769,101.766,101.768,101.766,101.772,101.804,101.8,101.791,101.793,101.768,101.783,101.779,101.775,101.762,101.764,101.774,101.779,101.766,101.806,101.789,101.788,101.825,101.831,101.833,101.829,101.821,101.817,101.79,101.811,101.83,101.807,101.827,101.819,101.831,101.851,101.877,101.878,101.888,101.894,101.884,101.87,101.846,101.853,101.844,101.829,101.853,101.863,101.888,101.868,101.88,101.927,101.958,102.001,101.999,101.981,101.944,101.907,101.949,101.997,102.016,101.981,101.932,101.971,102,102,102.019,101.994,101.95,101.932,101.905,101.944,101.942,101.924,101.953,101.938,101.94,101.94,101.932,101.973,101.99,101.958,101.9,101.94,101.925,101.918,101.938,101.947,102,101.989,102.035,102.102,102.012,102.074,102.129,102.105,102.088,102.049,102.01,102.043,102.045,102.122,102.138,102.132,102.138,102.21,102.209,102.254,102.185,102.152,102.174,102.129,102.076,102.05,101.991,101.98,102.011,101.992,102.032,102.073,102.115,102.213,102.318,102.308,102.241,102.292,102.389,102.412,102.337,102.256,102.151,102.16,102.169,102.234,102.147,102.094,102.074,102.131,102.118,102.185,102.142,102.154,102.195,102.245,102.303,102.396,102.199,102.328,102.35,102.367,102.397,102.439,102.341,102.418,102.382,102.464,102.375,102.337,102.325,102.369,102.303,102.563,102.406,102.336,102.547,102.617,102.533,102.547,102.453,102.526,102.279,102.324,102.309,102.232,102.28,102.362,102.351,102.421,102.311,102.354,102.487,102.661,102.721,102.587,102.751,102.85,102.863,102.903,102.953,102.835,102.702,102.612,102.779,102.751,102.756,102.769,102.822,102.871,102.899,102.969,102.942,102.951,102.88,102.772,102.789,102.498,102.463,102.614,102.638,102.863,102.857,102.797,102.857,102.778,103.17,103.225,102.978,102.756,102.625,102.623,102.462,102.546,102.502,102.38,102.272,102.35,102.361,102.123,102.371,102.587,102.507,102.517,102.329,102.431,102.381,102.481,102.713,102.428,102.393,102.18,102.224,102.335,102.221,102.107,102.313,102.254,102.311,102.374,102.708,102.86,103.045,103.089,103.229,103.04,103.287,103.163,103.012,102.667,102.544,102.091,102.042,101.888,101.951,101.519,101.542,101.714,101.742,101.814,102.468,102.206,101.996,101.983,102.125,101.858,101.758,101.985,101.869,101.558,102.154,102.346,102.379,102.266,102.354,102.246,102.311,102.786,102.45,101.994,101.863,101.133,101.039,101.318,101.603,101.633,101.09,101.629,101.764,101.99,102.416,102.441,102.339,102.222,102.031,102.218,101.969,101.858,101.911,102.073,102.21,101.93,101.749,101.904,101.831,102.017,101.859,101.449,101.548,101.63,101.748,101.453,101.35,100.956,100.832,101.02,101.221,101.129,100.896,101.085,101.779,101.733,102.496,102.36,102.393,102.58,102.785,103.093,102.841,102.494,102.538,101.9,101.898,101.955,101.848,101.489,101.139,101.046,100.989,101.195,101.665,101.755,101.369,101.08,101.246,101.503,101.556,101.834,101.636,101.141,101.153,101.433,102.005,102.064,102.002,102.409,102.383,102.325,102.766,102.638,102.444,102.461,102.24,102.562,102.525,102.485,102.476,102.433,102.587,102.598,102.165,102.518,102.132,101.771,101.478,101.427,101.297,101.098,101.473,101.998,101.838,101.819,101.795,101.831,101.747,101.862,102.151,102.202,101.877,102.033,102.366,102.646,102.777,103.097,103.167,103.285,103.259,103.723,103.849,103.994,104.172,104.316,104.312,104.258,104.306,104.206,103.817,103.665,103.302,103.223,103.421,103.337,103.592,103.22,103.312,103.386,103.305,103.473,103.389,-30.1775,-226.531,176.336,140.115,
F_3514A2/104_E_Faint_0.60_SI1,105.278,9.96777,-84.0799,130.745,114.281,123.785,468.167,389.99,0.267308,2.18601,84.6687,-83.2391,4347.45, ,-80,-38.9831,381.967,-493.103,94.1861,94.6981,94.9579,94.8933,95.3129,95.5692,95.5951,94.8314,94.7632,94.5417,94.5919,94.921,95.6018,95.3031,95.3949,95.6278,95.6762,95.3107,95.643,95.5597,95.0012,94.2611,94.2403,93.6592,93.5066,94.041,94.3441,93.499,93.939,94.2219,94.4062,94.0287,94.8244,94.0866,93.8098,93.6749,93.6257,92.5361,92.3146,92.531,93.1809,92.4228,93.2179,93.3266,93.8192,93.2396,94.2662,94.888,94.436,93.9218,94.3962,94.6749,94.3004,94.3988,95.1211,94.6849,94.5466,95.5669,95.7634,96.2613,96.0635,96.552,96.2559,96.5431,96.7501,95.8576,95.0509,95.0424,94.312,93.9493,93.7134,94.1873,94.1611,94.4258,94.4812,95.0682,95.8623,95.4266,95.7802,95.8804,95.444,95.844,95.5467,96.5076,95.5843,94.8488,95.0457,94.5984,94.5323,94.3493,93.9472,94.1562,93.604,93.9995,94.2609,95.228,95.2408,95.694,95.8112,96.0847,95.9156,95.8281,96.2978,95.9729,95.6335,95.9205,95.1939,95.4974,95.2194,95.3847,95.683,95.3968,95.3955,95.7102,96.0794,95.5884,95.2977,95.737,95.8369,96.1559,95.8175,95.9483,95.5315,95.0046,95.9355,95.9357,95.4551,95.2927,94.6928,95.023,94.7698,94.4421,94.4084,94.0401,93.7434,93.5701,93.6615,93.8662,93.8751,93.3963,93.4212,93.1425,92.9436,93.0457,92.7199,92.6887,92.6964,92.7818,93.2898,93.268,93.6915,93.6424,93.229,93.5489,93.503,93.5268,93.1735,93.0085,93.022,92.9026,93.0355,93.3442,93.4375,93.4083,92.9995,93.2845,93.4752,93.8099,94.0368,93.9488,93.9616,93.9774,94.0978,94.4464,94.3523,94.4126,94.2171,94.2823,94.5365,94.4243,94.4375,94.2791,94.0592,94.0439,93.9884,93.9137,93.7281,93.6943,93.8577,93.8527,93.8333,93.9364,94.0313,94.1229,94.1877,94.2125,94.4261,94.5411,94.8584,95.0793,95.1856,95.3276,95.2928,95.1833,95.1684,95.1005,94.9028,94.7919,94.6823,94.5831,94.4838,94.424,94.3667,94.3115,94.2101,94.167,94.0928,93.9906,93.8626,93.753,93.6134,93.4771,93.2947,93.1558,92.9904,92.8528,92.7143,92.6317,92.4919,92.3685,92.2327,92.1419,92.0427,91.9546,91.7885,91.7255,91.6748,91.6801,91.7106,91.799,91.9037,91.9791,92.0233,92.0588,92.1158,92.1153,92.0335,92.0283,92.0574,92.0999,92.3694,92.6066,93.0598,93.4736,93.8912,94.4474,95.0093,95.5588,96.1063,96.7309,97.5875,98.4773,99.6953,101.08,103.042,105.056,107.335,110.14,113.353,117.608,123.953,135.393,150.774,163.695,173.437,182.066,190.427,198.75,206.585,211.377,210.895,206.082,205.613,210.676,219.293,230.033,242.961,257.244,273.344,288.547,302.225,313.564,322.61,327.365,331.075,331.228,329.547,326.829,325.614,327.257,331.51,338.173,346.414,353.335,359.476,363.913,367.656,368.961,368.563,366.991,364.444,360.433,356.975,354.66,353.721,352.786,353.256,354.07,354.666,355.831,358.308,360.339,361.294,362.279,362.194,360.613,357.901,355.104,351.677,347.838,344.014,340.731,337.539,335.882,334.56,332.879,330.808,328.749,326.686,324.472,322.339,319.483,315.556,311.817,308.479,304.881,301.556,297.286,293.78,290.125,287.062,283.772,280.285,277.311,274.334,270.893,268.518,266.05,262.889,259.229,256.256,252.905,249.617,245.877,242.708,239.165,235.373,232.04,228.447,225.124,222.253,219.074,216.265,213.369,210.946,207.503,204.718,202.407,199.569,196.797,194.192,191.579,188.82,186.177,184.105,181.612,179.428,177.531,175.55,173.781,171.767,169.915,167.412,165.497,163.541,161.61,159.348,157.277,155.323,153.579,151.888,150.494,149.007,147.781,146.293,145.125,143.784,142.549,141.598,140.384,139.094,138.006,136.944,135.763,134.789,133.851,132.55,131.647,130.888,130.232,129.065,127.776,127.079,126.248,125.329,125.017,124.164,123.397,122.631,122.328,122.154,121.641,120.906,120.312,119.683,119.196,118.726,118.057,117.317,116.621,115.937,115.734,115.705,115.211,114.733,114.348,114.006,113.685,113.616,113.339,112.789,112.384,112.076,111.922,111.57,111.648,111.541,111.138,111.067,110.864,110.605,110.361,110.034,109.866,109.334,109.185,108.958,108.677,108.735,108.768,108.646,108.7,108.58,108.418,108.203,108.217,108.116,107.82,107.641,107.781,107.36,107.081,107.104,106.751,106.375,106.322,106.348,106.079,105.765,105.863,105.817,105.522,105.551,105.684,105.669,105.312,105.177,105.22,105.092,105.347,105.702,105.803,105.611,105.628,105.543,105.61,105.289,105.391,105.162,105.146,104.817,104.862,104.579,104.801,104.882,104.967,104.879,104.912,104.892,105.07,104.912,105.206,105.111,105.082,105.405,105.594,105.402,105.247,105.429,105.78,105.556,106.029,106.117,105.941,105.531,105.288,105.211,104.935,104.831,104.854,104.289,104.15,103.676,103.903,104.728,105.035,105.007,104.873,104.927,105.276,105.02,105.134,105.091,104.641,104.601,104.796,105.243,104.925,104.867,105.359,105.318,105.781,106.061,105.724,105.838,105.032,105.784,105.671,105.695,105.975,105.342,105.291,105.095,105.317,105.536,105.064,105.2,105.029,105.453,105.432,104.834,105.686,105.685,105.889,106.186,105.984,106.177,105.971,106.233,106.806,106.335,106.012,106.01,105.65,106.29,105.585,105.535,105.122,104.73,104.515,104.485,104.766,104.692,104.656,105.214,104.968,105.371,105.264,104.773,105.073,105.057,105.165,104.491,103.902,104.164,104.224,104.382,105.381,104.932,105.28,105.46,106.13,106.851,106.974,106.597,106.691,107.173,107.673,107.089,107.241,106.758,106.423,106.24,106.772,107.148,107.033,107.588,108.192,108.098,108.546,109.057,109.29,109.476,109.19,108.575,108.055,107.302,107.342,106.982,105.84,105.817,105.781,105.388,105.184,105.438,104.956,104.718,104.902,105.47,104.863,105.645,106.802,107.265,107.638,108.767,109.021,109.191,109.541,109.64,109.598,109.329,108.233,107.449,107.86,107.89,107.573,109.108,110.451,109.274,108.272,109.52,109.979,110.002,111.247,110.972,109.668,109.617,108.85,111.101,110.574,110.566,108.175,107.663,108.221,107.596,107.454,107.566,106.065,107.109,106.942,110.715,111.639,113.365,115.084,116.066,118.445,119.278,119.16,118.716,116.797,114.958,114.442,114.896,113.956,113.428,113.006,114.159,115.515,118.974,120.347,118.207,116.494,117.167,118.586,118.168,117.232,117.138,113.709,111.472,113.177,116.659,115.271,113.987,116.183,115.186,110.806,111.664,111.393,110.741,107.699,109.461,108.351,105.301,104.017,108.776,108.915,111.496,110.59,110.045,108.238,110.167,109.573,112.066,109.625,108.318,107.036,107.799,108.964,107.943,106.805,109.665,108.471,111.756,112.423,114.654,115.117,112.583,115.443,117.528,117.494,120.306,117.895,118.847,115.027,115.158,117.573,117.625,118.719,120.809,116.801,116.302,116.345,120.471,121.066,120.214,119.953,115.907,110.957,114.44,117.304,117.429,115.379,112.934,109.014,106.65,105.447,107.651,105.546,102.694,98.3612,100.141,101.945,111.453,111.821,113.705,111.152,113.934,119.144,123.503,116.493,119.848,116.573,122.977,125.44,124.874,122.232,119.33,123.258,126.269,119.017,115.729,112.753,114.358,116.159,117.226,113.286,111.58,116.081,123.119,128.526,123.736,120.918,120.997,120.209,121.612,125.979,123.683,119.824,112.412,111.106,107.397,107.873,106.479,105.261,99.0251,97.3584,98.7659,98.0603,97.4123,100.14,96.628,96.9471,96.2898,99.428,107.004,103.959,104.356,103.26,107.253,114.918,115.469,122.051,121.558,114.016,115.915,118.55,126.986,120.426,118.756,116.213,113.087,111.603,110.296,106.244,105.865,100.443,100.132,97.8481,99.1495,95.3459,93.7329,93.9536,95.7644,95.8487,94.363,93.5741,94.7264,91.2149,90.0196,91.3972,93.8758,91.7249,92.3482,91.7453,88.9256,89.6084,91.0525,97.5175,97.328,96.4013,100.836,95.33,97.3558,99.86,97.627,99.0015,96.9048,96.525,95.3277,93.4337,95.2665,95.1579,95.4097,95.1124,95.2471,95.3512,95.63,97.0415,96.7646,96.0476,96.5161,97.2994,98.8549,97.4258,96.9174,95.445,94.0249,94.2096,96.5807,95.2263,95.2449,93.6087,94.6462,94.7653,96.1251,97.0001,96.2115,94.3822,94.1788,94.1565,94.6695,92.1895,91.3273,89.8737,89.2908,89.5194,89.9105,89.8048,88.1742,87.7892,90.6679,92.2494,93.5443,93.5824,93.3027,92.7994,93.5545,94.0292,93.7506,92.4567,93.4749,93.7188,93.5016,95.1993,96.8379,97.0168,98.6871,98.185,98.5036,97.5862,97.0867,97.4289,96.0624,94.5601,94.0571,92.51,93.0491,92.6117,90.2091,88.9029,89.6475,88.838,88.86,90.777,90.1537,90.9993,91.6545,92.5246,93.1678,91.0956,91.7905,92.7287,90.398,92.4313,92.5898,92.8321,92.9818,94.6437,95.4783,96.4798,95.234,95.7753,95.5606,94.2652,94.7925,95.3921,93.3314,93.9983,92.4084,93.2998,93.9641,93.3003,93.9496,92.8927,92.0616,93.3065,93.0585,92.7404,92.215,92.2714,92.5002,92.2782,92.9589,93.5298,92.8927,93.5784,95.0466,96.7527,97.198,96.8217,97.6924,96.5224,97.728,99.4241,99.1821,98.673,-106.593,367.797,136.066,-191.525,
W_Calibration,100,0,0,95.0422,100,108.876,565.016,99.9909,1.74827e-05,0.00127928,0,0,6504.1, ,100,100,100,100,100,100,100,100,100,100,100,100,100,100,100,100,100,100,100,100,100,100,100,100,100,100,100,100,100,100,100,100,100,100,100,100,100,100,100,100,100,100,100,100,100,100,100,100,100,100,100,100,100,100,100,100,100,100,100,100,100,100,100,100,100,100,100,100,100,100,100,100,100,100,100,100,100,100,100,100,100,100,100,100,100,100,100,100,100,100,100,100,100,100,100,100,100,100,100,100,100,100,100,100,100,100,100,100,100,100,100,100,100,100,100,100,100,100,100,100,100,100,100,100,100,100,100,100,100,100,100,100,100,100,100,100,100,100,100,100,100,100,100,100,100,100,100,100,100,100,100,100,100,100,100,100,100,100,100,100,100,100,100,100,100,100,100,100,100,100,100,100,100,100,100,100,100,100,100,100,100,100,100,100,100,100,100,100,100,100,100,100,100,100,100,100,100,100,100,100,100,100,100,100,100,100,100,100,100,100,100,100,100,100,100,100,100,100,100,100,100,100,100,100,100,100,100,100,100,100,100,100,100,100,100,100,100,100,100,100,100,100,100,100,100,100,100,100,100,100,100,100,100,100,100,100,100,100,100,100,100,100,100,100,100,100,100,100,100,100,100,100,100,100,100,100,100,100,100,100,100,100,100,100,100,100,100,100,100,100,100,100,100,100,100,100,100,100,100,100,100,100,100,100,100,100,100,100,100,100,100,100,100,100,100,100,100,100,100,100,100,100,100,100,100,100,100,100,100,100,100,100,100,100,100,100,100,100,100,100,100,100,100,100,100,100,100,100,100,100,100,100,100,100,100,100,100,100,100,100,100,100,100,100,100,100,100,100,100,100,100,100,100,100,100,100,100,100,100,100,100,100,100,100,100,100,100,100,100,100,100,100,100,100,100,100,100,100,100,100,100,100,100,100,100,100,100,100,100,100,100,100,100,100,100,100,100,100,100,100,100,100,100,100,100,100,100,100,100,100,100,100,100,100,100,100,100,100,100,100,100,100,100,100,100,100,100,100,100,100,100,100,100,100,100,100,100,100,100,100,100,100,100,100,100,100,100,100,100,100,100,100,100,100,100,100,100,100,100,100,100,100,100,100,100,100,100,100,100,100,100,100,100,100,100,100,100,100,100,100,100,100,100,100,100,100,100,100,100,100,100,100,100,100,100,100,100,100,100,100,100,100,100,100,100,100,100,100,100,100,100,100,100,100,100,100,100,100,100,100,100,100,100,100,100,100,100,100,100,100,100,100,100,100,100,100,100,100,100,100,100,100,100,100,100,100,100,100,100,100,100,100,100,100,100,100,100,100,100,100,100,100,100,100,100,100,100,100,100,100,100,100,100,100,100,100,100,100,100,100,100,100,100,100,100,100,100,100,100,100,100,100,100,100,100,100,100,100,100,100,100,100,100,100,100,100,100,100,100,100,100,100,100,100,100,100,100,100,100,100,100,100,100,100,100,100,100,100,100,100,100,100,100,100,100,100,100,100,100,100,100,100,100,100,100,100,100,100,100,100,100,100,100,100,100,100,100,100,100,100,100,100,100,100,100,100,100,100,100,100,100,100,100,100,100,100,100,100,100,100,100,100,100,100,100,100,100,100,100,100,100,100,100,100,100,100,100,100,100,100,100,100,100,100,100,100,100,100,100,100,100,100,100,100,100,100,100,100,100,100,100,100,100,100,100,100,100,100,100,100,100,100,100,100,100,100,100,100,100,100,100,100,100,100,100,100,100,100,100,100,100,100,100,100,100,100,100,100,100,100,100,100,100,100,100,100,100,100,100,100,100,100,100,100,100,100,100,100,100,100,100,100,100,100,100,100,100,100,100,100,100,100,100,100,100,100,100,100,100,100,100,100,100,100,100,100,100,100,100,100,100,100,100,100,100,100,100,100,100,100,100,100,100,100,100,100,100,100,100,100,100,100,100,100,100,100,100,100,100,100,100,100,100,100,100,100,100,100,100,100,100,100,100,100,100,100,100,100,100,100,100,100,100,100,100,100,100,100,100,100,100,100,100,100,100,100,100,100,100,100,100,100,100,100,100,100,100,100,100,100,100,100,100,100,100,100,100,100,100,100,100,100,100,100,100,100,100,100,100,100,100,100,100,100,100,100,100,100,100,100,100,100,100,100,100,100,100,100,100,100,100,100,100,100,100,100,100,100,100,100,100,100,100,100,100,100,100,100,100,100,100,100,100,100,100,100,100,100,100,100,100,100,100,100,100,100,100,100,100,100,100,100,100,100,100,100,100,100,100,100,100,100,100,100,100,100,100,100,100,100,100,100,100,100,100,100,100,100,100,100,100,100,100,100,100,100,100,100,100,100,100,100,100,100,100,100,100,100,100,100,100,100,100,100,
F_Calibration,100,0,0,108.104,100,39.2965,491.07,99.9909,0.000170256,0.00127928,0,0,3000.62, ,100,100,100,100,100,100,100,100,100,100,100,100,100,100,100,100,100,100,100,100,100,100,100,100,100,100,100,100,100,100,100,100,100,100,100,100,100,100,100,100,100,100,100,100,100,100,100,100,100,100,100,100,100,100,100,100,100,100,100,100,100,100,100,100,100,100,100,100,100,100,100,100,100,100,100,100,100,100,100,100,100,100,100,100,100,100,100,100,100,100,100,100,100,100,100,100,100,100,100,100,100,100,100,100,100,100,100,100,100,100,100,100,100,100,100,100,100,100,100,100,100,100,100,100,100,100,100,100,100,100,100,100,100,100,100,100,100,100,100,100,100,100,100,100,100,100,100,100,100,100,100,100,100,100,100,100,100,100,100,100,100,100,100,100,100,100,100,100,100,100,100,100,100,100,100,100,100,100,100,100,100,100,100,100,100,100,100,100,100,100,100,100,100,100,100,100,100,100,100,100,100,100,100,100,100,100,100,100,100,100,100,100,100,100,100,100,100,100,100,100,100,100,100,100,100,100,100,100,100,100,100,100,100,100,100,100,100,100,100,100,100,100,100,100,100,100,100,100,100,100,100,100,100,100,100,100,100,100,100,100,100,100,100,100,100,100,100,100,100,100,100,100,100,100,100,100,100,100,100,100,100,100,100,100,100,100,100,100,100,100,100,100,100,100,100,100,100,100,100,100,100,100,100,100,100,100,100,100,100,100,100,100,100,100,100,100,100,100,100,100,100,100,100,100,100,100,100,100,100,100,100,100,100,100,100,100,100,100,100,100,100,100,100,100,100,100,100,100,100,100,100,100,100,100,100,100,100,100,100,100,100,100,100,100,100,100,100,100,100,100,100,100,100,100,100,100,100,100,100,100,100,100,100,100,100,100,100,100,100,100,100,100,100,100,100,100,100,100,100,100,100,100,100,100,100,100,100,100,100,100,100,100,100,100,100,100,100,100,100,100,100,100,100,100,100,100,100,100,100,100,100,100,100,100,100,100,100,100,100,100,100,100,100,100,100,100,100,100,100,100,100,100,100,100,100,100,100,100,100,100,100,100,100,100,100,100,100,100,100,100,100,100,100,100,100,100,100,100,100,100,100,100,100,100,100,100,100,100,100,100,100,100,100,100,100,100,100,100,100,100,100,100,100,100,100,100,100,100,100,100,100,100,100,100,100,100,100,100,100,100,100,100,100,100,100,100,100,100,100,100,100,100,100,100,100,100,100,100,100,100,100,100,100,100,100,100,100,100,100,100,100,100,100,100,100,100,100,100,100,100,100,100,100,100,100,100,100,100,100,100,100,100,100,100,100,100,100,100,100,100,100,100,100,100,100,100,100,100,100,100,100,100,100,100,100,100,100,100,100,100,100,100,100,100,100,100,100,100,100,100,100,100,100,100,100,100,100,100,100,100,100,100,100,100,100,100,100,100,100,100,100,100,100,100,100,100,100,100,100,100,100,100,100,100,100,100,100,100,100,100,100,100,100,100,100,100,100,100,100,100,100,100,100,100,100,100,100,100,100,100,100,100,100,100,100,100,100,100,100,100,100,100,100,100,100,100,100,100,100,100,100,100,100,100,100,100,100,100,100,100,100,100,100,100,100,100,100,100,100,100,100,100,100,100,100,100,100,100,100,100,100,100,100,100,100,100,100,100,100,100,100,100,100,100,100,100,100,100,100,100,100,100,100,100,100,100,100,100,100,100,100,100,100,100,100,100,100,100,100,100,100,100,100,100,100,100,100,100,100,100,100,100,100,100,100,100,100,100,100,100,100,100,100,100,100,100,100,100,100,100,100,100,100,100,100,100,100,100,100,100,100,100,100,100,100,100,100,100,100,100,100,100,100,100,100,100,100,100,100,100,100,100,100,100,100,100,100,100,100,100,100,100,100,100,100,100,100,100,100,100,100,100,100,100,100,100,100,100,100,100,100,100,100,100,100,100,100,100,100,100,100,100,100,100,100,100,100,100,100,100,100,100,100,100,100,100,100,100,100,100,100,100,100,100,100,100,100,100,100,100,100,100,100,100,100,100,100,100,100,100,100,100,100,100,100,100,100,100,100,100,100,100,100,100,100,100,100,100,100,100,100,100,100,100,100,100,100,100,100,100,100,100,100,100,100,100,100,100,100,100,100,100,100,100,100,100,100,100,100,100,100,100,100,100,100,100,100,100,100,100,100,100,100,100,100,100,100,100,100,100,100,100,100,100,100,100,100,100,100,100,100,100,100,100,100,100,100,100,100,100,100,100,100,100,100,100,100,100,100,100,100,100,100,100,100,100,100,100,100,100,100,100,100,100,100,100,100,100,100,100,100,100,100,100,100,100,100,100,100,100,100,100,100,100,100,100,100,100,100,100,100,100,100,100,
W_3525A2/478_G_Faint_0.51_VVS2,100.224,-0.518176,1.12973,95.2986,100.582,107.667,568.886,95.6514,0.0099467,0.281245,1.2429,114.64,6421.83, ,125,56.8465,11300,86.5546,98.4652,98.3641,98.1657,97.9659,97.992,98.1773,97.9094,98.0815,97.7321,98.3479,98.3963,98.7021,98.6753,98.7304,98.2122,97.5966,97.5406,96.7063,96.284,96.8593,97.1563,97.3693,97.2198,97.2019,97.5014,97.515,98.2233,98.6267,97.6522,97.5942,97.368,97.401,97.3607,97.4846,97.3397,97.0584,96.2391,96.0827,95.7422,95.7175,95.7891,96.1,96.3573,96.1435,96.2762,97.3541,98.1038,97.7826,97.8136,98.2122,98.0414,98.206,97.9858,98.173,97.422,97.3537,98.086,97.9957,97.2599,96.8222,96.8582,96.7575,96.7788,97.2085,96.2881,95.697,95.7683,96.0213,96.4121,96.0947,96.2152,96.1168,95.9531,96.3945,96.6363,96.6835,96.6651,96.7631,96.8643,96.7052,96.2773,96.1866,96.6083,96.4563,96.2215,95.9124,95.7557,95.6379,96.0435,96.3296,96.3842,96.2309,95.9932,95.9682,96.3078,96.4594,96.4536,96.2971,96.4517,96.5203,96.2409,96.562,96.6541,96.4762,95.8083,95.9309,95.8548,95.7939,95.588,96.3184,96.4251,96.5351,96.7275,97.2622,97.0294,97.1929,97.4029,97.7061,97.3273,97.3847,97.4514,97.6818,97.7248,97.9978,98.0052,97.7181,97.0701,93.9881,93.6156,93.2443,92.7764,92.5546,92.5694,92.4649,92.4535,92.8396,95.8307,96.106,96.3301,96.833,97.0799,97.3127,97.5863,97.8431,98.1522,97.9876,97.922,98.1916,97.8426,97.9547,97.6126,97.5958,97.5858,97.4814,97.5104,97.5573,97.4295,97.6353,97.5128,97.715,97.4843,97.6839,97.602,97.3221,97.4886,97.6183,97.8909,97.9808,97.8514,97.9816,97.3493,97.3842,97.6278,97.4786,97.0965,96.668,96.2811,96.0788,95.9491,96.5214,96.4547,96.3185,95.867,95.5993,95.2425,94.944,94.8011,94.6298,94.4557,94.333,94.1413,94.3104,94.4259,94.2376,94.3052,94.5205,94.114,94.0013,93.8608,93.8429,93.5814,93.1163,92.9194,92.9143,92.6441,92.5581,92.3981,92.116,91.9192,91.8096,91.8069,91.9227,91.5084,91.3002,91.3654,91.2855,91.2283,91.079,90.9409,90.8167,90.7554,90.7854,90.3,89.9163,89.4274,88.8755,88.6071,88.1925,88.007,87.2609,86.8428,86.542,86.056,85.7728,85.3042,84.5587,83.9683,83.1886,82.7617,81.9823,81.1819,80.6198,79.9052,79.129,78.3702,77.804,77.2101,76.7728,76.5326,76.5025,76.4669,76.5617,76.7375,76.7967,76.6945,76.515,76.193,76.0075,76.011,76.2213,76.6635,77.3246,78.1421,79.0091,79.8845,80.8641,81.8582,82.8291,83.7873,84.6003,85.01,84.8733,84.333,84.1774,84.5198,85.1131,85.8187,86.6097,87.4916,88.7087,90.5126,92.6812,94.294,95.2382,95.8557,96.4114,96.8432,97.2745,97.6148,97.9125,98.1813,98.3967,98.5875,98.7972,98.9205,99.072,99.1309,99.2545,99.2864,99.2947,99.3578,99.3854,99.4175,99.4553,99.4472,99.4535,99.4291,99.4789,99.5092,99.5173,99.4976,99.4739,99.4735,99.4832,99.4666,99.4574,99.401,99.4007,99.3348,99.3366,99.3142,99.2692,99.2575,99.2699,99.2894,99.33,99.3355,99.3654,99.3925,99.4378,99.4957,99.5332,99.5637,99.5793,99.5555,99.5606,99.6164,99.6402,99.6483,99.6494,99.6549,99.6789,99.7213,99.7759,99.8004,99.8115,99.8184,99.8167,99.7759,99.7345,99.6721,99.5968,99.5088,99.4341,99.38,99.3518,99.3559,99.4391,99.5052,99.6088,99.712,99.8316,99.957,100.066,100.151,100.259,100.297,100.332,100.337,100.377,100.412,100.446,100.477,100.515,100.501,100.528,100.548,100.606,100.625,100.627,100.63,100.627,100.628,100.638,100.601,100.633,100.612,100.591,100.601,100.614,100.636,100.617,100.612,100.632,100.615,100.618,100.628,100.631,100.621,100.599,100.614,100.623,100.636,100.612,100.607,100.629,100.633,100.641,100.63,100.632,100.652,100.641,100.646,100.678,100.678,100.676,100.671,100.687,100.676,100.659,100.664,100.664,100.633,100.592,100.604,100.601,100.594,100.595,100.592,100.59,100.599,100.597,100.601,100.573,100.562,100.563,100.555,100.545,100.539,100.531,100.538,100.552,100.568,100.572,100.567,100.567,100.584,100.602,100.597,100.579,100.582,100.59,100.579,100.58,100.586,100.577,100.577,100.607,100.622,100.615,100.615,100.624,100.651,100.662,100.657,100.655,100.637,100.645,100.636,100.619,100.612,100.598,100.598,100.59,100.599,100.604,100.597,100.626,100.63,100.639,100.619,100.616,100.629,100.617,100.615,100.621,100.604,100.599,100.599,100.581,100.587,100.593,100.594,100.609,100.591,100.581,100.609,100.624,100.658,100.646,100.626,100.619,100.592,100.618,100.619,100.598,100.61,100.592,100.606,100.611,100.624,100.628,100.628,100.637,100.644,100.647,100.637,100.628,100.642,100.635,100.637,100.644,100.652,100.664,100.659,100.682,100.694,100.707,100.716,100.716,100.686,100.677,100.655,100.649,100.638,100.642,100.639,100.642,100.669,100.68,100.699,100.715,100.728,100.733,100.737,100.72,100.706,100.699,100.717,100.726,100.735,100.737,100.749,100.758,100.786,100.811,100.826,100.817,100.795,100.787,100.769,100.761,100.745,100.744,100.749,100.736,100.748,100.735,100.746,100.771,100.796,100.81,100.808,100.801,100.809,100.782,100.806,100.812,100.802,100.79,100.795,100.774,100.782,100.785,100.829,100.835,100.835,100.828,100.799,100.782,100.827,100.824,100.809,100.789,100.792,100.783,100.79,100.834,100.83,100.793,100.765,100.771,100.792,100.788,100.79,100.783,100.77,100.79,100.814,100.841,100.834,100.819,100.848,100.86,100.881,100.904,100.902,100.894,100.897,100.916,100.934,100.912,100.902,100.916,100.92,100.944,100.933,100.926,100.918,100.917,100.93,100.953,100.933,100.938,100.942,100.974,100.997,101.029,101.026,101.034,101.019,101.036,101.023,101,101,101.007,100.992,101.007,100.994,101.018,101.03,101.019,101.005,100.998,100.992,101.022,101.028,101.035,101.014,101.018,101.052,101.075,101.112,101.113,101.082,101.077,101.091,101.135,101.126,101.137,101.151,101.125,101.157,101.189,101.224,101.249,101.229,101.24,101.254,101.306,101.301,101.293,101.327,101.296,101.255,101.29,101.297,101.302,101.256,101.299,101.318,101.266,101.311,101.38,101.385,101.373,101.392,101.447,101.407,101.369,101.382,101.33,101.31,101.283,101.269,101.261,101.247,101.233,101.282,101.304,101.319,101.271,101.26,101.32,101.3,101.223,101.277,101.287,101.318,101.332,101.316,101.371,101.337,101.315,101.363,101.289,101.302,101.375,101.39,101.471,101.464,101.477,101.53,101.553,101.702,101.624,101.564,101.598,101.619,101.657,101.774,101.734,101.732,101.697,101.737,101.693,101.681,101.664,101.588,101.523,101.572,101.614,101.537,101.509,101.566,101.553,101.516,101.53,101.481,101.345,101.25,101.388,101.413,101.368,101.38,101.443,101.456,101.465,101.558,101.618,101.558,101.639,101.615,101.63,101.467,101.489,101.465,101.474,101.503,101.359,101.316,101.495,101.516,101.754,101.756,101.809,101.866,101.844,102.099,102.067,102.063,102.045,101.899,101.967,101.895,102.097,102.058,101.938,102.07,102.024,102.015,102.017,101.961,101.965,101.516,101.538,101.694,101.613,101.479,101.556,101.5,101.542,101.436,101.786,101.766,101.509,101.641,101.623,101.556,101.677,101.839,101.939,101.812,101.932,102.04,102.123,102.128,102.095,102.115,101.681,101.88,101.813,101.632,101.669,101.511,101.329,101.305,101.251,101.375,101.285,101.429,101.541,101.546,101.593,101.668,101.455,101.36,101.382,101.303,101.345,101.234,101.107,101.157,101.372,101.565,101.849,101.745,101.658,101.528,101.525,101.83,101.957,101.983,101.946,101.566,101.84,101.998,102.092,102.207,101.634,101.433,101.515,101.531,101.674,101.612,101.461,101.016,100.974,101.173,101.328,101.236,101.091,101.018,100.918,100.991,101.155,101.202,101.636,101.484,101.317,101.584,101.518,101.41,101.222,101.538,101.272,100.947,101.182,101.23,101.226,100.989,101.173,101.34,101.142,101.169,101.122,101.039,101.252,101.104,101.384,101.426,101.597,101.2,101.37,101.288,101.36,100.912,100.632,100.747,100.51,100.591,100.637,100.593,100.423,100.505,100.565,100.811,101.033,101.2,101.168,101.806,101.811,102.259,102.007,102.014,102.241,101.994,102.134,102.158,101.844,101.652,101.635,101.379,101.465,101.346,101.169,100.861,100.611,100.739,100.807,100.63,100.828,100.874,100.778,101.149,101.347,101.573,101.035,101.233,101.395,101.136,101.167,100.818,100.39,100.446,100.091,100,99.9208,100.011,100.17,99.9774,100.407,100.987,100.973,101.176,101.765,101.766,102,102.047,102.306,102.221,101.884,101.843,101.954,101.863,102.074,101.789,102.12,101.998,102.032,101.905,101.957,101.525,101.472,101.171,101.008,100.652,100.557,100.431,100.47,100.122,100.528,100.334,100.575,100.715,100.612,100.769,100.846,101.112,101.307,101.502,101.556,101.461,101.929,102.22,102.196,102.171,102.121,102.213,101.836,102.133,102.136,101.398,101.45,101.361,101.557,101.631,101.596,101.849,101.717,102.044,102.117,101.96,102.055,102.021,101.89,-31.9588,-316,145.07,-23.9437,
F_3525A2/478_G_Faint_0.51_VVS2,104.079,10.3296,-82.0866,127.236,110.923,118.712,467.328,382.829,0.262355,1.94161,82.734,-82.8277,4263.64, ,-100,-181.818,-0,65.5738,78.406,79.1015,78.4242,78.1719,77.7489,77.011,76.9532,77.5028,77.7449,77.1728,77.0513,77.0536,77.5054,78.3965,78.1858,77.9008,76.705,76.9364,77.1514,76.881,77.3424,76.6579,75.6336,75.6139,75.913,76.3947,76.1017,76.2509,75.4342,75.4286,75.4488,75.6781,75.9336,75.9771,75.9999,76.4115,76.3431,76.7803,77.0485,76.9905,77.0475,76.8993,77.391,77.1986,76.6032,76.0965,75.7816,75.4146,75.5916,75.7679,76.1234,75.6307,76.1001,76.0905,76.4176,76.5141,76.5843,76.2621,75.8823,75.2262,75.0889,74.8652,74.9016,75.0021,75.0021,74.8745,74.5235,74.707,74.8687,74.674,74.5228,74.912,74.9537,75.7866,75.9877,76.6428,76.4971,76.972,77.3752,77.5145,77.5076,77.5936,76.8307,76.6588,76.9964,77.5827,77.1559,76.8314,77.0442,76.8359,76.1951,76.1518,76.2267,75.5794,75.4792,75.8166,76.5383,76.4632,76.6147,77.1259,77.6526,77.6639,78.163,77.8862,77.8503,77.3764,77.4027,76.9432,77.1366,77.2557,77.3556,77.4197,78.0975,78.379,79.0151,79.0565,79.4866,79.4451,79.3499,79.2369,79.1183,79.0073,78.6893,78.3091,78.314,78.0029,78.0178,78.3131,78.6778,78.3074,77.8344,77.7771,77.7135,77.4487,77.8194,77.3115,76.789,76.4034,76.5462,76.8326,76.5877,76.2105,76.412,76.0548,75.9477,75.9262,75.8892,75.9037,75.8723,76.0167,75.9108,76.0046,76.1071,76.4596,76.3084,76.3021,76.1986,75.8829,75.9887,76.2537,76.0414,76.0394,75.8981,76.0187,76.0869,76.05,76.371,76.3935,76.3664,76.303,76.4423,76.6883,76.6557,76.5711,76.764,76.6258,76.6888,76.3881,76.4883,76.435,76.4323,76.522,76.5383,76.4509,76.4806,76.5276,76.6618,76.6041,76.6183,76.5999,76.5921,76.6808,76.6534,76.6985,76.8418,77.1853,77.5575,77.9377,78.3153,78.699,79.0928,79.401,79.4868,79.4808,79.3844,79.2326,78.9852,78.6885,78.4086,78.1415,77.88,77.6615,77.4256,77.1869,76.9225,76.6806,76.4192,76.1128,75.7914,75.4346,75.0613,74.6928,74.3134,73.9566,73.5993,73.2932,73.0451,72.7819,72.567,72.3397,72.1181,71.8995,71.6933,71.4799,71.2602,71.0531,70.9492,70.9085,70.9437,71.0015,71.1881,71.4123,71.5541,71.6271,71.6402,71.579,71.5566,71.5924,71.7684,71.9233,72.1607,72.6497,73.2492,73.9383,74.6586,75.3169,75.7302,76.1074,76.5878,77.0748,77.59,78.2957,79.4464,81.0011,82.7165,85.0873,87.7297,90.5958,93.7072,97.7028,103.283,111.379,121.786,131.914,139.87,147.314,155.029,162.872,170.057,175.957,179.411,180.668,183.832,190.679,200.075,211.154,223.839,238.891,254.393,269.607,283.297,294.95,303.226,308.985,312.362,314.49,313.931,312.198,311.586,312.334,315.551,322.895,331.129,338.764,343.996,347.952,351.365,352.8,353.644,352.485,348.622,344.553,341.192,339.606,338.195,338.187,339.651,340.5,342.254,345.729,347.322,349.366,350.172,351.34,350.664,348.179,346.196,342.513,337.851,334.849,331.171,328.132,325.579,323.922,323.186,321.763,321.373,319.247,317.074,314.764,312.195,309.178,305.608,301.834,298.28,294.005,290.989,287.314,283.66,280.884,277.22,273.539,270.317,266.948,263.974,260.59,258.431,256.416,253.09,250.893,248.501,245.657,242.716,239.758,237.224,233.251,229.922,226.706,223.282,220.366,217.009,213.896,211.016,207.629,204.975,202.138,199.345,196.881,193.779,191.06,188.957,186.424,184.015,182.067,179.568,177.379,175.214,173.115,171.461,168.867,166.752,164.723,162.504,160.644,159.143,157.052,155.446,153.28,151.652,150.035,148.473,146.811,145.184,143.561,142.169,140.858,139.557,138.227,136.823,135.584,134.542,133.526,132.244,131.159,130.062,129.226,128.139,127.326,126.637,125.781,124.86,123.984,123.053,122.291,121.499,121.014,120.179,119.506,118.874,117.976,117.251,116.731,116.126,115.644,114.857,114.102,113.667,112.94,112.72,112.285,111.892,111.671,111.176,110.837,110.763,110.166,110.05,109.639,109.639,109.324,108.961,108.719,108.526,108.108,108.05,107.887,107.737,107.124,106.94,106.562,106.388,106.174,106.239,105.92,105.407,105.109,105.077,104.882,104.859,104.648,104.629,104.187,104.257,104.006,103.859,104.163,104.001,103.983,103.81,103.572,103.785,103.344,103.569,103.47,103.015,103.014,102.892,103.016,103.075,103.264,103.569,103.712,103.791,103.791,103.816,103.411,103.205,103.158,102.872,102.561,102.361,102.466,102.477,102.622,102.672,102.684,102.512,101.918,102.158,101.987,101.766,101.749,101.532,101.712,101.523,101.861,102.476,102.25,102.317,102.202,102.193,102.412,102.44,102.614,102.617,102.435,103.012,103.166,103.416,103.365,103.233,103.45,103.53,103.609,103.94,103.577,103.805,103.384,103.503,103.11,102.978,102.904,102.654,102.441,102.559,102.126,102.433,102.498,102.599,102.551,102.871,102.795,102.872,102.67,102.724,102.923,102.843,103.267,103.561,103.369,103.88,103.889,104.247,104.706,104.765,105.062,105.285,104.878,105.155,104.667,105.084,104.842,104.294,104.25,104.314,104.25,104.546,104.409,104.557,104.555,104.539,105.185,105.655,105.683,105.467,106.126,106.741,106.976,107.065,107.759,107.838,107.357,108.045,108.213,108.057,107.61,107.705,107.617,107.257,107.029,107.045,106.232,106.603,106.46,106.213,106.174,106.022,105.617,105.655,106.18,106.082,106.4,106.474,107.059,106.708,107.693,108.27,108.556,108.816,109.721,109.805,109.663,109.672,110.76,110.139,110.476,110.378,110.541,110.641,109.932,109.99,110.386,110.128,110.026,109.509,110.284,110.216,110.182,109.812,110.693,110.911,111.379,111.438,112.382,112.158,111.904,111.704,113.121,113.289,112.973,112.339,112.862,112.61,113.199,112.779,113.346,113.371,112.466,112.816,113.124,114.022,113.571,112.966,114.101,113.729,113.708,113.122,112.837,112.694,111.258,111.403,112.712,113.689,113.354,112.559,112.936,113.57,113.155,113.157,113.337,112.246,111.684,113.719,114.934,114.373,114.374,115.567,116.839,117.908,117.986,117.138,116.128,115.759,118.097,117.688,117.261,116.571,117.972,118.357,117.92,117.45,119.462,119.01,120.161,121.611,122.912,119.636,120.549,122.124,123.082,121.743,121.41,119.921,119.967,119.158,120.112,118.565,118.07,116.362,116.898,116.098,117.569,118.8,119.579,119.709,120.249,121.425,120.589,118.542,119.338,118.818,118.143,116.446,116.553,120.052,121.963,124.679,127.652,128.385,128.542,126.975,132.833,136.335,130.047,129.511,131.384,132.787,130.975,129.465,129.544,123.467,119.012,121.033,115.343,110.965,105.195,106.707,108.949,110.192,112.62,114.75,116.142,122.867,124.64,129.714,127.566,126.488,124.903,125.421,126.612,127.48,122.962,123.967,119.407,118.748,116.849,118.163,121.073,119.197,117.595,117.715,117.185,118.71,116.999,118.053,117.345,110.863,109.776,108.588,109.66,108.841,116.4,120.52,124.653,121.923,124.065,127.399,132.699,134.353,133.387,122.892,120.722,114.773,118.122,119.648,119.216,113.724,115.818,120.15,127.513,128.843,133.074,126.126,124.94,119.25,117.404,115.246,108.343,103.153,102.441,98.8755,103.203,96.6902,100.802,100.847,98.0234,102.074,107.28,108.166,113.814,112.158,116.402,114.548,119.288,118.467,120.062,109.762,110.052,108.307,109.267,115.649,120.632,119.961,120.416,124.369,124.729,124.308,128.381,128.687,122.274,119.311,118.267,118.007,115.709,118.694,117.771,112.241,108.636,112.495,112.21,108.591,107.593,104.277,103.856,100.724,98.6501,98.9602,98.2368,95.1719,94.4772,94.9982,94.0472,92.9408,98.2921,96.2008,95.8951,91.0038,90.2071,90.5392,92.9842,94.327,101.414,94.3078,97.9925,100.033,102.899,105.345,109.009,107.653,104.633,98.2693,96.5893,97.4637,94.8548,94.84,91.9476,88.5174,85.9232,86.2113,85.4851,88.543,85.1878,86.2351,84.2409,84.8669,85.6428,87.466,87.4923,87.4435,87.162,89.8283,88.2846,89.627,88.7434,86.8573,84.8008,83.2073,84.1358,84.1984,81.8312,83.1137,82.1176,80.979,82.9944,82.3651,82.7656,82.5222,81.1407,81.1146,80.0375,80.7544,81.8759,79.8828,81.347,81.7719,80.4976,81.3219,83.1809,81.9732,80.9213,81.7948,82.4705,81.0421,81.0421,81.5481,79.8479,77.9884,79.3385,80.0087,79.2068,79.7924,79.2153,78.0082,76.7303,78.7003,77.8206,78.4983,77.4977,77.2193,75.7529,75.1598,75.6174,76.8521,76.4486,76.9231,75.319,76.7569,75.7865,76.8149,78.471,78.0542,78.1641,77.9503,78.2216,78.4409,77.0045,78.0445,76.6838,76.3411,76.6258,75.4204,75.6269,77.8962,78.2861,78.6784,76.8855,77.3862,77.9044,78.4123,80.0463,79.8937,78.5316,77.8883,77.2588,79.3969,80.2746,80.7733,80.8915,79.6053,79.5641,79.9506,79.6426,81.6844,81.0143,80.8607,80.4403,81.317,82.8487,82.0931,81.1741,82.1643,80.7407,79.7258,80.1581,79.2439,78.77,77.6205,77.5712,76.4245,75.6558,75.7916,76.8055,76.1155,77.1888,77.4527,77.0473,77.6445,78.4476,79.3401,79.3946,78.7328,79.3049,78.8403,77.7871,77.8671,77.7343,363.636,137.931,666.667,0,
W_3510A2/272_I_Faint_0.50_VS2,99.2877,-0.813253,2.88036,92.8447,98.1691,102.303,571.795,85.5062,0.0265117,-0.136964,2.99297,105.767,6267.87, ,75,75.6017,-8180,28.4034,95.9311,95.8304,95.2958,95.5526,95.236,95.7373,95.6391,95.9572,96.2784,95.8558,96.5622,97.1739,97.2474,97.1041,96.4987,96.2184,96.024,95.2057,95.7449,95.5434,95.9885,96.2096,96.2599,96.2919,96.5484,96.1175,96.7297,96.8734,96.0781,95.7946,95.4802,95.7523,96.2946,96.3758,96.6505,96.8976,96.0578,96.1711,95.6524,95.4528,95.3735,95.5356,95.7096,95.1197,94.7306,95.7656,96.333,96.4846,96.5007,97.3173,96.5972,96.7202,96.1144,96.4681,95.9189,96.0397,95.9896,96.0105,95.1145,95.1829,94.9252,95.5722,95.4855,95.4557,94.612,94.8241,95.0306,95.0445,95.3087,95.4058,95.1434,94.9069,94.5911,94.8898,94.9086,94.5608,94.3227,93.8595,93.8327,94.3161,94.2679,94.5465,94.8514,95.0517,95.1314,95.0501,95.6706,95.7875,95.6603,95.6013,95.8246,95.1254,94.4797,94.5435,95.1561,94.9979,94.7347,94.7273,94.622,94.0341,94.554,94.9579,94.9343,94.8127,94.597,94.6943,94.6119,94.4556,94.5805,94.7356,95.0653,95.4876,95.4501,95.6657,95.4561,95.5341,95.9513,96.3348,96.4789,96.3122,96.1407,96.2731,96.3305,96.4494,96.3634,95.9567,95.4573,92.1866,91.837,91.6351,91.6675,91.4903,91.6001,91.63,91.7523,91.8481,94.7843,94.7214,94.6637,94.5414,94.4418,94.2619,94.2735,94.5736,94.871,94.5351,94.7778,95.2123,94.7448,95.117,95.0409,95.1126,94.9243,94.8976,95.2266,95.2683,94.8967,95.0782,94.7077,95.2135,95.284,95.5698,95.7209,95.3193,94.9517,95.1615,95.8308,96.1096,95.8257,95.9503,95.5652,95.3032,95.5592,95.987,95.7225,95.4373,94.9616,94.5828,94.5085,95.02,95.1145,95.1974,95.0285,94.8933,94.5007,94.7359,94.6283,94.4701,94.2242,94.1356,94.0079,93.6251,93.7597,93.5131,93.3492,93.7849,93.2485,93.1214,93.3404,93.1863,93.0852,93.0113,93.1338,93.2444,92.994,93.2806,93.4733,92.9183,92.7949,93.2205,93.1365,93.2847,93.2856,93.5832,93.6676,93.4829,93.7909,93.9986,93.5842,93.6534,93.6534,93.5726,93.0138,92.554,92.28,91.9778,91.5278,91.4152,91.1823,90.772,90.5829,90.3927,90.3688,90.3324,89.9222,89.8149,89.5314,89.1925,89.1114,88.6391,88.6286,88.5531,88.3875,88.3868,88.2957,88.3477,88.3924,88.324,88.359,88.2178,88.1148,88.1238,88.2101,88.2562,88.3127,88.3626,88.4181,88.4633,88.5884,88.7007,88.8265,88.9201,89.0413,89.155,89.2362,89.3295,89.4148,89.4871,89.547,89.5778,89.6396,89.6632,89.6757,89.7435,89.8153,89.9457,90.0547,90.2003,90.3415,90.4471,90.5802,90.7254,90.8156,90.8921,90.9109,90.9845,91.0529,91.1486,91.1832,91.2473,91.3187,91.3829,91.4487,91.5607,91.6246,91.6807,91.7139,91.8147,91.8829,91.9016,91.9695,92.0246,92.0675,92.1317,92.1885,92.2321,92.2719,92.3579,92.4676,92.5747,92.6743,92.732,92.8302,92.9126,93.0084,93.0911,93.1396,93.2131,93.2923,93.3688,93.4605,93.5033,93.5913,93.688,93.7777,93.8743,93.9666,94.0321,94.0957,94.1956,94.3091,94.3887,94.4561,94.5391,94.6146,94.6694,94.7434,94.8574,94.9123,94.9743,95.0517,95.1268,95.1972,95.281,95.3605,95.4245,95.4649,95.5301,95.564,95.6125,95.6583,95.7232,95.7544,95.7916,95.8541,95.9252,95.9925,96.0892,96.1527,96.2003,96.2359,96.2819,96.3471,96.3832,96.4002,96.4522,96.4808,96.4978,96.5435,96.5719,96.5972,96.6152,96.6469,96.6834,96.7196,96.7502,96.7891,96.8239,96.8548,96.8953,96.9387,96.9895,97.0226,97.0368,97.0408,97.0882,97.1141,97.1685,97.2099,97.2601,97.2882,97.3283,97.3625,97.411,97.4476,97.4787,97.4834,97.5079,97.4935,97.5212,97.5294,97.541,97.5573,97.5463,97.5549,97.5805,97.5913,97.6312,97.6204,97.6495,97.6724,97.6911,97.7173,97.7526,97.7701,97.7996,97.7994,97.8296,97.8466,97.8492,97.8735,97.9093,97.9305,97.9432,97.9648,98.02,98.0411,98.0652,98.1083,98.1234,98.1253,98.1275,98.13,98.1225,98.0933,98.0986,98.0733,98.0531,98.0454,98.0417,98.0456,98.0597,98.055,98.0814,98.0844,98.114,98.1527,98.1867,98.1956,98.2175,98.2369,98.2896,98.2959,98.3316,98.3579,98.3726,98.3886,98.4336,98.435,98.4623,98.4731,98.4982,98.496,98.519,98.5193,98.5164,98.5137,98.5382,98.5432,98.5323,98.5327,98.5493,98.5475,98.5443,98.5594,98.5741,98.5871,98.5905,98.6068,98.6085,98.6071,98.6123,98.6321,98.6373,98.6268,98.6443,98.6612,98.6614,98.68,98.676,98.6754,98.6646,98.6496,98.6674,98.6311,98.6273,98.645,98.636,98.6385,98.6277,98.6137,98.6219,98.6044,98.6412,98.6233,98.6262,98.6587,98.6764,98.6821,98.717,98.7358,98.7478,98.7547,98.7756,98.7778,98.7635,98.7429,98.7636,98.7664,98.7666,98.7659,98.7484,98.763,98.7715,98.7663,98.8012,98.7958,98.796,98.7974,98.798,98.8017,98.7967,98.7888,98.7874,98.7688,98.7747,98.7958,98.7943,98.8145,98.8082,98.8092,98.8208,98.8557,98.8526,98.8787,98.8484,98.8503,98.8446,98.8783,98.8942,98.8805,98.8695,98.9044,98.9003,98.9196,98.9491,98.9528,98.9402,98.9381,98.9644,98.9532,98.9605,98.9553,98.9777,98.9782,98.9847,99.0129,99.0042,98.9914,99.031,99.0335,99.024,99.0279,99.0044,99.0048,98.9673,98.982,98.9912,98.9602,98.9721,98.98,98.9679,98.9845,99.0005,99.0367,99.0338,99.0488,99.0447,99.0114,98.997,99.0207,99.009,98.9864,98.9586,98.9466,98.9373,98.9391,98.9396,98.9666,98.9423,98.9367,98.96,98.9734,98.9855,98.9888,98.9881,99.0075,99.0042,99.0025,99.0496,99.0433,99.0448,99.064,99.0707,99.0928,99.106,99.1114,99.129,99.1078,99.1204,99.1304,99.1222,99.0979,99.1102,99.1003,99.1022,99.0753,99.0474,99.0436,99.046,99.0434,99.0684,99.0426,99.0435,99.0566,99.106,99.1301,99.1331,99.1391,99.1681,99.1891,99.214,99.2059,99.2087,99.1917,99.2108,99.2157,99.2171,99.2015,99.2134,99.2233,99.2446,99.2353,99.2668,99.2792,99.3236,99.3777,99.378,99.357,99.3745,99.4158,99.4384,99.4503,99.4677,99.4439,99.4135,99.4587,99.4847,99.4886,99.4767,99.4868,99.4618,99.4887,99.5207,99.5275,99.5638,99.5659,99.57,99.5843,99.6359,99.6777,99.6803,99.6921,99.7087,99.6743,99.6895,99.7325,99.7634,99.734,99.7156,99.7486,99.7544,99.7745,99.8192,99.8326,99.861,99.8834,99.9428,99.9603,99.9264,99.918,99.9223,99.8771,99.9117,99.8548,99.8577,99.8682,99.9305,99.9846,100.013,99.9973,100.037,100.07,100.134,100.133,100.036,100.002,100.015,100.046,100.084,100.082,100.123,100.092,100.124,100.198,100.193,100.198,100.226,100.274,100.347,100.309,100.363,100.326,100.353,100.468,100.446,100.457,100.424,100.389,100.399,100.486,100.419,100.462,100.444,100.475,100.417,100.522,100.531,100.515,100.37,100.482,100.462,100.399,100.413,100.54,100.519,100.54,100.58,100.682,100.63,100.676,100.71,100.716,100.7,100.697,100.832,100.814,100.892,101.06,101.087,101.235,101.24,101.198,101.316,101.299,101.351,101.436,101.263,101.324,101.223,101.313,101.524,101.495,101.515,101.609,101.509,101.803,101.804,101.994,101.937,101.842,101.96,101.893,101.865,101.997,102.16,102.139,102.006,102.267,102.431,102.402,102.497,102.713,102.587,102.376,102.486,102.636,102.647,102.649,102.653,102.922,102.896,103.119,103.31,103.45,103.352,103.318,103.259,103.334,103.322,103.42,103.34,103.29,103.375,103.4,103.697,103.838,103.624,103.637,103.563,103.85,103.92,103.956,104.169,103.872,103.827,104.048,103.961,104.033,104.046,104.19,104.213,104.394,104.477,104.618,104.576,104.703,104.882,105.011,105.232,105.336,105.182,105.424,105.669,106.082,106.344,106.09,105.633,105.397,105.249,105.211,105.122,105.028,105.126,104.729,104.96,105.511,105.616,105.554,105.555,105.454,105.506,105.376,105.611,105.329,105.041,104.545,104.733,105.115,105.429,105.456,105.38,105.633,106.213,106.169,106.342,106.364,106.139,106.102,105.863,105.755,105.586,105.291,105.443,105.816,105.581,105.404,105.412,105.481,105.722,105.397,105.124,104.946,104.643,104.567,104.759,104.891,104.813,104.373,104.471,104.995,105.147,105.031,104.991,105.073,104.665,104.457,104.433,104.314,103.902,103.727,103.24,103.308,102.995,103.155,103.054,102.941,103.086,103.086,103.27,104.309,104.273,104.541,104.274,104.099,104.399,104.176,104.316,104.174,103.781,103.645,103.129,102.852,103.308,103.175,103.411,103.195,103.007,102.64,102.551,102.532,102.82,102.609,102.518,102.448,102.578,102.575,102.871,102.92,102.93,102.677,102.552,102.108,101.766,101.544,101.663,101.214,100.95,100.871,100.95,101.005,101.481,101.678,101.573,101.469,101.979,102.218,102.644,102.486,102.418,102.378,102.285,102.476,102.23,102.005,101.986,101.636,101.695,101.619,101.795,101.979,101.669,101.471,101.556,101.38,101.309,101.076,101.268,100.933,100.5,100.254,100.264,99.9085,99.9793,99.9089,100.05,99.69,99.6312,99.7116,99.7124,100.158,100.128,100.029,100.636,100.801,100.907,100.788,101.371,101.715,101.34,101.704,101.814,101.222,101.332,101.273,101.479,100.863,100.754,100.968,100.704,100.781,100.596,100.215,100.221,100.114,100.102,-84.3299,-327.2,47.6056,250.423,
F_3510A2/272_I_Faint_0.50_VS2,103.411,-2.79956,15.0373,116.011,109.085,34.143,577.875,47.7958,0.171452,2.68725,15.2957,100.546,2961.23, ,-0,89.3939,87.1981,48.9071,77.6858,78.2874,77.8663,78.4458,78.2413,78.398,78.5154,78.7117,78.8792,78.7554,78.8552,78.8164,78.8443,79.4929,78.7418,78.4542,78.3591,78.347,78.458,78.4812,79.1542,78.4617,77.5135,77.351,77.612,77.4234,77.6174,77.4615,76.7327,76.3888,76.6239,76.4683,76.7567,77.05,76.9451,77.1035,77.758,78.1916,78.2668,78.113,78.4737,78.3445,77.7244,78.0511,77.7216,76.8466,76.5266,76.4296,76.5123,76.6853,77.1585,77.2235,77.5693,77.2626,77.4106,77.5906,77.7757,77.8307,77.5655,76.7542,77.2522,77.023,77.1375,76.9739,76.6569,76.2032,75.4765,75.6022,76.2125,75.8985,75.7968,76.1831,76.4409,77.1988,77.2051,77.8623,78.0434,77.7143,77.7574,77.5927,77.5586,77.8094,77.1268,77.7182,77.8635,77.7151,78.1878,77.6945,77.6643,77.5601,77.049,76.6291,75.8766,75.5489,75.9259,75.8656,76.2949,76.2201,75.9471,76.1099,76.876,77.1249,78.1323,77.6429,77.4498,77.3198,77.504,77.1484,77.0541,76.7801,76.9594,76.2657,76.6508,76.8418,76.8089,76.4904,77.0908,77.1333,77.6492,77.6234,77.6414,77.7992,77.9132,77.9505,78.4355,78.4157,78.9773,78.8299,78.9995,78.4834,78.2827,78.0216,78.0266,77.6718,77.7081,76.9311,76.6074,76.742,77.0652,77.0886,76.8064,76.78,76.4998,76.8071,77.0006,77.015,76.4256,76.3792,76.3432,76.5549,76.2348,76.6931,76.5984,76.8105,76.8591,77.2054,76.9588,76.6937,76.7011,77.1556,76.9265,76.8433,76.6024,76.5543,76.4536,76.6292,76.9729,76.8852,76.8073,76.7185,76.5368,76.6875,76.6863,76.6962,76.686,76.6529,76.8031,76.648,76.7875,76.7296,76.7431,76.8429,76.7322,76.6513,76.6183,76.5564,76.6839,76.6742,76.7219,76.6516,76.5586,76.6621,76.5245,76.4017,76.2626,76.001,75.8359,75.6821,75.4602,75.2345,75.0706,74.9564,74.8361,74.7596,74.7215,74.7652,74.7881,74.8609,75.0135,75.1814,75.3574,75.5455,75.7583,75.9377,76.0995,76.2896,76.5,76.682,76.8643,77.056,77.25,77.4251,77.6425,77.8797,78.1404,78.3909,78.6728,78.9733,79.2864,79.608,79.9298,80.2477,80.5423,80.8039,81.0773,81.3734,81.6682,81.9276,82.1852,82.4732,82.7774,83.1696,83.5106,83.8113,84.1084,84.402,84.7589,85.096,85.3807,85.5846,85.7193,85.8348,86.048,86.2231,86.2931,86.3005,86.1684,86.042,85.9607,85.9271,85.8918,85.6288,85.4748,85.3639,85.1242,85.1666,85.1193,84.995,84.8412,84.5389,84.5633,84.3342,84.3338,84.4602,84.0994,83.8922,83.654,83.4668,83.4679,83.4008,83.3277,83.0515,82.6814,82.6186,82.7256,82.853,82.8172,82.7937,82.8618,83.1273,82.9422,83.2139,83.0965,82.9874,83.0889,83.0852,83.2949,83.0606,83.0197,83.2985,83.2269,83.4801,83.6797,83.7357,83.785,83.7389,83.814,83.8002,83.8043,83.8945,83.8369,83.9362,83.9012,83.9768,83.8234,84.0616,84.2731,84.2611,84.3577,84.7276,84.3025,84.1795,84.2722,84.5137,84.2901,84.2864,84.5996,84.5921,84.5313,84.9054,85.133,85.3438,85.4726,85.9938,86.2491,86.4433,86.7433,86.6924,86.6797,86.9315,87.0531,87.1625,87.3199,87.6006,88.0044,88.2222,88.6382,89.1426,89.4443,89.7597,90.0883,90.1179,90.2179,90.2948,90.6375,90.7968,91.1852,91.7158,92.0124,92.496,92.9839,93.3639,93.8102,94.0401,94.5374,94.931,95.1746,95.4905,95.9201,96.6017,96.9773,96.9517,97.4409,97.7499,98.1203,98.4131,98.7705,99.1166,99.2446,99.8014,100.54,100.903,101.273,101.9,102.177,102.691,103.19,103.355,103.662,103.976,104.348,104.85,104.868,105.405,106.002,106.027,106.525,106.575,106.904,107.132,107.097,107.207,107.083,106.824,107.204,107.424,107.775,107.922,107.921,108.178,108.517,108.793,109.052,109.199,109.528,109.573,109.225,109.486,109.736,109.755,109.856,110.077,110.008,109.957,109.997,110.527,110.42,110.405,110.554,110.7,110.493,111.007,110.76,110.788,110.616,110.614,110.597,110.545,110.453,110.641,110.109,110.236,110.169,110.204,110.424,110.378,110.447,110.54,110.68,110.704,110.98,111,110.969,110.965,111.023,110.989,110.842,110.518,110.424,110.055,110.135,110.113,110.091,110.08,109.782,109.741,109.619,109.746,109.628,109.508,109.564,109.294,109.348,109.331,109.386,109.676,109.784,110.007,109.962,109.808,110.05,109.929,109.9,109.812,109.672,109.276,109.395,109.363,109.267,109.216,109.369,109.557,109.618,109.461,109.755,109.21,109.15,109.37,109.144,108.634,108.389,108.427,108.489,108.284,108.446,108.762,108.708,108.343,108.495,108.52,108.128,108.031,108.193,108.339,108.174,108.008,108.28,108.006,108.065,108.253,108.251,107.93,107.768,107.632,107.719,107.838,108.408,108.359,108.226,108.494,108.796,108.687,108.716,108.684,108.595,108.347,108.454,108.263,107.921,107.549,107.762,107.433,107.678,107.624,107.761,107.558,107.901,108.125,108.023,107.964,108.444,108.083,108.116,108.041,107.56,107.472,107.268,107.65,107.861,107.844,107.715,107.815,107.636,108.116,108.328,108.497,108.432,107.76,107.744,107.943,107.925,108.098,108.157,108.335,108.445,108.43,108.591,108.361,108.568,108.9,108.969,109.26,109.557,109.179,109.382,109.712,109.78,109.908,109.848,110.035,110.103,109.578,110.226,109.972,110.115,109.838,109.745,110.189,109.908,109.755,109.623,109.173,109.355,109.381,109.433,109.221,108.3,107.869,108.341,108.921,108.603,108.85,109.107,109.714,109.287,110.318,110.595,110.227,110.428,111.247,111.877,111.98,111.951,113.117,112.265,113.098,113.456,112.851,113.413,112.666,112.369,112.345,112.183,113.53,114.127,113.943,114.825,114.859,114.828,115.331,116.134,116.478,114.963,114.088,114.235,114.454,114.411,115.331,116.327,116.759,116.934,118.22,119.027,120.238,119.897,119.802,120.706,119.375,120.235,121.184,121.8,122.308,121.447,123.12,123.379,123.189,124.224,123.939,123.506,123.568,122.662,124.556,124.453,125.283,126.061,126.973,128.121,128.088,127.391,129.187,128.677,129.187,131.912,131.656,130.768,130.701,131.835,134.389,134.481,136.203,136.103,134.176,135.477,137.129,138.433,139.622,139.432,142.562,144.391,145.595,147.98,150.713,153.341,153.765,155.616,158.519,156.874,155.358,154.995,155.342,154.153,154.119,154.283,156.081,156.124,157.248,158.723,162.754,162.326,163.898,165.631,167.024,167.975,168.265,172.21,174.425,174.637,177.782,177.113,176.047,178.678,179.973,180.707,178.701,186.651,193.14,197.44,205.536,211.982,212.975,214.324,226.893,239.438,231.862,232.594,239.214,241.183,238.334,246.991,254.869,251.42,246.223,257.354,257.354,257.135,254.548,273.761,272.11,278.044,289.17,295.468,296.969,310.016,311.037,323.843,314.848,325.179,325.693,329.839,343.735,361.199,372.161,397.221,407.481,427.567,439.909,451.451,460.156,453.384,448.005,434.575,424.789,433.519,423.891,422.604,441.76,435.441,439.38,445.492,460.932,475.819,499.758,525.738,532.692,531.399,539.917,571.192,580.757,591.505,580.896,543.593,550.527,570.706,569.007,596.178,620.613,632.685,667.35,687.634,727.734,731.503,730.379,719.227,724.198,677.468,642.766,627.791,625.089,618.081,632.993,611.419,625.089,592.358,611.627,642.134,644.554,652.643,684.483,687.409,737.884,723.576,774.339,776.631,770.491,794.35,817.778,770.69,765.055,744.768,746.358,744.309,773.025,786.231,726.053,730.542,695.041,680.651,685.638,686.554,680.996,655.535,648.38,658.167,654.821,685.82,683.347,655.083,627.53,615.27,622.994,609.093,588.287,573.294,565.075,553.242,558.273,577.573,576.412,550.834,551.528,570.295,560.004,561.848,562.513,562.862,556.002,555.696,564.356,545.897,542.078,539.728,552.208,532.115,527.679,508.97,494.377,482.291,492.417,487.091,470.037,453.168,442.777,442.533,444.337,441.583,425.146,414.045,393.275,384.971,371.735,377.099,351.244,343.269,330.04,322.765,311.909,313.423,309.478,298.85,288.873,289.649,285.686,285.739,281.115,274.057,268.054,265.902,265.729,262.127,257.274,251.023,242.27,240.95,239.923,233.395,226.823,221.731,216.676,215.457,209.794,208.773,206.614,202.554,200.259,198.517,196.225,197.036,195.371,194.607,194.464,191.937,190.626,188.84,187.399,185.921,181.11,178.664,177.545,173.445,171.508,170.813,167.955,164.528,163.154,163.926,160.522,158.326,158.818,158.273,155.91,153.854,155.387,152.664,150.354,150.255,150.104,148.662,144.221,142.469,142.972,140.08,139.779,137.387,135.229,134.331,130.893,131.485,131.194,129.872,128.983,127.889,128.145,128.384,127.025,126.387,124.876,124.366,123.561,123.441,123.623,123.242,122.798,121.559,121.353,123.852,124.306,126.026,125.166,125.477,125.841,125.093,125.454,129.14,125.449,124.168,121.916,123.906,122.59,121.798,121.603,120.703,116.726,116.71,115.613,115.36,114.124,113.133,110.711,108.907,108.233,107.799,108.719,109.951,110.451,108.964,108.696,109.555,109.079,109.728,109.281,107.681,106.188,104.062,103.698,103.096,102.373,-546.97,104.023,446.296,1983.33,
W_Calibration,100,0,0,95.0422,100,108.876,565.016,99.9909,1.74827e-05,0.00127928,0,0,6504.1, ,0,100,100,100,100,100,100,100,100,100,100,100,100,100,100,100,100,100,100,100,100,100,100,100,100,100,100,100,100,100,100,100,100,100,100,100,100,100,100,100,100,100,100,100,100,100,100,100,100,100,100,100,100,100,100,100,100,100,100,100,100,100,100,100,100,100,100,100,100,100,100,100,100,100,100,100,100,100,100,100,100,100,100,100,100,100,100,100,100,100,100,100,100,100,100,100,100,100,100,100,100,100,100,100,100,100,100,100,100,100,100,100,100,100,100,100,100,100,100,100,100,100,100,100,100,100,100,100,100,100,100,100,100,100,100,100,100,100,100,100,100,100,100,100,100,100,100,100,100,100,100,100,100,100,100,100,100,100,100,100,100,100,100,100,100,100,100,100,100,100,100,100,100,100,100,100,100,100,100,100,100,100,100,100,100,100,100,100,100,100,100,100,100,100,100,100,100,100,100,100,100,100,100,100,100,100,100,100,100,100,100,100,100,100,100,100,100,100,100,100,100,100,100,100,100,100,100,100,100,100,100,100,100,100,100,100,100,100,100,100,100,100,100,100,100,100,100,100,100,100,100,100,100,100,100,100,100,100,100,100,100,100,100,100,100,100,100,100,100,100,100,100,100,100,100,100,100,100,100,100,100,100,100,100,100,100,100,100,100,100,100,100,100,100,100,100,100,100,100,100,100,100,100,100,100,100,100,100,100,100,100,100,100,100,100,100,100,100,100,100,100,100,100,100,100,100,100,100,100,100,100,100,100,100,100,100,100,100,100,100,100,100,100,100,100,100,100,100,100,100,100,100,100,100,100,100,100,100,100,100,100,100,100,100,100,100,100,100,100,100,100,100,100,100,100,100,100,100,100,100,100,100,100,100,100,100,100,100,100,100,100,100,100,100,100,100,100,100,100,100,100,100,100,100,100,100,100,100,100,100,100,100,100,100,100,100,100,100,100,100,100,100,100,100,100,100,100,100,100,100,100,100,100,100,100,100,100,100,100,100,100,100,100,100,100,100,100,100,100,100,100,100,100,100,100,100,100,100,100,100,100,100,100,100,100,100,100,100,100,100,100,100,100,100,100,100,100,100,100,100,100,100,100,100,100,100,100,100,100,100,100,100,100,100,100,100,100,100,100,100,100,100,100,100,100,100,100,100,100,100,100,100,100,100,100,100,100,100,100,100,100,100,100,100,100,100,100,100,100,100,100,100,100,100,100,100,100,100,100,100,100,100,100,100,100,100,100,100,100,100,100,100,100,100,100,100,100,100,100,100,100,100,100,100,100,100,100,100,100,100,100,100,100,100,100,100,100,100,100,100,100,100,100,100,100,100,100,100,100,100,100,100,100,100,100,100,100,100,100,100,100,100,100,100,100,100,100,100,100,100,100,100,100,100,100,100,100,100,100,100,100,100,100,100,100,100,100,100,100,100,100,100,100,100,100,100,100,100,100,100,100,100,100,100,100,100,100,100,100,100,100,100,100,100,100,100,100,100,100,100,100,100,100,100,100,100,100,100,100,100,100,100,100,100,100,100,100,100,100,100,100,100,100,100,100,100,100,100,100,100,100,100,100,100,100,100,100,100,100,100,100,100,100,100,100,100,100,100,100,100,100,100,100,100,100,100,100,100,100,100,100,100,100,100,100,100,100,100,100,100,100,100,100,100,100,100,100,100,100,100,100,100,100,100,100,100,100,100,100,100,100,100,100,100,100,100,100,100,100,100,100,100,100,100,100,100,100,100,100,100,100,100,100,100,100,100,100,100,100,100,100,100,100,100,100,100,100,100,100,100,100,100,100,100,100,100,100,100,100,100,100,100,100,100,100,100,100,100,100,100,100,100,100,100,100,100,100,100,100,100,100,100,100,100,100,100,100,100,100,100,100,100,100,100,100,100,100,100,100,100,100,100,100,100,100,100,100,100,100,100,100,100,100,100,100,100,100,100,100,100,100,100,100,100,100,100,100,100,100,100,100,100,100,100,100,100,100,100,100,100,100,100,100,100,100,100,100,100,100,100,100,100,100,100,100,100,100,100,100,100,100,100,100,100,100,100,100,100,100,100,100,100,100,100,100,100,100,100,100,100,100,100,100,100,100,100,100,100,100,100,100,100,100,100,100,100,100,100,100,100,100,100,100,100,100,100,100,100,100,100,100,100,100,100,100,100,100,100,100,100,100,100,100,100,100,100,100,100,100,100,100,100,100,100,100,100,100,100,100,100,100,100,100,100,100,100,100,100,100,100,100,100,100,100,100,100,100,100,100,100,100,100,100,100,100,100,100,100,100,100,100,100,100,100,100,100,100,100,100,100,100,100,100,100,100,100,100,100,100,100,100,100,100,100,100,100,100,100,100,100,100,100,100,100,
F_Calibration,100,0,0,108.104,100,39.2965,491.07,99.9909,0.000170256,0.00127928,0,0,3000.62, ,100,100,100,100,100,100,100,100,100,100,100,100,100,100,100,100,100,100,100,100,100,100,100,100,100,100,100,100,100,100,100,100,100,100,100,100,100,100,100,100,100,100,100,100,100,100,100,100,100,100,100,100,100,100,100,100,100,100,100,100,100,100,100,100,100,100,100,100,100,100,100,100,100,100,100,100,100,100,100,100,100,100,100,100,100,100,100,100,100,100,100,100,100,100,100,100,100,100,100,100,100,100,100,100,100,100,100,100,100,100,100,100,100,100,100,100,100,100,100,100,100,100,100,100,100,100,100,100,100,100,100,100,100,100,100,100,100,100,100,100,100,100,100,100,100,100,100,100,100,100,100,100,100,100,100,100,100,100,100,100,100,100,100,100,100,100,100,100,100,100,100,100,100,100,100,100,100,100,100,100,100,100,100,100,100,100,100,100,100,100,100,100,100,100,100,100,100,100,100,100,100,100,100,100,100,100,100,100,100,100,100,100,100,100,100,100,100,100,100,100,100,100,100,100,100,100,100,100,100,100,100,100,100,100,100,100,100,100,100,100,100,100,100,100,100,100,100,100,100,100,100,100,100,100,100,100,100,100,100,100,100,100,100,100,100,100,100,100,100,100,100,100,100,100,100,100,100,100,100,100,100,100,100,100,100,100,100,100,100,100,100,100,100,100,100,100,100,100,100,100,100,100,100,100,100,100,100,100,100,100,100,100,100,100,100,100,100,100,100,100,100,100,100,100,100,100,100,100,100,100,100,100,100,100,100,100,100,100,100,100,100,100,100,100,100,100,100,100,100,100,100,100,100,100,100,100,100,100,100,100,100,100,100,100,100,100,100,100,100,100,100,100,100,100,100,100,100,100,100,100,100,100,100,100,100,100,100,100,100,100,100,100,100,100,100,100,100,100,100,100,100,100,100,100,100,100,100,100,100,100,100,100,100,100,100,100,100,100,100,100,100,100,100,100,100,100,100,100,100,100,100,100,100,100,100,100,100,100,100,100,100,100,100,100,100,100,100,100,100,100,100,100,100,100,100,100,100,100,100,100,100,100,100,100,100,100,100,100,100,100,100,100,100,100,100,100,100,100,100,100,100,100,100,100,100,100,100,100,100,100,100,100,100,100,100,100,100,100,100,100,100,100,100,100,100,100,100,100,100,100,100,100,100,100,100,100,100,100,100,100,100,100,100,100,100,100,100,100,100,100,100,100,100,100,100,100,100,100,100,100,100,100,100,100,100,100,100,100,100,100,100,100,100,100,100,100,100,100,100,100,100,100,100,100,100,100,100,100,100,100,100,100,100,100,100,100,100,100,100,100,100,100,100,100,100,100,100,100,100,100,100,100,100,100,100,100,100,100,100,100,100,100,100,100,100,100,100,100,100,100,100,100,100,100,100,100,100,100,100,100,100,100,100,100,100,100,100,100,100,100,100,100,100,100,100,100,100,100,100,100,100,100,100,100,100,100,100,100,100,100,100,100,100,100,100,100,100,100,100,100,100,100,100,100,100,100,100,100,100,100,100,100,100,100,100,100,100,100,100,100,100,100,100,100,100,100,100,100,100,100,100,100,100,100,100,100,100,100,100,100,100,100,100,100,100,100,100,100,100,100,100,100,100,100,100,100,100,100,100,100,100,100,100,100,100,100,100,100,100,100,100,100,100,100,100,100,100,100,100,100,100,100,100,100,100,100,100,100,100,100,100,100,100,100,100,100,100,100,100,100,100,100,100,100,100,100,100,100,100,100,100,100,100,100,100,100,100,100,100,100,100,100,100,100,100,100,100,100,100,100,100,100,100,100,100,100,100,100,100,100,100,100,100,100,100,100,100,100,100,100,100,100,100,100,100,100,100,100,100,100,100,100,100,100,100,100,100,100,100,100,100,100,100,100,100,100,100,100,100,100,100,100,100,100,100,100,100,100,100,100,100,100,100,100,100,100,100,100,100,100,100,100,100,100,100,100,100,100,100,100,100,100,100,100,100,100,100,100,100,100,100,100,100,100,100,100,100,100,100,100,100,100,100,100,100,100,100,100,100,100,100,100,100,100,100,100,100,100,100,100,100,100,100,100,100,100,100,100,100,100,100,100,100,100,100,100,100,100,100,100,100,100,100,100,100,100,100,100,100,100,100,100,100,100,100,100,100,100,100,100,100,100,100,100,100,100,100,100,100,100,100,100,100,100,100,100,100,100,100,100,100,100,100,100,100,100,100,100,100,100,100,100,100,100,100,100,100,100,100,100,100,100,100,100,100,100,100,100,100,100,100,100,100,100,100,100,100,100,100,100,100,100,100,100,100,100,100,100,100,100,100,100,100,100,100,100,100,100,100,100,100,100,100,100,100,100,100,100,100,100,100,100,100,100,
W_3507A2/284_E_None_0.507_SI1,99.9399,-0.451168,0.868693,94.6377,99.8446,107.295,567.842,96.042,0.00757238,0.305857,0.978867,117.446,6443.76, ,0,48.3425,45.082,103.933,97.4954,97.6728,98.0371,98.0575,98.1475,97.8003,98.4075,97.8157,98.0686,97.5514,97.8099,97.3452,97.3531,97.4601,98.1224,98.0068,97.8017,97.4013,97.4881,97.5212,97.5512,97.3781,97.5138,96.5387,96.6998,97.0975,97.8896,98.0581,98.2701,98.9441,99.1503,98.9722,99.0892,98.2795,98.4397,98.4006,98.5383,98.0212,97.6181,97.3082,97.0816,97.5083,98.1253,98.184,97.7595,97.3263,97.3302,97.0714,97.2328,97.3081,97.1851,97.11,97.2636,97.4325,97.962,97.8139,97.8291,98.1961,98.2797,98.1527,98.4555,97.9421,97.747,97.5126,97.1767,97.2827,97.1828,97.2101,97.223,96.9745,97.3355,97.3657,97.7758,98.4868,98.8172,98.5772,98.1785,98.3642,98.1461,98.2287,97.9465,97.5694,97.1601,97.5111,97.7684,98.3317,98.4559,98.7599,98.6801,99.1857,99.3053,99.3099,98.0071,97.4705,96.7991,96.4661,96.2807,96.2728,96.3213,96.118,96.0579,96.7898,96.9833,97.0542,97.0533,96.8015,96.6433,96.5298,96.3708,96.5673,96.3953,96.3991,96.6901,96.9652,97.4474,97.1374,97.1058,97.1835,97.0173,97.057,97.4191,97.6038,97.3942,97.0742,97.1677,97.1732,97.2926,97.0453,97.0181,96.9512,96.9099,96.6888,97.027,97.4033,97.3121,97.0109,97.3593,97.8287,97.7001,97.8572,98.5237,98.1968,97.9537,98.0174,98.5096,98.3611,98.0417,98.2056,98.0109,97.9573,98.15,98.1681,98.0689,97.8431,98.0424,97.6606,97.2656,97.2961,96.7717,96.293,96.4494,96.6827,96.6222,96.5652,97.1234,97.4716,97.3685,97.5673,98.268,98.3097,98.2873,98.6507,98.8595,98.3154,97.894,97.5332,97.4084,96.8156,96.5713,96.6421,96.3341,95.8955,96.1975,96.1028,96.1994,96.354,96.7518,96.9345,96.6341,96.7379,96.6914,96.1427,96.1676,96.2507,95.9827,95.9928,95.5906,95.0194,94.6461,94.6378,94.6405,94.4699,94.1547,94.2976,94.2995,94.6827,94.8056,94.8345,94.7976,94.6971,94.7837,94.8216,94.8615,94.8402,94.4041,94.688,94.4828,94.1454,94.4248,94.3951,94.3491,94.0843,93.6971,93.5122,93.3266,93.1347,93.0802,93.1341,92.8587,92.4606,92.1371,91.9104,91.7138,91.3749,91.1565,90.8525,90.1918,89.7664,89.3568,88.9812,88.592,88.2286,87.8281,87.4459,87.0926,86.6577,86.3402,86.2105,86.0762,86.0207,86.0356,86.1035,86.1708,86.1392,86.1557,86.0505,85.8732,85.8247,85.86,86.0272,86.3672,86.7955,87.3301,87.8305,88.3411,88.9253,89.4944,90.1019,90.6746,91.0733,91.2824,91.1682,90.8576,90.7767,90.9371,91.2551,91.5752,91.9218,92.4332,93.0877,94.0338,95.2368,96.0857,96.5902,96.9038,97.1475,97.3285,97.472,97.6597,97.7904,97.8375,97.9425,98.0052,98.1168,98.181,98.2446,98.336,98.3643,98.4172,98.4571,98.4711,98.5168,98.5434,98.5877,98.6305,98.6141,98.627,98.653,98.666,98.7133,98.7077,98.7054,98.7081,98.7257,98.7446,98.7423,98.7208,98.7182,98.7043,98.7234,98.7146,98.7135,98.712,98.7203,98.7186,98.7594,98.7989,98.8167,98.8328,98.8573,98.8697,98.8949,98.9031,98.9523,98.9545,98.9706,98.9793,98.9661,98.9771,98.9992,98.9954,99.0272,99.0385,99.0478,99.0696,99.0948,99.1359,99.1559,99.1801,99.2015,99.1966,99.1741,99.1273,99.0645,99.0355,98.9931,98.9872,98.9821,99.0011,99.0222,99.085,99.1923,99.2958,99.39,99.4933,99.5621,99.6331,99.6823,99.734,99.7806,99.8071,99.813,99.8222,99.8531,99.8724,99.8675,99.8809,99.8789,99.8866,99.8906,99.9129,99.9008,99.8929,99.9065,99.9027,99.9068,99.93,99.9072,99.9147,99.9186,99.9202,99.8984,99.8902,99.9342,99.9198,99.9099,99.9119,99.8963,99.8808,99.89,99.9074,99.9241,99.8949,99.8956,99.9189,99.9349,99.9444,99.9764,99.9834,99.9812,99.9578,99.9476,99.9513,99.919,99.911,99.9145,99.9056,99.913,99.8973,99.9107,99.9182,99.928,99.9538,99.9452,99.944,99.9403,99.9208,99.923,99.9117,99.896,99.8867,99.8829,99.8967,99.8912,99.8982,99.8986,99.8899,99.8855,99.8951,99.9088,99.9121,99.9021,99.9144,99.8973,99.8995,99.9212,99.9272,99.9122,99.9221,99.9184,99.9161,99.9063,99.9158,99.9167,99.9094,99.899,99.9184,99.8898,99.8934,99.8945,99.8857,99.8805,99.888,99.8897,99.8848,99.8772,99.8682,99.8583,99.8582,99.8565,99.8681,99.8592,99.8567,99.8792,99.8896,99.8923,99.8876,99.8693,99.8496,99.8315,99.842,99.8443,99.8392,99.8377,99.8233,99.8206,99.8384,99.8491,99.8275,99.8298,99.8286,99.8167,99.8072,99.8434,99.8173,99.8268,99.8484,99.8381,99.8297,99.8165,99.7984,99.7875,99.7644,99.7683,99.754,99.7379,99.7798,99.7676,99.7711,99.7751,99.7933,99.7816,99.8076,99.835,99.8422,99.8339,99.8464,99.8336,99.8476,99.825,99.8436,99.8358,99.8238,99.842,99.8239,99.8403,99.8702,99.8642,99.9018,99.9031,99.9088,99.8843,99.861,99.8779,99.8525,99.832,99.8321,99.8259,99.8168,99.8184,99.8491,99.8501,99.8685,99.8763,99.9152,99.9225,99.9325,99.9513,99.957,99.9399,99.9607,99.9443,99.938,99.9154,99.9091,99.8999,99.8861,99.8714,99.9015,99.903,99.8966,99.915,99.9204,99.9406,99.9403,99.9645,99.964,99.9403,99.9397,99.9391,99.9265,99.9205,99.9342,99.9116,99.895,99.896,99.8776,99.8704,99.8732,99.8702,99.8559,99.8237,99.8369,99.8293,99.8495,99.8812,99.8651,99.8808,99.8854,99.888,99.8986,99.9136,99.9265,99.9259,99.8978,99.9076,99.9096,99.912,99.9225,99.8981,99.9044,99.9149,99.9116,99.9322,99.9357,99.9135,99.9241,99.9437,99.9666,99.9409,99.9449,99.9683,99.9552,99.9691,99.9969,99.9946,99.9791,100,100.02,99.9816,99.9538,99.9645,99.9625,99.9253,99.9041,99.9046,99.9126,99.9127,99.9423,99.9411,99.9454,99.934,99.9586,99.9762,99.9731,99.9556,99.9686,99.9845,99.9816,99.9886,100.025,100.037,100.047,100.047,100.046,100.04,100.025,100.055,100.038,100.032,100.045,100.065,100.091,100.09,100.101,100.113,100.092,100.147,100.135,100.124,100.124,100.145,100.161,100.177,100.188,100.2,100.182,100.185,100.183,100.196,100.19,100.179,100.147,100.188,100.171,100.166,100.197,100.202,100.195,100.217,100.225,100.228,100.155,100.186,100.229,100.208,100.223,100.225,100.224,100.209,100.204,100.199,100.145,100.147,100.163,100.157,100.182,100.145,100.229,100.187,100.246,100.329,100.311,100.25,100.271,100.269,100.312,100.27,100.39,100.347,100.336,100.334,100.424,100.432,100.415,100.394,100.399,100.452,100.505,100.527,100.533,100.496,100.52,100.582,100.627,100.623,100.495,100.489,100.51,100.495,100.536,100.505,100.468,100.448,100.463,100.428,100.429,100.341,100.315,100.286,100.331,100.319,100.376,100.419,100.536,100.537,100.529,100.588,100.568,100.632,100.689,100.622,100.641,100.692,100.726,100.808,100.85,100.888,100.751,100.677,100.691,100.732,100.598,100.603,100.715,100.82,100.918,100.866,100.865,100.932,100.899,100.927,100.99,100.903,100.748,100.616,100.823,100.857,100.758,100.719,100.762,100.802,100.805,100.797,100.838,100.791,100.779,100.881,100.937,100.88,100.688,100.742,100.619,100.54,100.538,100.694,100.689,100.751,100.847,100.912,100.981,101.119,101.311,101.378,101.163,101.084,100.934,100.985,100.934,100.717,100.667,100.58,100.349,100.401,100.672,100.619,100.514,100.5,100.643,101.021,101.121,101.211,101.223,100.935,101.071,100.991,101.182,101.169,101.009,101.048,101.364,101.444,101.608,101.235,101.436,101.326,101.201,100.875,100.869,101.056,101.04,101.032,101.439,101.122,101.044,100.933,101.034,100.862,100.398,100.418,100.455,100.287,100.437,100.565,100.967,100.989,101.038,101.129,101.06,100.808,100.511,100.374,100.555,100.332,100.606,100.181,100.221,99.9455,100.007,100.846,101.066,100.72,100.662,100.554,100.802,100.412,100.561,100.447,100.113,99.9206,99.973,99.9727,100.081,100.568,100.694,100.682,100.717,100.543,100.491,100.514,100.39,99.9407,99.5952,99.4924,99.8087,99.4953,99.3005,99.5718,99.4368,99.8443,99.7607,99.7797,99.9889,99.5147,99.6707,100.16,99.9887,100.194,99.4478,99.5314,99.5956,99.4623,99.383,99.8112,99.4227,99.5653,99.1516,99.6846,99.9656,99.6713,99.6816,99.9654,99.5564,99.3172,99.304,99.8505,99.6902,99.1285,99.3328,99.4814,99.6288,99.4304,99.6031,99.3244,99.2877,99.6481,100.399,100.588,100.611,100.21,100.538,100.726,100.854,100.676,100.279,100.151,99.9184,99.8372,100.046,100.057,100.046,99.8029,99.4237,99.4485,99.4943,99.6084,99.7583,99.9308,99.7821,99.7823,100.343,100.766,100.994,100.74,100.442,100.601,100.556,100.714,100.689,100.157,100.202,100.304,100.36,100.64,100.178,99.7876,99.7441,99.5457,100.033,100.099,99.4858,99.9995,99.8469,100.152,100.574,100.572,101.132,100.805,100.963,101.368,100.839,101.004,100.871,100.574,100.218,99.6078,99.9686,99.9482,99.775,99.6849,99.5352,99.2952,99.3884,99.6696,100.429,100.169,99.96,100.493,100.897,101.429,101.711,101.617,101.652,101.081,101.164,101.309,100.927,100.791,100.173,100.23,100.249,100.288,100.508,100.114,100.057,100.622,100.515,100.827,100.683,100.501,100.5,100.603,100.998,100.994,100.295,100.185,207.627,91.1371,-53.2787,31.768,
F_3507A2/284_E_None_0.507_SI1,99.8262,1.01714,-0.00440928,108.278,99.5511,39.1227,508.962,99.5103,0.00635669,-2.33083,1.01715,-0.248374,2966.67, ,100,-205.217,1.70213,14.8503,86.0123,85.3869,85.0392,85.3278,85.0534,84.5104,84.833,84.8762,84.4481,84.3133,84.4427,84.5311,84.4679,84.9938,84.6861,84.8953,84.8664,85.0345,85.6483,85.4074,86.0889,85.5375,85.427,85.7256,86.2896,86.4275,87.0897,85.6638,85.2323,84.7233,85.7905,86.5851,86.0149,85.1683,85.2876,84.7794,85.2318,85.8203,85.6259,85.3631,84.3438,85.0485,85.7688,85.6631,85.3766,85.5724,86.2435,85.9832,85.1927,85.2556,84.9902,84.3463,85.0432,85.002,85.2175,84.7252,85.5122,85.7449,86.1285,86.1026,85.9855,84.8741,85.617,84.9363,84.5214,85.0578,85.4071,84.7244,85.0203,85.1734,85.3124,84.9512,86.0233,85.9303,86.1021,86.0169,86.3339,85.9387,85.99,86.0289,86.1965,85.7117,86.0476,84.8225,84.9086,84.4526,85.1173,85.3668,85.889,85.6386,85.0864,85.4654,85.827,85.9467,85.8393,85.5534,85.4317,84.9176,84.8003,85.459,85.1286,85.4138,85.1919,85.9141,85.4707,85.7424,85.9792,86.3016,86.0212,86.1642,85.6069,85.4171,85.1242,85.0794,84.7772,84.8071,84.9679,85.0736,85.6706,85.8919,86.1368,86.9456,87.1155,86.9095,86.674,86.864,86.6721,85.8528,86.0592,85.8143,85.1842,85.0424,84.9876,85.0809,84.6168,84.7384,85.0971,85.2882,85.2104,85.3646,85.5276,85.8715,85.7849,85.511,85.1133,85.0847,84.9297,85.2814,85.0117,85.1598,84.9322,84.7095,84.7815,85.0855,84.8682,85.004,84.8583,85.2485,85.0224,85.1176,85.3277,85.5413,85.6755,85.8957,85.8481,85.8054,85.6335,85.6062,85.4983,85.4193,85.5593,85.4613,85.4288,85.398,85.4606,85.6001,85.8633,85.9828,86.209,86.2989,86.177,86.1935,86.2568,86.3043,86.2315,86.0763,86.055,86.0749,86.0823,86.2911,86.3218,86.3517,86.4248,86.5173,86.5938,86.681,86.7965,87.0567,87.2315,87.542,87.6919,87.7798,87.8808,87.8708,87.8542,87.8299,87.6604,87.5092,87.3742,87.2664,87.18,87.0816,86.9973,86.8874,86.7426,86.6159,86.4865,86.3342,86.1519,85.9464,85.7212,85.4677,85.2421,85.0321,84.8384,84.6533,84.4504,84.3048,84.1456,84.0141,83.9095,83.7657,83.632,83.4877,83.3326,83.2591,83.1849,83.1774,83.1841,83.2736,83.372,83.4711,83.5361,83.6286,83.6647,83.6287,83.5781,83.5853,83.5386,83.6057,83.7281,84.0228,84.2204,84.6166,84.8211,85.1836,85.4093,85.6117,85.6571,85.8354,85.8943,86.067,86.2805,86.5585,86.898,87.2931,87.778,88.2835,88.6661,88.9694,89.1951,89.1024,89.2377,89.4973,89.8643,89.9432,90.3094,90.7607,91.1114,91.5526,92.4567,93.0063,93.649,94.1227,94.5734,95.1257,95.6752,96.4099,97.0763,97.4076,98.166,98.6745,99.0545,99.6369,99.582,99.9631,99.7696,99.6803,99.8047,99.7358,99.8051,100.073,99.9223,100.258,99.9774,100.256,100.261,100.301,100.561,100.231,100.018,100.149,99.8736,100.304,100.309,100.553,100.66,100.805,101.06,101.078,101.182,101.542,101.424,101.378,101.133,101.106,100.947,100.62,100.626,100.463,100.128,99.9548,99.9302,100.294,100.269,100.237,100.624,100.776,100.688,100.785,101.113,101.165,100.591,100.571,100.305,100.202,100.034,100.118,99.8481,99.5307,99.49,99.627,99.3584,99.5146,99.1699,98.9379,98.8846,99.1354,99.0001,98.6383,98.5507,98.6014,98.4165,98.4857,98.4748,98.5545,98.2935,98.1462,98.3708,98.3245,98.4246,98.3497,98.2105,98.2521,97.8361,97.9333,97.8437,97.7799,97.9936,98.1118,98.0542,97.9991,98.0727,98.4693,98.5217,98.5355,98.6483,98.0966,98.0365,98.2251,98.2318,98.0721,97.9893,97.937,98.1857,98.2063,98.5448,98.4311,98.5029,98.4849,98.5383,98.4549,98.2963,98.2912,97.9839,97.8837,97.8769,97.9163,98.0968,98.3167,98.2649,98.3315,98.0825,98.1043,98.1972,98.281,98.1957,98.3725,98.0753,98.3726,98.307,98.5723,98.6742,98.8312,98.8322,98.8076,98.5126,98.7692,98.6711,98.3448,98.4868,98.5178,98.4484,98.2872,98.3899,98.5466,98.4568,98.5731,99.0777,99.0074,99.1652,99.0765,99.3208,99.0959,99.003,98.9941,98.8177,98.8486,98.8213,98.7174,98.5988,98.5551,98.7128,98.7167,98.7539,98.8,98.7203,98.7576,98.8158,99.184,99.2571,99.265,99.3442,99.2421,99.2175,99.1913,98.9837,99.1147,99.0767,98.5954,98.7013,98.7629,98.6614,98.7341,98.6593,98.744,98.5178,98.5962,99.0526,98.785,98.735,99.2906,99.0374,99.4708,99.5965,99.736,99.5025,99.5488,99.813,99.8566,99.6614,99.7438,99.6104,99.4546,99.3311,99.507,99.5914,99.4311,99.3379,99.176,99.3426,99.1849,99.314,99.5925,99.4474,99.4933,99.7288,99.7926,100.057,100.475,100.646,100.773,100.758,101.194,100.969,101.003,101.296,101.114,101.075,101.219,101.342,101.502,101.518,101.649,101.551,101.322,101.426,101.115,100.862,100.854,100.508,100.429,100.282,100.218,100.433,100.301,100.036,100.248,100.027,100.296,100.122,100.112,100.295,100.332,100.48,100.922,100.864,100.921,100.503,100.404,100.622,100.739,100.711,101.045,100.869,100.929,101.044,101.565,101.96,102.649,102.636,102.668,102.342,102.91,103.159,103.062,103.236,102.705,102.14,102.138,102.195,102.838,102.442,102.263,102.696,102.562,103.017,103.205,103.694,103.717,103.617,103.921,103.738,103.967,104.228,104.095,103.86,103.631,103.567,103.065,103.129,103.275,103.03,103.072,103.193,103.684,103.928,103.977,104.329,103.833,104.112,103.94,103.504,103.857,103.526,102.814,103.12,102.927,102.915,103.266,104.125,104.761,104.557,104.469,104.969,105.188,105.715,106.465,106.09,104.908,105.138,105.296,105.415,105.645,105.734,104.492,104.312,103.852,104.176,103.516,103.421,103.791,103.53,103.105,103.798,104.026,104.732,104.971,105.069,105.557,106.004,106.387,106.598,107.133,106.737,106.706,106.438,106.276,104.665,103.834,103.405,103.317,102.387,103.248,103.595,103.04,103.226,105.115,105.412,106.261,106.09,107.027,105.585,105.27,107.171,106.59,105.551,106.95,106.934,106.948,107.249,107.964,107.891,107.911,109.147,110.344,109.3,108.931,109.832,109.86,109.381,109.697,107.792,108.747,108.049,108.652,108.104,107.687,107.731,108.055,108.945,109.236,107.693,106.796,104.267,104.879,104.743,105.168,104.681,103.589,104.095,103.549,105.961,108.174,107.481,108.312,109.089,109.721,109.664,108.641,110.046,109.833,109.666,110.152,111.104,110.038,110.438,112.884,114.249,113.697,113.822,114.895,116.914,116.147,114.641,117.142,114.808,115.967,117.581,116.984,117.969,114.825,114.4,114.036,110.411,112.411,110.818,110.869,110.283,106.813,108.325,108.987,110.492,112.519,112.274,112.144,109.901,110.825,112.906,113.541,112.547,115.995,115.575,112.251,115.411,117.401,117.372,116.341,116.293,117.204,113.061,113.513,119.032,119.687,116.151,114.394,113.855,116.045,115.415,116.371,112.924,107.368,106.069,111.906,111.805,117,114.027,110.863,107.651,109.853,112.647,112.253,111.694,114.517,111.018,113.9,117.345,124.062,122.215,120.688,126.56,123.309,130.946,128.284,123.508,126.005,128.339,134.287,132.873,136.036,140.618,126.415,127.44,131.108,130.211,126.195,123.629,125.907,115.604,117.612,123.346,129.125,128.471,126.716,121.06,120.244,118.804,117.663,107.697,107.262,105.904,107.859,110.76,116.207,118.748,118.424,115.902,121.06,119.889,118.775,124.233,127.338,131.425,128.27,129.051,130.913,131.671,133.244,125.764,119.317,110.476,108.905,107.138,106.33,110.285,105.763,102.922,108.718,102.663,108.971,106.084,108.479,109.653,110.123,111.984,116.628,115.808,119.602,121.288,121.889,118.219,116.982,111.89,113.262,107.928,105.049,105.32,104.392,105.771,108.569,112,116.087,114.796,118.947,121.852,121.416,114.511,110.612,105.45,102.965,99.5607,102.163,101.54,97.1538,96.8194,97.4196,100.209,103.018,100.812,103.458,98.6997,101.079,102.234,103.388,100.189,100.186,99.9146,100.173,97.8957,99.6733,94.0499,92.4053,90.3725,93.658,92.8121,91.4134,91.9591,90.6858,90.7319,91.9855,93.2182,91.6775,89.2905,89.4924,91.4794,91.815,90.5175,90.4492,90.3466,92.181,93.055,94.3841,93.7256,92.0366,90.7233,91.9891,92.3562,92.496,90.2645,90.0728,90.5174,89.9406,90.2198,89.6184,90.4549,90.7971,89.8338,89.74,90.4332,89.2348,90.0983,90.0972,90.2777,90.5848,88.9819,89.8425,89.6494,89.7679,90.8899,90.6537,90.8804,90.7619,90.0149,89.6118,90.1148,92.2161,92.0006,90.4889,90.9396,88.9094,88.909,88.7548,88.1216,87.7336,85.603,84.5617,84.0775,83.6897,85.2176,85.3474,86.2722,87.9268,87.6381,89.6946,90.2419,90.8736,91.1818,91.4158,91.4041,91.4532,90.9187,90.5261,89.1986,88.7394,88.1915,86.7421,87.6875,88.4366,89.0818,89.6803,88.9829,87.4761,86.7271,86.479,87.7997,87.0736,86.859,84.1446,83.7478,85.5974,87.0646,87.9351,90.4327,89.2576,86.4662,86.276,86.5047,87.2148,86.4356,86.1618,85.5864,83.3132,83.6458,86.3209,85.8102,86.6324,85.9801,86.5901,86.8825,87.2787,88.5582,88.8541,88.1503,88.8646,88.61,87.7392,87.0456,85.5829,86.0593,84.9876,84.7465,83.4223,83.5917,83.3468,83.3258,82.9636,-483.2,61.1765,145.306,525.217,
W_3499A2/202_G_None_0.54_VS1,100.204,-0.633934,1.25936,95.1828,100.529,107.401,568.11,95.0309,0.0109857,0.409584,1.40991,116.72,6416.21, ,0,60.3591,179.098,180.618,98.1246,98.2646,97.6294,97.4446,97.8311,97.7377,98.0925,97.6533,97.1793,97.5145,97.3503,97.5318,97.4402,97.4484,97.8144,97.8476,97.2286,97.2198,97.2111,97.3655,97.7077,96.8903,96.8162,96.247,96.2241,97.365,97.6236,97.6313,97.7289,97.6721,98.7954,98.3911,98.2825,97.6806,97.1861,97.4219,97.4715,97.233,96.9904,96.9041,97.289,98.1261,98.2658,98.3233,97.9819,97.5461,97.4037,97.4353,97.223,97.3394,97.0735,97.4259,97.6795,97.8877,98.4365,98.7666,99.0937,99.1575,99.6734,99.2433,99.0324,98.418,98.1228,97.9243,97.414,97.3492,97.4743,96.8666,97.1032,97.1674,97.9106,98.0654,98.3095,98.1361,98.1103,98.0178,97.8342,97.846,97.5084,97.2311,97.0068,96.6373,96.931,96.9784,97.7266,97.97,98.0285,98.417,98.572,98.7295,98.868,98.7933,98.1937,97.0788,96.7757,96.3487,96.1955,96.0335,96.2833,95.9274,96.2637,96.6304,97.067,96.9715,97.2115,97.422,97.4678,97.1576,97.304,96.6479,96.6936,96.7537,96.8415,97.1741,96.9819,96.4472,96.6877,96.9504,97.0528,97.3026,97.3003,97.471,97.2483,97.0398,97.5358,97.5545,97.2722,97.5909,97.3704,97.3566,97.3819,97.1047,97.6477,97.5735,97.5228,97.5454,97.7726,97.9302,98.003,98.0785,98.3831,97.91,97.6685,97.3505,97.2377,97.0575,97.1742,96.9646,97.0429,97.0723,97.3161,97.4527,97.4451,97.7087,97.7933,97.2605,97.1457,97.2143,96.9415,96.71,96.7662,97.1223,96.8505,96.5594,96.9824,97.478,97.2288,97.3305,97.5306,97.684,97.7715,98.1103,98.2716,97.7082,97.2064,97.0986,97.036,96.5643,96.2404,96.1767,95.8521,95.4753,95.6363,95.5377,95.2605,95.2951,95.6713,95.7498,95.258,95.2412,95.3124,94.9658,94.8261,94.9281,94.777,94.7445,94.3745,93.9256,93.85,93.7134,93.6327,93.5299,93.271,93.0247,92.8008,93.0311,93.1692,93.1117,93.0132,93.1785,93.049,93.1365,93.1623,93.334,92.8862,92.9256,92.5305,92.349,92.219,92.3196,92.1709,91.8436,91.2291,90.936,90.8673,90.7228,90.6211,90.7977,90.2088,89.679,89.6029,89.1507,88.8102,88.3386,88.0708,87.5554,86.7457,86.297,85.8263,85.147,84.7499,84.2559,83.6234,82.987,82.3089,81.8075,81.4203,81.122,80.9621,80.9772,81.0336,81.1104,81.2038,81.178,81.0879,80.8838,80.6993,80.5833,80.565,80.7639,81.1833,81.7345,82.4198,83.1153,83.8579,84.621,85.4338,86.2382,87.0067,87.613,87.924,87.8146,87.4462,87.3104,87.5388,87.9482,88.4491,88.9981,89.6702,90.5868,91.951,93.5709,94.7666,95.5043,95.9809,96.373,96.6442,96.8417,97.1242,97.2935,97.4025,97.5349,97.6829,97.8189,97.9591,98.0887,98.237,98.3098,98.3913,98.4787,98.5366,98.5559,98.5625,98.6305,98.6914,98.7543,98.787,98.8319,98.8648,98.9302,98.9508,98.9986,98.995,99.0089,98.9787,98.9901,98.9624,98.9416,98.9119,98.9207,98.9178,98.9147,98.8986,98.926,98.9229,98.9776,99.0064,99.0302,99.0673,99.099,99.1278,99.1851,99.1971,99.2281,99.2379,99.2601,99.3025,99.3219,99.3443,99.3571,99.3466,99.4183,99.4702,99.4884,99.5378,99.5776,99.577,99.5896,99.6189,99.6283,99.5753,99.5263,99.4783,99.4027,99.3535,99.3352,99.3261,99.331,99.3871,99.4532,99.5392,99.6683,99.8031,99.9041,100.025,100.113,100.19,100.243,100.313,100.364,100.37,100.395,100.411,100.434,100.468,100.483,100.501,100.475,100.509,100.537,100.56,100.553,100.558,100.554,100.545,100.555,100.59,100.574,100.583,100.553,100.576,100.565,100.582,100.605,100.595,100.588,100.57,100.574,100.594,100.581,100.595,100.589,100.585,100.576,100.582,100.599,100.595,100.604,100.619,100.596,100.592,100.584,100.592,100.605,100.598,100.592,100.596,100.605,100.62,100.635,100.636,100.657,100.649,100.639,100.628,100.622,100.609,100.604,100.588,100.573,100.546,100.533,100.547,100.557,100.562,100.576,100.557,100.549,100.555,100.565,100.588,100.584,100.613,100.605,100.595,100.633,100.644,100.639,100.645,100.633,100.627,100.6,100.595,100.599,100.595,100.586,100.6,100.592,100.593,100.606,100.601,100.616,100.625,100.61,100.61,100.619,100.605,100.602,100.588,100.589,100.594,100.568,100.584,100.589,100.589,100.609,100.595,100.583,100.584,100.567,100.572,100.563,100.563,100.555,100.546,100.546,100.566,100.562,100.559,100.565,100.561,100.565,100.57,100.578,100.581,100.581,100.589,100.577,100.579,100.569,100.543,100.527,100.504,100.493,100.498,100.488,100.511,100.495,100.512,100.523,100.549,100.552,100.555,100.559,100.555,100.55,100.56,100.545,100.546,100.52,100.55,100.565,100.551,100.584,100.58,100.604,100.624,100.621,100.642,100.626,100.62,100.613,100.588,100.591,100.545,100.53,100.541,100.546,100.547,100.553,100.56,100.571,100.582,100.593,100.622,100.611,100.618,100.623,100.624,100.622,100.624,100.615,100.617,100.586,100.597,100.585,100.569,100.567,100.568,100.56,100.564,100.578,100.601,100.6,100.575,100.596,100.587,100.602,100.614,100.618,100.609,100.598,100.607,100.604,100.587,100.596,100.579,100.544,100.526,100.504,100.478,100.456,100.472,100.466,100.467,100.479,100.488,100.494,100.505,100.504,100.519,100.532,100.531,100.525,100.504,100.502,100.493,100.517,100.535,100.528,100.521,100.52,100.519,100.538,100.541,100.542,100.559,100.54,100.542,100.501,100.508,100.536,100.516,100.533,100.538,100.492,100.511,100.509,100.547,100.54,100.511,100.526,100.505,100.49,100.485,100.455,100.47,100.477,100.489,100.469,100.459,100.471,100.464,100.494,100.508,100.485,100.474,100.465,100.47,100.437,100.47,100.498,100.492,100.516,100.509,100.53,100.522,100.514,100.571,100.536,100.533,100.537,100.543,100.55,100.563,100.589,100.614,100.594,100.62,100.628,100.632,100.649,100.641,100.635,100.647,100.656,100.676,100.684,100.668,100.638,100.638,100.652,100.626,100.663,100.65,100.659,100.638,100.645,100.666,100.668,100.691,100.704,100.685,100.713,100.73,100.749,100.769,100.786,100.772,100.696,100.657,100.632,100.585,100.578,100.589,100.573,100.59,100.574,100.709,100.746,100.75,100.801,100.785,100.722,100.69,100.688,100.728,100.687,100.728,100.736,100.707,100.729,100.761,100.879,100.897,100.872,100.88,100.856,100.885,100.887,100.867,100.918,100.905,100.934,100.963,100.964,100.974,101.01,101.061,101.093,101.121,101.02,100.965,101.045,101.024,100.937,100.882,100.842,100.816,100.719,100.897,100.893,100.896,100.971,101.043,101.12,101.171,101.207,101.274,101.24,101.322,101.244,101.257,101.343,101.36,101.35,101.355,101.357,101.247,101.207,101.171,101.225,101.11,101.037,101.012,101.097,101.203,101.178,101.117,101.131,101.056,101.128,101.236,101.33,101.278,101.076,101.184,101.366,101.367,101.36,101.332,101.301,101.275,101.268,101.311,101.23,101.173,101.232,101.226,101.266,101.108,101.144,101.191,101.208,101.33,101.308,101.226,101.258,101.293,101.283,101.323,101.301,101.465,101.479,101.353,101.381,101.38,101.391,101.579,101.575,101.658,101.516,101.481,101.695,102.045,101.849,101.876,101.828,101.678,101.794,101.945,101.995,101.885,101.686,101.837,101.775,101.897,101.836,101.658,101.826,101.931,102.013,102.21,102.276,102.39,102.157,102.247,102.322,102.132,102.228,102.057,101.72,101.72,101.523,101.39,101.198,100.98,100.807,100.538,100.572,100.76,100.696,100.719,100.941,101.173,101.278,101.304,101.42,101.465,101.57,101.389,101.363,101.603,101.46,101.41,101.204,101.304,101.133,100.822,101.175,101.318,100.805,100.797,100.955,101.191,100.98,101.059,100.985,100.9,100.715,100.722,100.693,101.137,101.25,101.198,101.368,101.638,101.453,101.632,101.967,101.967,101.415,101.316,101.655,101.832,101.638,101.616,101.736,101.355,101.691,101.272,101.114,100.858,100.405,100.747,100.902,100.714,101.011,100.546,100.876,100.78,100.696,100.655,100.515,100.349,100.495,100.306,100.894,100.818,100.888,100.596,100.289,100.142,100.29,100.336,100.521,100.315,100.303,100.327,100.466,101.28,101.202,101.334,101.076,101.406,101.516,101.591,101.935,101.815,101.271,101.035,101.248,100.883,100.379,100.122,100.203,99.936,100.33,100.852,100.968,100.26,100.537,100.259,100.109,100.361,100.327,100.097,99.7651,99.9711,100.417,100.886,101.219,101.412,101.121,101.117,101.448,101.436,101.547,101.487,100.771,100.895,100.964,100.793,100.904,100.586,100.518,100.272,100.293,100.603,100.39,99.9505,100.235,100.376,100.636,100.439,100.545,100.825,100.681,101.323,101.609,101.44,101.411,101.107,101.436,101.386,100.943,101.228,100.825,100.934,100.949,100.57,100.84,100.315,100.205,100.873,100.899,100.776,101.209,101.524,102.016,101.913,102.475,102.683,102.206,102.247,102.39,101.986,101.992,101.707,101.938,101.754,101.599,101.395,101.144,101.104,101.373,100.92,100.804,100.64,100.392,100.222,100.514,100.674,100.649,100.077,100.16,-286.864,93.8963,129.918,43.7845,
F_3499A2/202_G_None_0.54_VS1,99.4296,1.26389,-0.910945,107.331,98.532,39.2537,555.644,101.561,0.00949587,-2.23314,1.55796,-35.782,2967, ,50,-637.391,-5.53191,-30.2994,79.2765,78.3894,78.5697,79.1301,79.7022,79.8433,79.6552,78.5726,79.0512,79.7907,80.0458,79.6547,79.4561,78.8702,78.3515,78.3249,78.6721,78.5291,79.0775,79.0186,80.2144,80.4297,81.1705,81.8632,82.0625,82.1108,81.6191,80.9459,81.2793,80.9957,81.1465,81.2079,80.7575,80.3043,80.3994,80.9204,80.441,80.4742,80.3567,79.6039,78.6654,78.7912,79.5154,79.7825,79.6141,79.8456,80.3914,80.2694,80.502,80.7136,80.4671,79.8096,80.2391,80.4092,80.6368,80.2309,80.3002,80.2891,80.6924,80.912,81.1543,79.9519,80.4242,80.1293,79.9922,80.1867,80.4811,80.5247,80.5412,80.9158,80.8447,81.085,81.9074,82.294,82.2629,82.5228,82.5326,82.2786,82.0855,82.5239,81.885,81.3571,81.1462,80.7374,80.0088,79.2746,79.6597,79.8048,80.0034,80.0465,79.8691,80.1219,80.2023,80.494,80.6366,80.49,79.8099,79.565,79.5068,79.9015,79.3576,79.5219,79.3503,80.0033,80.0248,80.7265,80.5435,80.6479,80.072,80.4044,79.9823,80.0816,79.6491,79.4544,79.188,79.3232,78.9461,79.4233,79.6571,80.2396,80.3633,80.8591,81.1099,80.9837,81.2348,81.6945,81.4386,80.758,80.6904,80.5163,80.3489,80.8382,80.6137,80.4857,80.6245,80.5668,80.4574,80.4595,80.6457,80.5555,80.1674,80.4293,80.3443,79.8725,79.6426,79.8486,79.8335,79.7196,79.5008,79.5538,79.2347,79.4295,79.4415,79.6491,79.6393,79.5264,79.8839,80.247,80.2761,80.4265,80.4406,80.5786,80.691,80.8094,80.9272,80.7117,80.5683,80.6154,80.6456,80.5638,80.5403,80.5944,80.5847,80.5848,80.6165,80.7442,80.6053,80.7074,80.9679,81.1996,81.1545,81.0612,81.1571,81.0654,81.1469,81.2428,81.2857,81.2733,81.1399,81.3138,81.4837,81.4061,81.5918,81.6276,81.6573,81.859,82.1082,82.4463,82.6972,83.1159,83.3072,83.457,83.6006,83.6159,83.5942,83.5133,83.3078,83.1132,82.9579,82.7893,82.6453,82.5138,82.3532,82.1949,82.014,81.8596,81.675,81.4547,81.2317,80.9691,80.6807,80.4023,80.1052,79.8464,79.5932,79.3762,79.1419,78.9397,78.7506,78.5798,78.44,78.2945,78.1029,77.8933,77.6723,77.5418,77.4254,77.3993,77.3701,77.4088,77.4855,77.5869,77.68,77.7528,77.8041,77.8243,77.7906,77.808,77.7733,77.9299,78.1438,78.4092,78.8039,79.2571,79.6216,79.9338,80.1489,80.2505,80.1752,80.2175,80.1594,80.3561,80.5335,80.9713,81.7048,82.4296,83.1849,84.1103,84.7273,85.3695,85.5311,85.5399,85.3004,85.0679,85.4159,85.9007,86.3931,87.0216,87.6363,88.5254,89.538,90.6355,91.7692,92.3821,92.6414,93.1549,93.7221,94.761,95.3766,96.1107,96.8714,97.4187,97.8112,98.4624,98.5339,98.7831,98.5923,98.664,98.651,99.01,99.3146,100.058,100.442,101.064,101.227,101.698,101.928,102.145,102.015,101.862,101.579,101.386,100.898,100.922,100.78,100.997,101.301,101.444,101.723,101.483,101.712,102.041,102.154,102.189,101.701,101.455,101.582,101.445,101.587,101.554,101.506,101.441,101.396,101.637,101.676,101.321,101.261,101.179,100.98,100.862,100.807,100.598,100.329,100.093,100.075,99.8762,99.7983,99.6904,99.4866,99.3672,99.4167,99.6314,99.4942,99.2206,99.2814,99.109,99.1211,99.229,99.046,98.7316,98.7033,98.8197,99.1283,98.9663,98.8421,99.0659,99.0011,98.8889,99.0904,98.7934,98.6793,98.5563,98.6068,98.8028,98.307,98.0791,97.9127,97.5963,97.5993,97.6722,97.488,97.2559,97.2352,97.6285,97.8678,97.8965,98.2044,97.9994,97.9511,97.9068,97.8439,97.703,97.6712,97.5124,97.8217,97.8711,97.9159,97.5767,97.9533,98.2976,98.3517,98.0952,98.0375,97.7573,97.5153,97.5876,97.9374,97.6682,97.4496,97.4362,97.4732,97.6948,97.4779,97.4698,97.528,97.4108,97.3534,97.5456,97.4663,97.6738,97.2197,97.5152,97.5535,97.5429,97.5052,97.6603,97.4877,97.6481,97.5561,97.534,97.5358,97.4581,97.4038,97.2591,96.9638,96.9195,96.864,97.0917,97.4802,97.6247,97.6883,97.8761,97.9239,98.0502,97.9605,98.0395,97.6919,97.5794,97.5191,97.6581,97.4371,97.5707,97.6934,97.7817,97.757,97.84,97.8847,97.9237,97.9288,98.0154,98.0294,97.9449,97.8973,97.9381,97.9036,98.0212,97.8228,97.7544,97.9176,97.6756,97.7936,97.9359,97.6829,98.0143,97.9825,97.9993,97.9101,97.8966,98.135,98.0698,98.0689,98.3277,97.8441,97.8324,97.9516,98.013,97.9142,98.1299,98.109,98.05,98.0029,98.2237,98.3344,98.3333,98.476,98.5909,98.4654,98.6576,98.8479,98.8564,99.027,98.8887,99.0089,99.1356,99.0166,99.1815,99.5015,99.1608,99.2935,99.4729,99.596,99.4556,99.673,99.8244,99.7915,99.5045,99.7949,99.6231,99.5135,99.5161,99.6776,99.5555,99.5848,99.4412,99.4362,99.6857,99.941,99.616,99.767,99.8654,99.4002,99.44,99.7282,99.6292,99.5286,99.4258,99.578,99.5719,99.3135,99.8183,99.7224,99.3937,99.5562,99.7011,99.8617,100.004,99.6666,99.9361,99.7626,99.9814,100.017,100.209,100.09,100.301,100.254,100.383,100.631,100.809,100.862,101.72,101.373,101.253,101.055,101.337,101.773,101.82,101.612,101.361,100.602,100.851,101.183,101.7,101.418,101.053,101.084,101.047,100.844,101.703,102.051,101.68,101.473,102.321,102.562,102.47,103.055,103.441,103.16,102.887,103.1,102.457,101.802,101.869,101.911,101.773,101.816,101.548,101.613,102.12,102.797,103.135,103.291,103.497,103.428,104.064,104.241,103.61,103.605,103.019,102.706,102.927,103.437,103.694,103.69,103.892,104.851,105.152,105.994,106.341,105.964,104.929,105.281,105.074,104.756,104.883,104.927,104.708,104.596,105.197,105.406,104.863,104.887,104.828,104.866,104.205,103.715,104.315,104.262,104.921,105.097,104.985,105.546,105.798,105.792,106.866,106.295,106.174,106.559,106.578,105.507,105.333,104.502,105.275,103.882,104.531,105.24,104.801,104.31,106.025,106.703,107.534,106.948,107.234,105.85,105.027,105.184,104.449,104.516,104.365,103.936,104.713,105.478,106.948,106.52,106.581,108.634,108.179,109.135,109.129,109.885,110.508,109.435,111.271,111.111,111.65,111.163,110.366,109.676,108.79,108.688,109.517,109.844,109.298,109.214,109.537,109.504,112.172,112.191,112.256,111.952,110.338,111.288,109.457,110.864,110.492,107.75,106.877,107.113,105.749,106.473,105.184,105.805,105.204,105.707,107.11,108.675,107.455,107.659,110.263,111.675,111.793,111.881,110.745,112.457,113.649,113.583,115.78,112.001,110.931,112.115,112.799,114.132,112.746,110.43,110.951,109.712,111.017,111.79,110.995,110.234,110.993,112.103,114.106,116.094,117.885,119.662,118.294,116.151,117.344,115.32,114.74,112.909,113.33,109.301,106.355,109.515,112.8,112.258,110.579,112.254,113.057,112.517,117.646,119.969,120.119,119.281,116.78,119.614,120.07,120.335,121.153,118.958,119.008,117.772,120.9,124.845,126.864,123.155,119.667,115.604,115.801,116.914,117.869,117.664,117.608,115.182,117.223,120.098,125.092,121.396,116.007,117.323,116.088,115.496,116.896,115.302,115.02,116.353,122.194,122.791,125.594,127.924,123.489,120.03,120.717,118.385,116.579,115.024,119.045,118.983,120.877,124.997,131.286,132.499,136.153,128.156,128.986,124.997,122.437,116.287,116.287,112.261,113.214,110.225,114.835,115.552,117.01,110.146,111.01,113.534,111.349,112.144,116.028,117.964,112.766,114.554,121.17,119.946,121.992,122.191,117.548,109.975,110.368,113.892,109.046,106.169,106.048,102.056,104.987,102.953,110.098,107.918,106.807,108.763,111.986,111.873,112.13,106.98,107.738,104.136,101.981,98.3781,96.9996,91.2216,95.6794,91.7622,95.6645,96.0628,99.0992,101.988,106.953,109.154,114.759,107.619,112.479,113.191,107.342,102.465,100.858,98.053,99.4532,95.1596,98.5095,99.8024,95.5437,98.891,100.434,100.744,104.179,100.728,102.784,99.519,96.5945,95.7512,96.3439,94.5194,93.4919,90.1215,90.6064,90.2433,91.2234,89.7562,89.9912,88.7177,89.1184,88.6546,88.5866,88.7543,88.3689,87.5447,88.8291,87.5659,86.2385,85.2259,86.1898,87.7079,87.7868,86.1578,85.1811,83.7986,85.7681,87.4966,88.1738,88.3697,86.47,85.2628,87.6054,89.8799,90.3465,88.9985,87.4632,87.9184,85.5386,86.8964,86.9678,85.4182,82.7148,82.6018,82.7326,82.5398,81.5071,83.2555,82.1732,82.954,83.5199,84.1675,83.244,82.4204,82.4393,82.2174,81.421,80.3768,80.0135,79.8188,80.3188,81.2312,81.7432,82.4366,81.9749,82.7652,82.9183,83.6704,82.4263,80.267,79.93,80.2776,80.1325,80.0525,79.9137,79.6714,78.1099,77.71,79.0694,79.2908,79.4938,80.3895,81.5544,81.9693,82.1405,83.0147,84.4318,84.3559,83.2668,82.5286,80.5184,81.2006,78.5606,79.2737,79.145,81.0126,81.6191,82.5398,82.2201,83.1243,81.3229,82.5033,83.2547,83.2229,81.2928,79.993,80.9384,81.9522,82.5502,83.7311,84.2582,82.8266,82.0659,82.022,82.9054,81.9614,80.688,79.9002,80.1024,78.7235,79.7916,80.121,80.2124,80.2857,80.5575,81.549,82.4006,82.256,83.2229,82.1676,82.9541,82.761,82.5534,83.4773,81.8411,81.2695,80.8842,80.4657,80.1058,79.9709,79.489,79.3747,76.7575,-373.6,38.1513,152.245,93.0435,
W_Calibration,100,0,0,95.0422,100,108.876,565.016,99.9909,1.74827e-05,0.00127928,0,0,6504.1, ,100,100,100,100,100,100,100,100,100,100,100,100,100,100,100,100,100,100,100,100,100,100,100,100,100,100,100,100,100,100,100,100,100,100,100,100,100,100,100,100,100,100,100,100,100,100,100,100,100,100,100,100,100,100,100,100,100,100,100,100,100,100,100,100,100,100,100,100,100,100,100,100,100,100,100,100,100,100,100,100,100,100,100,100,100,100,100,100,100,100,100,100,100,100,100,100,100,100,100,100,100,100,100,100,100,100,100,100,100,100,100,100,100,100,100,100,100,100,100,100,100,100,100,100,100,100,100,100,100,100,100,100,100,100,100,100,100,100,100,100,100,100,100,100,100,100,100,100,100,100,100,100,100,100,100,100,100,100,100,100,100,100,100,100,100,100,100,100,100,100,100,100,100,100,100,100,100,100,100,100,100,100,100,100,100,100,100,100,100,100,100,100,100,100,100,100,100,100,100,100,100,100,100,100,100,100,100,100,100,100,100,100,100,100,100,100,100,100,100,100,100,100,100,100,100,100,100,100,100,100,100,100,100,100,100,100,100,100,100,100,100,100,100,100,100,100,100,100,100,100,100,100,100,100,100,100,100,100,100,100,100,100,100,100,100,100,100,100,100,100,100,100,100,100,100,100,100,100,100,100,100,100,100,100,100,100,100,100,100,100,100,100,100,100,100,100,100,100,100,100,100,100,100,100,100,100,100,100,100,100,100,100,100,100,100,100,100,100,100,100,100,100,100,100,100,100,100,100,100,100,100,100,100,100,100,100,100,100,100,100,100,100,100,100,100,100,100,100,100,100,100,100,100,100,100,100,100,100,100,100,100,100,100,100,100,100,100,100,100,100,100,100,100,100,100,100,100,100,100,100,100,100,100,100,100,100,100,100,100,100,100,100,100,100,100,100,100,100,100,100,100,100,100,100,100,100,100,100,100,100,100,100,100,100,100,100,100,100,100,100,100,100,100,100,100,100,100,100,100,100,100,100,100,100,100,100,100,100,100,100,100,100,100,100,100,100,100,100,100,100,100,100,100,100,100,100,100,100,100,100,100,100,100,100,100,100,100,100,100,100,100,100,100,100,100,100,100,100,100,100,100,100,100,100,100,100,100,100,100,100,100,100,100,100,100,100,100,100,100,100,100,100,100,100,100,100,100,100,100,100,100,100,100,100,100,100,100,100,100,100,100,100,100,100,100,100,100,100,100,100,100,100,100,100,100,100,100,100,100,100,100,100,100,100,100,100,100,100,100,100,100,100,100,100,100,100,100,100,100,100,100,100,100,100,100,100,100,100,100,100,100,100,100,100,100,100,100,100,100,100,100,100,100,100,100,100,100,100,100,100,100,100,100,100,100,100,100,100,100,100,100,100,100,100,100,100,100,100,100,100,100,100,100,100,100,100,100,100,100,100,100,100,100,100,100,100,100,100,100,100,100,100,100,100,100,100,100,100,100,100,100,100,100,100,100,100,100,100,100,100,100,100,100,100,100,100,100,100,100,100,100,100,100,100,100,100,100,100,100,100,100,100,100,100,100,100,100,100,100,100,100,100,100,100,100,100,100,100,100,100,100,100,100,100,100,100,100,100,100,100,100,100,100,100,100,100,100,100,100,100,100,100,100,100,100,100,100,100,100,100,100,100,100,100,100,100,100,100,100,100,100,100,100,100,100,100,100,100,100,100,100,100,100,100,100,100,100,100,100,100,100,100,100,100,100,100,100,100,100,100,100,100,100,100,100,100,100,100,100,100,100,100,100,100,100,100,100,100,100,100,100,100,100,100,100,100,100,100,100,100,100,100,100,100,100,100,100,100,100,100,100,100,100,100,100,100,100,100,100,100,100,100,100,100,100,100,100,100,100,100,100,100,100,100,100,100,100,100,100,100,100,100,100,100,100,100,100,100,100,100,100,100,100,100,100,100,100,100,100,100,100,100,100,100,100,100,100,100,100,100,100,100,100,100,100,100,100,100,100,100,100,100,100,100,100,100,100,100,100,100,100,100,100,100,100,100,100,100,100,100,100,100,100,100,100,100,100,100,100,100,100,100,100,100,100,100,100,100,100,100,100,100,100,100,100,100,100,100,100,100,100,100,100,100,100,100,100,100,100,100,100,100,100,100,100,100,100,100,100,100,100,100,100,100,100,100,100,100,100,100,100,100,100,100,100,100,100,100,100,100,100,100,100,100,100,100,100,100,100,100,100,100,100,100,100,100,100,100,100,100,100,100,100,100,100,100,100,100,100,100,100,100,100,100,100,100,100,100,100,100,100,100,100,100,100,100,100,100,100,100,100,100,100,100,100,100,100,100,100,100,100,100,100,100,100,100,100,100,100,100,100,100,100,100,100,100,100,100,100,100,100,100,100,100,
F_Calibration,100,0,0,108.104,100,39.2965,491.07,99.9909,0.000170256,0.00127928,0,0,3000.62, ,100,0,100,0,100,100,100,100,100,100,100,100,100,100,100,100,100,100,100,100,100,100,100,100,100,100,100,100,100,100,100,100,100,100,100,100,100,100,100,100,100,100,100,100,100,100,100,100,100,100,100,100,100,100,100,100,100,100,100,100,100,100,100,100,100,100,100,100,100,100,100,100,100,100,100,100,100,100,100,100,100,100,100,100,100,100,100,100,100,100,100,100,100,100,100,100,100,100,100,100,100,100,100,100,100,100,100,100,100,100,100,100,100,100,100,100,100,100,100,100,100,100,100,100,100,100,100,100,100,100,100,100,100,100,100,100,100,100,100,100,100,100,100,100,100,100,100,100,100,100,100,100,100,100,100,100,100,100,100,100,100,100,100,100,100,100,100,100,100,100,100,100,100,100,100,100,100,100,100,100,100,100,100,100,100,100,100,100,100,100,100,100,100,100,100,100,100,100,100,100,100,100,100,100,100,100,100,100,100,100,100,100,100,100,100,100,100,100,100,100,100,100,100,100,100,100,100,100,100,100,100,100,100,100,100,100,100,100,100,100,100,100,100,100,100,100,100,100,100,100,100,100,100,100,100,100,100,100,100,100,100,100,100,100,100,100,100,100,100,100,100,100,100,100,100,100,100,100,100,100,100,100,100,100,100,100,100,100,100,100,100,100,100,100,100,100,100,100,100,100,100,100,100,100,100,100,100,100,100,100,100,100,100,100,100,100,100,100,100,100,100,100,100,100,100,100,100,100,100,100,100,100,100,100,100,100,100,100,100,100,100,100,100,100,100,100,100,100,100,100,100,100,100,100,100,100,100,100,100,100,100,100,100,100,100,100,100,100,100,100,100,100,100,100,100,100,100,100,100,100,100,100,100,100,100,100,100,100,100,100,100,100,100,100,100,100,100,100,100,100,100,100,100,100,100,100,100,100,100,100,100,100,100,100,100,100,100,100,100,100,100,100,100,100,100,100,100,100,100,100,100,100,100,100,100,100,100,100,100,100,100,100,100,100,100,100,100,100,100,100,100,100,100,100,100,100,100,100,100,100,100,100,100,100,100,100,100,100,100,100,100,100,100,100,100,100,100,100,100,100,100,100,100,100,100,100,100,100,100,100,100,100,100,100,100,100,100,100,100,100,100,100,100,100,100,100,100,100,100,100,100,100,100,100,100,100,100,100,100,100,100,100,100,100,100,100,100,100,100,100,100,100,100,100,100,100,100,100,100,100,100,100,100,100,100,100,100,100,100,100,100,100,100,100,100,100,100,100,100,100,100,100,100,100,100,100,100,100,100,100,100,100,100,100,100,100,100,100,100,100,100,100,100,100,100,100,100,100,100,100,100,100,100,100,100,100,100,100,100,100,100,100,100,100,100,100,100,100,100,100,100,100,100,100,100,100,100,100,100,100,100,100,100,100,100,100,100,100,100,100,100,100,100,100,100,100,100,100,100,100,100,100,100,100,100,100,100,100,100,100,100,100,100,100,100,100,100,100,100,100,100,100,100,100,100,100,100,100,100,100,100,100,100,100,100,100,100,100,100,100,100,100,100,100,100,100,100,100,100,100,100,100,100,100,100,100,100,100,100,100,100,100,100,100,100,100,100,100,100,100,100,100,100,100,100,100,100,100,100,100,100,100,100,100,100,100,100,100,100,100,100,100,100,100,100,100,100,100,100,100,100,100,100,100,100,100,100,100,100,100,100,100,100,100,100,100,100,100,100,100,100,100,100,100,100,100,100,100,100,100,100,100,100,100,100,100,100,100,100,100,100,100,100,100,100,100,100,100,100,100,100,100,100,100,100,100,100,100,100,100,100,100,100,100,100,100,100,100,100,100,100,100,100,100,100,100,100,100,100,100,100,100,100,100,100,100,100,100,100,100,100,100,100,100,100,100,100,100,100,100,100,100,100,100,100,100,100,100,100,100,100,100,100,100,100,100,100,100,100,100,100,100,100,100,100,100,100,100,100,100,100,100,100,100,100,100,100,100,100,100,100,100,100,100,100,100,100,100,100,100,100,100,100,100,100,100,100,100,100,100,100,100,100,100,100,100,100,100,100,100,100,100,100,100,100,100,100,100,100,100,100,100,100,100,100,100,100,100,100,100,100,100,100,100,100,100,100,100,100,100,100,100,100,100,100,100,100,100,100,100,100,100,100,100,100,100,100,100,100,100,100,100,100,100,100,100,100,100,100,100,100,100,100,100,100,100,100,100,100,100,100,100,100,100,100,100,100,100,100,100,100,100,100,100,100,100,100,100,100,100,100,100,100,100,100,100,100,100,100,100,100,100,100,100,100,100,100,100,100,100,100,100,100,100,100,100,100,100,100,100,100,100,100,100,100,100,100,100,100,100,100,100,100,100,
W_3510A2/232_D_None_0.501_VVS1,100.194,0.0359079,-0.340235,95.5404,100.503,109.981,475.156,101.971,0.00256682,0.121164,0.342125,-83.9754,6537.48, ,33.3333,18.0272,-94.7154,67.4863,100.006,100.466,100.169,100.118,100.181,100.256,99.7782,100.682,100.704,100.929,100.674,101.688,101.657,101.877,101.99,101.789,101.365,101.312,100.968,100.677,99.8121,100.051,99.8848,100.004,100.686,100.004,100.05,100.119,100.096,100.095,100.324,100.481,100.32,100.252,100.721,100.781,101.463,101.279,101.377,101.417,101.085,101.276,101.201,101.157,101.154,101.172,102.078,101.603,101.212,100.85,100.269,100.064,100.346,100.063,99.5865,99.1767,99.6112,99.9834,100.275,100.544,100.329,100.499,100.459,100.76,100.984,100.825,100.561,100.575,100.87,101.105,101.079,101.147,100.633,100.45,100.952,100.747,100.975,100.142,100.089,99.7952,99.4714,99.9171,99.7812,99.6482,99.8009,99.9525,100.369,100.333,100.412,100.703,100.521,100.662,100.787,100.927,100.224,100.285,100.598,100.955,101.311,100.942,100.676,100.261,100.305,100.941,100.891,100.437,100.749,100.79,100.801,101.167,101.423,101.154,100.508,100.736,101.059,100.186,99.8611,100.538,100.044,99.8902,99.9046,100.295,100.378,100.433,100.307,100.542,100.265,100.486,100.472,100.943,100.774,100.691,100.606,100.716,100.356,100.288,100.557,100.867,100.325,100.834,100.615,100.334,100.319,100.346,100.279,100.278,99.6361,99.8714,99.6385,99.3815,99.229,99.2189,99.4262,99.3393,99.3406,100.129,100.167,99.9387,100.279,100.633,101.162,101.044,101.103,100.935,100.547,100.779,101.152,101.373,101.452,101.115,101.576,101.605,101.574,101.543,101.294,101.14,100.907,100.563,100.582,100.637,100.711,100.899,100.821,100.801,100.649,100.675,100.946,101.188,100.615,100.217,99.8701,100.232,100.061,99.9432,99.925,99.8789,99.7694,99.8457,100.046,100.179,99.9314,100.2,100.589,100.396,100.48,100.188,100.552,100.781,100.458,100.543,100.594,100.532,101.01,100.943,101.214,100.729,100.709,101.058,100.787,100.561,100.442,100.287,100.267,100.428,100.533,100.483,100.373,100.596,100.711,100.741,100.81,101.001,100.823,100.824,100.591,100.588,100.647,100.753,100.586,100.765,100.601,100.87,100.965,101.061,101.212,101.283,101.323,101.417,101.309,101.329,101.265,101.285,101.324,101.322,101.286,101.3,101.276,101.325,101.383,101.378,101.385,101.392,101.419,101.435,101.429,101.435,101.435,101.423,101.433,101.448,101.473,101.454,101.452,101.456,101.501,101.499,101.481,101.483,101.419,101.383,101.371,101.342,101.321,101.302,101.269,101.246,101.275,101.334,101.306,101.305,101.283,101.306,101.262,101.25,101.271,101.21,101.208,101.199,101.196,101.17,101.164,101.169,101.188,101.161,101.168,101.133,101.16,101.141,101.166,101.118,101.107,101.091,101.075,101.09,101.095,101.056,101.02,101.014,101.03,101.014,101.007,101.012,100.964,100.934,100.951,100.977,100.958,100.944,100.964,100.932,100.938,100.962,100.983,100.998,100.995,100.994,101.004,100.992,101.021,100.996,100.994,100.999,100.959,100.94,100.924,100.915,100.903,100.895,100.903,100.898,100.89,100.881,100.883,100.888,100.892,100.892,100.871,100.868,100.842,100.831,100.827,100.822,100.827,100.825,100.836,100.852,100.856,100.871,100.867,100.872,100.859,100.851,100.836,100.812,100.806,100.785,100.797,100.783,100.778,100.779,100.775,100.772,100.759,100.753,100.742,100.719,100.711,100.705,100.711,100.718,100.7,100.708,100.687,100.717,100.698,100.712,100.696,100.672,100.648,100.65,100.63,100.625,100.593,100.612,100.589,100.584,100.588,100.603,100.613,100.625,100.621,100.616,100.585,100.63,100.628,100.616,100.602,100.581,100.553,100.539,100.539,100.552,100.513,100.515,100.526,100.516,100.511,100.522,100.538,100.538,100.511,100.506,100.513,100.514,100.531,100.538,100.547,100.522,100.529,100.543,100.555,100.555,100.549,100.535,100.549,100.52,100.545,100.537,100.543,100.525,100.513,100.51,100.507,100.479,100.486,100.509,100.493,100.486,100.479,100.476,100.467,100.466,100.462,100.474,100.45,100.475,100.475,100.478,100.469,100.476,100.464,100.462,100.47,100.458,100.435,100.421,100.433,100.429,100.43,100.464,100.465,100.438,100.445,100.441,100.446,100.42,100.443,100.429,100.398,100.421,100.412,100.389,100.402,100.394,100.385,100.362,100.376,100.37,100.347,100.348,100.358,100.358,100.351,100.376,100.383,100.376,100.39,100.405,100.417,100.427,100.404,100.407,100.405,100.39,100.376,100.358,100.352,100.35,100.336,100.327,100.345,100.336,100.337,100.334,100.339,100.325,100.327,100.33,100.352,100.326,100.315,100.325,100.333,100.318,100.326,100.346,100.335,100.315,100.315,100.332,100.331,100.342,100.36,100.369,100.352,100.36,100.381,100.394,100.392,100.37,100.345,100.348,100.337,100.338,100.339,100.358,100.376,100.365,100.386,100.393,100.389,100.401,100.384,100.382,100.357,100.357,100.363,100.374,100.38,100.386,100.388,100.398,100.405,100.406,100.384,100.371,100.354,100.34,100.338,100.328,100.316,100.29,100.279,100.285,100.289,100.295,100.306,100.321,100.345,100.351,100.386,100.4,100.378,100.371,100.376,100.391,100.366,100.34,100.354,100.34,100.345,100.375,100.405,100.403,100.392,100.396,100.395,100.385,100.381,100.386,100.371,100.377,100.368,100.354,100.35,100.365,100.374,100.355,100.332,100.339,100.303,100.293,100.286,100.277,100.255,100.222,100.224,100.234,100.231,100.228,100.244,100.263,100.289,100.261,100.29,100.301,100.327,100.338,100.367,100.394,100.4,100.402,100.448,100.447,100.484,100.44,100.431,100.443,100.454,100.471,100.472,100.513,100.558,100.537,100.57,100.604,100.624,100.599,100.616,100.652,100.619,100.593,100.626,100.626,100.622,100.631,100.661,100.66,100.643,100.651,100.664,100.645,100.658,100.664,100.663,100.623,100.64,100.62,100.654,100.683,100.728,100.717,100.696,100.708,100.77,100.776,100.816,100.816,100.773,100.785,100.817,100.873,100.832,100.82,100.849,100.893,100.886,100.96,100.946,100.904,100.903,100.93,100.946,100.918,100.896,100.91,100.849,100.879,100.999,101.012,101.011,101.013,100.991,100.951,100.962,101.038,101.031,100.948,100.92,100.9,100.89,100.898,100.863,100.849,100.83,100.891,100.914,100.904,100.995,100.928,100.903,100.958,100.939,100.891,100.835,100.88,101.028,100.992,101.044,101.156,101.248,101.284,101.267,101.291,101.254,101.185,101.213,101.245,101.184,101.034,101.057,101.142,101.122,101.162,101.144,101.139,101.227,101.175,101.234,101.25,101.183,101.12,101.053,101.128,101.152,101.074,101.146,101.188,101.167,101.224,101.337,101.374,101.371,101.37,101.383,101.352,101.408,101.353,101.378,101.203,101.25,101.131,101.108,101.076,101.006,101.015,101.009,101.096,101.155,101.157,101.074,101.153,101.148,101.312,101.221,101.294,101.212,101.278,101.335,101.523,101.388,101.419,101.365,101.587,101.576,101.476,101.422,101.37,101.255,101.423,101.287,101.376,101.219,100.995,101.006,101.092,100.806,100.826,100.638,101.002,100.9,100.885,100.867,100.84,100.993,101.277,101.414,101.59,101.274,101.218,101.211,101.363,101.567,101.313,101.235,101.234,101.404,101.317,101.495,101.611,101.525,101.511,101.598,101.561,101.284,100.897,100.782,100.642,100.509,100.511,100.339,100.27,100.229,100.355,100.334,100.665,100.741,100.868,100.978,100.899,101.225,101.271,101.001,101.013,100.997,101.139,100.927,100.821,101.044,100.792,100.689,100.827,100.69,100.431,100.219,100.322,100.386,100.122,100.097,100.134,100.242,100.524,100.793,100.734,100.576,100.677,100.674,100.717,100.521,100.302,100.118,100.12,100.339,100.863,100.706,100.56,100.43,100.855,101.316,101.503,101.227,101.066,100.584,100.97,101.295,101.356,101.298,100.902,100.721,100.944,100.948,100.85,100.644,101.161,100.919,101.028,101.521,101.478,101.233,101.464,101.587,101.958,101.184,101.281,101.244,100.981,101.065,101.147,100.742,100.383,99.8052,100.118,100.819,100.609,100.621,101.103,101.327,101.519,102.391,102.581,102.581,102.041,102.068,101.866,101.379,101.201,101.211,100.259,99.9319,99.7698,99.7011,99.7594,99.7599,99.3714,99.4865,99.2833,99.7738,99.8194,100.059,100.082,99.7861,99.4815,99.9337,100.138,100.331,100.138,100.08,99.8334,99.454,99.4332,100.035,100.136,100.002,99.7464,99.7911,99.9462,99.9132,100.366,100.865,100.717,100.903,101.274,101.436,101.43,101.665,101.527,101.552,101.285,101.174,101.029,100.338,100.43,100.564,100.385,100.682,100.99,100.843,101.004,101.156,101.47,101.341,101.222,101.331,101.411,101.334,101.642,101.708,101.517,101.482,101.746,101.672,101.653,101.595,101.601,101.2,101.139,101.148,101.264,100.974,101.198,101.062,101.025,100.975,101.331,101.32,101.482,101.527,101.727,101.662,101.928,102.149,102.176,102.286,102.329,102.317,102.195,30.4598,542.593,-4.02299,-28.4946,
F_3510A2/232_D_None_0.501_VVS1,100.158,-0.339032,-1.50058,108.325,100.409,40.3506,485.584,106.208,0.00574978,0.61814,1.5384,-102.731,3026.79, ,25,0,63.8889,0,100.531,100.49,100.555,100.248,99.9031,99.9386,100.253,99.8695,101.233,100.703,100.492,100.561,101.459,102.289,102.696,102.42,103.179,103.073,103.534,103.782,104.01,103.926,102.892,102.299,102.453,102.076,102.106,102.455,102.234,102.752,102.475,103.166,103.744,103.449,102.456,101.98,102.256,102.736,102.282,102.211,102.756,102.87,103.09,104.067,104.392,103.386,102.992,103.15,102.949,102.332,102.237,101.957,102.085,102.529,102.793,103.205,102.821,103.33,103.073,103.329,103.506,103.102,102.596,103.048,103.409,103.106,103.371,103.103,102.686,102.273,102.404,102.561,102.191,101.772,102.713,102.347,102.035,101.758,101.942,102.19,101.887,101.558,101.477,101.015,100.605,101.262,101.646,102.007,101.924,101.588,102.27,101.744,101.601,102.165,101.778,101.393,100.818,101.037,100.709,100.492,101.115,101.115,100.273,100.886,100.989,100.799,100.216,101.082,100.607,100.633,100.738,101.529,101.767,101.791,102.115,102.567,101.61,101.741,101.001,100.765,100.318,99.9034,99.7515,99.6311,100.031,100.54,100.459,101.014,100.899,101.029,100.987,100.578,100.968,100.493,100.956,101.116,101.156,101.383,101.098,101.155,101.69,101.284,101.596,101.136,100.586,100.417,100.325,100.38,100.337,100.316,100.503,100.326,100.445,100.675,100.919,100.977,100.998,100.809,100.569,100.403,100.615,100.766,100.893,100.819,101.004,101.304,101.58,101.863,101.81,101.681,101.764,102.039,102.323,102.204,102.155,102.46,102.445,102.943,102.904,102.783,102.665,102.609,102.557,102.63,102.493,102.292,102.101,102.106,102.042,102.055,101.783,101.946,101.801,101.866,101.795,101.845,101.878,101.906,101.928,102.046,101.902,101.888,101.817,101.841,101.893,101.835,101.881,101.88,101.936,101.978,102.064,102.117,102.168,102.188,102.245,102.264,102.335,102.365,102.41,102.423,102.433,102.449,102.45,102.441,102.45,102.41,102.407,102.39,102.367,102.354,102.316,102.303,102.303,102.283,102.262,102.206,102.154,102.117,102.08,102.068,102.1,102.089,102.147,102.097,102.087,102.081,102.037,102.148,102.049,102.098,102.08,101.996,102.101,102.076,102.061,102.012,101.865,101.916,101.805,101.791,101.774,101.734,101.691,101.752,101.851,102.072,102.159,102.226,102.109,102.069,102.091,102.129,102.219,102.183,101.986,101.939,102.083,102.128,102.054,101.973,102.044,101.87,101.825,101.721,101.826,102.026,102.452,102.837,103.097,103.113,103.167,103.21,103.275,103.374,103.293,102.961,102.52,102.419,102.534,102.816,102.689,102.698,102.999,103.062,103.336,103.819,103.723,103.45,103.146,103.304,103.634,103.396,103.523,103.201,103.021,103.109,103.215,103.104,102.872,102.951,102.891,102.846,102.963,102.926,102.834,102.712,102.872,102.902,102.611,102.946,102.809,102.85,102.667,103.011,103.073,103.162,103.037,102.831,102.433,102.522,102.616,102.659,102.286,102.381,102.156,102.395,102.499,102.35,102.209,101.986,101.971,102.022,101.829,101.652,101.543,101.669,101.931,102.14,102.312,102.194,102.393,102.206,102.332,102.316,102.178,101.797,101.594,101.688,101.692,101.585,101.363,101.171,101.223,101.041,101.153,101.013,100.632,100.653,100.48,100.823,101.216,101.142,101.248,101.399,101.121,101.349,101.622,101.79,101.874,101.706,101.911,102.022,101.921,102.124,101.921,101.628,101.427,101.482,101.465,101.148,101.047,100.965,101.146,101.384,101.639,101.692,101.664,101.596,101.823,102.031,102.216,102.007,101.761,101.452,101.271,101.024,100.926,100.739,100.582,100.555,100.31,100.3,100.349,100.458,100.548,100.731,100.66,100.715,100.615,100.784,101.043,101.025,101.079,101.005,100.697,100.647,100.195,100.394,100.415,100.4,100.491,100.402,100.539,100.871,100.986,101.244,101.218,101.323,100.966,100.945,100.949,100.722,100.662,100.666,100.521,100.193,100.119,100.27,100.358,100.469,100.503,100.495,100.663,100.726,100.667,100.608,100.438,100.237,99.9902,100.194,100.302,99.7799,100.024,100.255,100.372,100.415,100.695,100.689,100.413,100.229,100.637,100.208,100.228,100.483,100.729,100.37,100.605,100.787,100.48,100.175,100.345,100.191,99.8506,99.4534,99.3565,99.4321,99.6704,99.9198,99.9948,100.057,100.079,100.142,100.463,100.926,100.933,100.684,100.923,101.026,101.094,101.277,101.433,101.322,101.15,100.85,100.97,100.565,100.642,100.268,99.9694,99.6972,99.8354,99.6149,99.5517,99.4691,99.6368,99.7108,99.8234,100.084,100.057,99.7622,99.8437,100.097,99.8686,99.7609,99.4944,99.8144,99.4128,99.3249,99.6028,99.5971,99.1412,99.28,99.0804,98.9624,98.7099,98.628,98.691,98.5713,98.6086,98.4176,98.4569,98.5298,98.8603,99.0407,99.6395,99.6983,99.6815,99.9252,100.65,100.511,100.775,100.482,100.281,99.8632,99.8613,99.7157,99.5519,99.7076,99.6736,99.8209,100.221,100.522,100.609,100.713,100.835,100.894,100.989,101.204,100.549,100.674,100.804,101.147,100.985,101.11,101.068,100.968,101.113,101.454,101.377,100.862,100.875,101.227,101.096,100.844,100.899,100.805,100.623,100.005,100.093,99.7846,99.3127,99.3949,99.5931,99.3322,99.18,99.3122,99.2279,99.3633,99.2784,99.9553,99.6692,99.3753,99.1569,98.6601,99.1018,99.6996,99.498,99.4914,98.6171,99.7418,99.5588,99.3079,99.2361,99.2902,99.2821,99.6222,100.138,100.24,99.2054,99.6673,99.9395,99.73,100.08,100.37,100.779,100.009,100.273,100.585,100.205,100.487,102.046,101.082,100.385,99.2082,99.6659,101.074,100.504,101.19,101.017,100.243,100.292,100.578,101.405,100.834,99.574,99.667,98.7131,98.2476,98.9841,98.2394,98.623,98.7676,98.7983,98.888,98.2942,98.841,99.4148,98.5641,99.5204,99.5755,98.3567,98.2154,98.1839,98.8175,98.4628,97.7721,96.9117,97.349,95.7248,96.4978,97.2344,96.5909,96.1957,96.506,96.6629,97.9407,98.2901,99.5378,101.319,100.683,100.433,100.781,101.416,101.969,101.288,99.9322,100.023,98.0009,99.6462,99.7343,99.4412,98.7561,98.32,98.3047,99.6082,98.6565,98.0811,95.8878,96.632,98.5722,99.3368,99.5634,99.553,98.8309,99.5347,101.559,101.921,101.446,101.099,101.381,100.168,101.272,101.159,99.7556,99.189,99.3066,102.156,98.5426,98.3436,98.4573,98.5887,99.7098,99.7049,97.8316,99.171,94.799,99.5036,98.6161,98.9545,98.4004,98.4347,99.6853,100.408,103.675,107.309,105.457,106.753,106.599,106.226,104.821,105.357,105.837,100.254,97.9814,97.9255,95.8333,94.5096,94.3282,95.1451,95.2189,94.8582,98.5589,99.3125,97.0551,98.2824,100.846,102.937,105.563,100.812,103.424,103.46,102.177,106.449,104.345,105.377,102.666,99.7727,103.571,104.26,100.079,99.4514,97.8226,97.2222,97.8639,98.1918,100.728,104.847,101.81,104.391,109.906,108.485,111.68,113.663,112.303,107.642,106.019,103.304,103.339,95.6485,98.3036,97.9682,92.3951,91.388,91.4948,91.6373,95.1241,96.2148,102.306,101.974,104.004,107.248,112.004,114.335,113.293,113.015,115.107,109.872,108.125,105.542,105.282,103.452,103.892,103.716,105.444,100.543,100.556,98.3259,97.8211,94.6833,98.7778,96.875,96.9457,96.5556,97.433,92.455,96.5247,94.2568,102.014,96.9457,96.7842,100.105,93.5976,93.3267,103.76,102.215,104.399,101.749,105.444,107.159,105.42,108.075,109.793,105.068,106.799,106.348,103.067,99.0283,98.7024,100.086,102.599,102.816,108.829,106.661,108.647,109.146,112.818,112.124,107.472,105.332,103.635,99.0418,99.7263,100.095,98.6162,92.3401,93.219,93.3706,96.1851,97.2656,94.9242,94.0029,94.4051,93.3844,98.6351,99.2075,97.1983,98.9003,101.276,104.593,105,104.924,108.613,106.763,106.879,112.35,107.133,103.065,100.066,103.941,104.704,104.668,104.062,102.55,103.17,104.049,105.858,108.257,107.799,106.368,105.665,104.98,103.424,106.366,104.991,104.913,106.229,103.721,103.467,102.856,104.312,105.261,99.1379,102.328,104.379,101.778,101.031,103.192,102.75,101.55,100.977,102.466,100.165,98.7354,99.1313,99.5205,97.8957,100.276,102.104,102.314,103.363,103.21,102.566,101.267,101.358,101.564,100.465,98.72,101.358,100.36,100.795,100.356,100.792,101.462,101.016,101.568,102.812,100.027,99.275,99.0551,98.6276,97.2222,95.9296,96.8135,95.7859,95.4798,96.3213,98.7237,98.3627,99.728,101.991,103.81,103.718,103.898,104.251,102.144,100.126,100.744,100.025,100.128,100.127,98.1194,98.1175,97.9374,100.325,101.216,101.014,101.405,100.712,99.7312,101.895,101.668,99.5498,98.5267,98.9858,98.2607,97.7314,98.2111,96.7099,96.7275,97.5987,99.0209,99.6553,98.4869,99.0315,100.114,100.115,101.135,101.235,101.132,101.865,100.846,101.87,101.489,101.294,100.651,100.111,98.6924,98.5085,100.203,100.93,100.383,101.309,101.588,101.872,102.736,104.682,103.94,102.396,103.137,103.152,103.731,102.688,103.505,104.297,103.81,105.492,2.08333,208.333,-72.9167,52.0833,
W_3507A2/121_F_Faint_0.504_VVS1,100.581,-0.54407,0.810711,96.1651,101.511,109.189,565.096,97.9784,0.00680342,0.491505,0.976353,123.866,6455.92, ,-0,102.211,-146.545,98.224,97.9792,98.1199,97.97,98.2022,98.0731,97.6768,97.4198,98.3687,98.3756,98.5745,98.3376,98.6633,98.7423,98.9163,98.75,98.7044,98.3473,98.3282,97.8539,97.6677,97.391,97.5178,97.1508,97.4674,97.1057,96.8938,97.0703,97.7325,98.1107,98.2074,98.0321,98.5437,98.419,99.1653,98.3634,97.9778,97.3462,97.0095,97.4492,97.8904,97.6633,97.4325,96.941,97.8001,98.2102,98.7893,99.2595,98.6952,97.9363,97.2732,97.1579,97.4364,97.4964,97.0133,96.6089,96.2625,96.2982,96.6086,96.8505,97.0621,96.3783,96.2571,96.655,97.2179,97.4165,97.2906,97.2283,97.4349,97.7126,98.2731,97.8848,98.0934,97.4954,97.317,97.6369,97.5,97.7731,97.241,97.0464,97.5112,96.659,96.6323,96.6455,96.676,96.6071,96.5147,96.802,96.9275,96.6588,97.2783,97.6364,97.5064,97.4716,97.929,97.5039,97.3197,97.9174,98.0172,98.2247,97.4896,97.6591,97.8244,97.5325,98.077,98.448,97.9179,98.4614,98.485,98.6248,98.8655,98.6385,98.8926,98.4843,98.3461,98.5579,97.6645,97.3491,97.8132,97.6428,97.4538,97.1738,97.7858,98.0117,98.0682,98.3346,98.3662,98.1349,98.1623,98.4117,98.7832,98.4971,98.3881,98.0519,98.2019,98.1603,98.3962,98.551,98.9457,98.6027,98.6723,98.6416,98.4886,98.5354,98.8507,98.8806,98.6594,98.0144,98.4464,98.222,98.113,98.3128,98.3828,98.2477,97.987,98.3851,98.7161,98.7823,98.5221,98.6125,98.4729,98.7897,98.6196,98.9121,98.7932,99.0092,98.5943,99.0976,99.2467,99.3735,99.2173,99.1583,98.7133,98.5976,98.255,98.1103,97.9246,97.5664,97.4299,97.1332,97.5271,97.4018,97.3666,97.2842,97.1374,97.0833,97.0259,96.8249,96.5779,95.7989,95.8861,95.4718,95.2702,95.048,94.6772,94.2083,94.0258,94.1178,93.982,93.5736,93.3679,93.1756,93.2255,93.2052,93.1354,92.9404,92.5891,92.5856,92.6908,92.4651,92.336,92.1733,92.0116,91.9099,91.8588,91.4483,91.1695,91.0182,90.9572,90.9543,90.6308,90.2889,90.0823,89.9677,90.0006,89.7322,89.4255,89.0701,88.6556,88.3874,88.2372,87.8101,87.3605,86.8619,86.2903,85.7603,85.1471,84.5892,83.9199,83.1913,82.6206,81.797,81.1511,80.3739,79.4812,78.7083,77.9219,77.2768,76.9157,76.6093,76.613,76.6194,76.7546,76.8971,76.9252,76.8369,76.6442,76.3202,76.1403,76.125,76.3241,76.7925,77.5033,78.3861,79.2834,80.2157,81.2238,82.2704,83.3338,84.3794,85.2612,85.7384,85.5695,85.02,84.8419,85.2331,85.8632,86.5904,87.3867,88.3086,89.5818,91.5066,93.8414,95.5909,96.6305,97.33,97.9069,98.4318,98.9012,99.3419,99.6857,99.9591,100.208,100.331,100.479,100.621,100.718,100.804,100.85,100.904,100.915,101.007,101.079,101.139,101.161,101.14,101.131,101.121,101.11,101.131,101.071,101.046,101.045,101.034,101.036,101.047,101.031,100.982,100.955,100.922,100.871,100.822,100.79,100.751,100.693,100.669,100.687,100.678,100.704,100.766,100.77,100.804,100.858,100.894,100.948,100.962,100.971,100.971,100.972,101.003,101.001,101.008,101.04,101.035,101.039,101.077,101.101,101.104,101.105,101.076,101.047,100.993,100.919,100.866,100.763,100.682,100.642,100.621,100.64,100.685,100.776,100.874,101.006,101.162,101.309,101.413,101.513,101.612,101.664,101.66,101.718,101.742,101.754,101.766,101.773,101.78,101.764,101.796,101.808,101.795,101.787,101.786,101.777,101.775,101.77,101.765,101.725,101.742,101.739,101.739,101.746,101.748,101.741,101.719,101.728,101.743,101.759,101.749,101.743,101.72,101.722,101.735,101.731,101.729,101.72,101.699,101.7,101.708,101.727,101.717,101.713,101.746,101.755,101.751,101.761,101.76,101.734,101.722,101.705,101.669,101.648,101.611,101.605,101.585,101.577,101.561,101.536,101.546,101.577,101.574,101.59,101.567,101.561,101.556,101.568,101.596,101.583,101.58,101.566,101.57,101.583,101.582,101.593,101.6,101.594,101.61,101.57,101.581,101.583,101.586,101.582,101.573,101.571,101.562,101.535,101.57,101.577,101.547,101.541,101.541,101.542,101.544,101.544,101.537,101.526,101.521,101.534,101.528,101.515,101.495,101.47,101.451,101.446,101.462,101.455,101.442,101.438,101.453,101.467,101.484,101.501,101.508,101.472,101.474,101.484,101.48,101.477,101.489,101.458,101.439,101.473,101.483,101.463,101.457,101.448,101.459,101.421,101.442,101.444,101.42,101.409,101.394,101.417,101.431,101.414,101.432,101.422,101.418,101.414,101.416,101.431,101.399,101.382,101.389,101.389,101.389,101.388,101.39,101.377,101.388,101.387,101.403,101.397,101.388,101.393,101.402,101.415,101.447,101.429,101.429,101.393,101.389,101.392,101.394,101.383,101.369,101.357,101.362,101.364,101.405,101.4,101.41,101.421,101.439,101.427,101.436,101.44,101.468,101.459,101.465,101.449,101.446,101.438,101.454,101.445,101.45,101.443,101.451,101.442,101.434,101.43,101.418,101.431,101.433,101.414,101.397,101.4,101.409,101.435,101.431,101.434,101.421,101.413,101.415,101.419,101.398,101.376,101.364,101.361,101.378,101.388,101.397,101.408,101.397,101.416,101.427,101.427,101.44,101.434,101.439,101.435,101.425,101.436,101.417,101.412,101.425,101.429,101.424,101.392,101.405,101.41,101.412,101.417,101.433,101.427,101.41,101.4,101.397,101.388,101.393,101.39,101.405,101.407,101.398,101.417,101.428,101.455,101.457,101.451,101.454,101.463,101.46,101.476,101.44,101.445,101.442,101.426,101.429,101.445,101.431,101.433,101.41,101.426,101.414,101.392,101.418,101.435,101.42,101.434,101.454,101.467,101.479,101.492,101.512,101.499,101.506,101.505,101.51,101.502,101.54,101.558,101.582,101.618,101.633,101.612,101.611,101.617,101.653,101.636,101.615,101.631,101.593,101.576,101.599,101.596,101.556,101.552,101.546,101.575,101.548,101.565,101.591,101.572,101.622,101.671,101.675,101.701,101.693,101.705,101.74,101.761,101.807,101.731,101.704,101.651,101.661,101.665,101.68,101.649,101.658,101.658,101.704,101.74,101.774,101.743,101.757,101.761,101.755,101.733,101.771,101.782,101.741,101.731,101.738,101.696,101.689,101.696,101.648,101.585,101.628,101.702,101.715,101.763,101.813,101.817,101.856,101.947,101.962,101.896,101.856,101.861,101.745,101.728,101.705,101.668,101.68,101.697,101.75,101.76,101.781,101.821,101.84,101.844,101.878,101.841,101.875,101.909,101.979,101.972,102.008,102.074,102.119,102.176,102.168,102.142,102.132,102.078,102.161,102.155,102.132,102.088,102.033,102.04,102.106,102.031,102.122,102.134,102.209,102.223,102.273,102.233,102.179,102.116,102.161,102.149,102.105,102.147,102.197,102.186,102.242,102.416,102.466,102.547,102.445,102.486,102.424,102.358,102.501,102.543,102.471,102.403,102.435,102.494,102.382,102.381,102.346,102.258,102.144,102.205,102.146,102.058,101.98,101.957,101.903,102.089,101.986,102.077,102.062,102.317,102.332,102.515,102.554,102.702,102.567,102.725,102.718,102.663,102.625,102.578,102.48,102.643,102.641,102.656,102.5,102.366,102.366,102.305,102.216,102.116,102.05,102.317,102.429,102.548,102.706,102.612,102.565,102.67,102.799,102.72,102.323,102.136,101.992,101.899,102.027,101.966,101.962,101.946,102.129,101.98,102.099,102.252,102.257,102.354,102.406,102.443,102.313,102.186,102.345,102.452,102.463,102.372,102.074,102.056,102.091,102.117,102.272,102.337,102.013,102.253,102.696,102.926,103.117,103.16,103.118,102.636,102.627,102.867,102.35,102.149,102.384,102.168,102.039,101.927,102.073,102.068,102,102.198,102.394,102.146,102.509,102.171,102.506,102.533,102.431,102.273,102.455,102.504,102.746,102.748,103.041,102.859,103.189,103.562,103.82,103.978,103.736,103.442,103.103,102.951,103.51,103.17,102.797,102.9,102.456,102.544,102.491,102.71,102.993,102.419,102.487,102.685,102.444,102.546,102.825,103.144,103.12,103.327,103.515,103.35,103.205,103.177,103.205,102.865,102.457,102.235,102.106,102.165,102.162,102.232,101.804,101.583,101.446,101.791,101.939,101.81,101.273,101.452,101.443,101.8,102.2,102.355,102.638,102.464,102.397,102.667,102.707,102.586,102.336,101.798,101.641,100.951,100.787,100.785,100.737,100.138,100.481,100.798,100.752,100.844,101.255,101.437,101.237,100.95,101.496,101.327,101.419,101.574,101.419,101.549,101.409,101.282,102.06,102.181,101.993,101.698,102.061,102.195,101.946,102.156,102.857,102.235,102.176,102.413,102.419,102.051,102.099,101.883,101.928,101.616,101.834,101.927,101.629,101.475,101.531,101.285,101.382,101.556,101.344,101.565,101.614,101.979,102.252,102.218,102.499,102.718,102.506,103.162,102.954,102.685,102.636,102.928,102.839,102.667,102.527,102.763,102.359,102.295,102.439,102.564,102.436,102.778,102.815,102.848,102.507,102.487,102.56,102.683,102.706,102.627,102.386,102.528,102.718,103.068,103.224,103.315,103.138,102.822,69.2529,223.148,207.184,-0.268817,
F_3507A2/121_F_Faint_0.504_VVS1,105.518,11.0414,-89.0829,132.302,114.96,130.773,467.832,403.367,0.282678,2.13246,89.7645,-82.9345,4514.67, ,75,0,131.667,0,75.0701,75.6518,76.293,75.8238,75.777,75.6248,76.1897,76.4897,77.1361,77.5538,77.0721,76.9952,77.0829,77.697,77.7929,77.6972,77.5172,77.5671,77.7584,78.0391,78.0114,78.6787,78.2412,78.1593,77.8483,77.9703,78.4399,78.0605,78.054,78.5544,78.4015,78.5661,78.7703,78.3135,77.8553,76.5743,76.7817,77.0633,76.5903,76.4603,76.6384,76.8406,77.3906,77.5384,78.2201,77.7196,77.6964,77.9912,78.1853,78.2237,77.9617,77.9109,78.3128,78.858,79.4115,79.5442,79.2878,79.6959,78.9434,79.3225,78.9341,78.6438,78.2592,77.8902,77.6463,77.462,77.1866,77.3093,77.1317,77.296,77.2011,77.0292,77.3047,77.5784,77.108,77.0039,77.0773,76.8076,76.7326,77.3895,77.9654,77.7504,77.6415,78.0319,77.3878,77.7837,78.327,79.0504,79.1498,78.3897,79.0226,78.9566,78.9395,80.1297,79.7425,79.0253,78.652,78.968,79.0959,78.4282,78.6249,78.7446,78.068,78.2663,78.7985,78.7784,77.6789,78.3141,78.4365,78.6156,78.5877,78.5915,78.4376,78.1247,77.9855,78.5841,78.0902,78.0229,77.6642,78.0013,78.0776,78.4789,78.7602,78.6781,78.8037,78.8968,79.2503,79.1268,78.8768,78.8776,78.5771,78.3327,78.2341,77.8006,77.8096,77.6732,77.7236,77.6933,77.4261,77.585,77.438,77.1528,77.2398,77.3344,77.1474,77.209,77.1582,77.3589,77.1385,77.1808,77.4352,77.2944,77.2023,77.2088,77.1938,77.1807,76.9257,76.6878,76.5544,76.505,76.8658,77.1118,77.0555,76.6763,76.5188,76.9576,77.1548,77.4453,77.5709,77.1864,77.1282,77.3693,77.636,77.5777,77.418,77.6494,77.6728,77.7894,77.9386,78.1468,77.9893,78.0706,78.0603,78.0281,78.0515,77.937,77.8088,77.7853,77.5757,77.5381,77.3593,77.5038,77.5036,77.5878,77.6593,77.9347,78.3269,78.7988,79.3056,79.8712,80.2566,80.6141,80.7749,80.8041,80.745,80.537,80.2899,80.0216,79.6994,79.4105,79.126,78.8601,78.5932,78.3084,78.0559,77.7709,77.4669,77.1618,76.8149,76.4333,76.0402,75.655,75.2604,74.8623,74.5184,74.2054,73.8942,73.6365,73.4186,73.175,72.9404,72.7319,72.5087,72.2568,72.0024,71.8035,71.6229,71.5366,71.5578,71.6228,71.8015,71.9383,72.0795,72.1534,72.2021,72.1917,72.105,72.1769,72.2817,72.4306,72.834,73.2044,73.809,74.4313,75.1263,75.8285,76.3274,76.8909,77.4146,77.9041,78.782,79.7823,81.2571,83.0868,85.2639,87.9492,90.7875,94.219,97.8612,102.288,108.282,117.362,129.334,140.441,149.505,158.056,166.664,175.477,183.772,190.846,194.83,196.203,199.605,206.696,216.773,229.369,244.687,262.074,279.841,296.442,311.185,324.334,334.454,342.394,347.17,347.952,345.681,342.544,342.249,344.328,348.567,356.253,364.537,371.962,378.737,384.945,390.016,392.099,391.813,390.232,387.006,382.108,379.152,377.047,375.487,375.177,375.363,377.14,378.817,382.097,384.643,386.367,387.882,388.696,388.402,386.176,383.421,379.576,374.674,371.317,367.344,364.36,360.803,358.52,357.21,356.159,354.937,353.031,351.103,349.14,345.871,343.561,340.084,336.597,331.494,327.255,322.979,318.406,314.292,309.696,305.316,301.176,296.762,293.358,289.86,287.234,284.456,281.284,279.114,275.79,272.969,269.394,265.503,262.331,258.38,253.552,249.714,245.835,242.697,239.058,235.55,232.256,228.701,225.1,221.989,218.936,215.198,211.817,208.444,205.988,203.444,200.866,198.162,195.835,192.68,190.14,187.903,185.527,183.051,180.41,177.823,175.837,173.679,171.466,169.266,166.879,164.841,163.163,161.554,159.651,157.752,155.821,154.399,153.031,151.625,150.12,148.379,146.854,145.395,143.706,142.901,141.345,139.998,138.507,137.109,135.781,134.596,133.816,133.084,131.832,130.643,129.766,128.937,128.288,127.544,126.742,125.454,124.761,124.002,123.534,122.742,122.122,121.319,120.646,119.997,119.55,118.765,118.232,117.654,117.186,116.731,116.285,115.917,115.689,115.241,114.793,114.534,114.261,113.722,113.105,112.694,112.033,111.332,111.257,111.01,110.303,110.147,110.26,110.313,110.406,110.191,110.463,110.544,110.387,110.175,109.823,109.687,109.393,108.843,108.833,108.77,108.034,108.125,108.223,108.105,107.705,107.791,107.937,107.896,107.501,107.803,107.164,107.182,107.273,107.323,107.189,107.003,106.771,106.522,106.096,106.299,106.074,105.829,105.493,105.251,105.123,105.569,105.529,105.747,105.793,105.702,105.793,105.857,105.778,105.927,105.704,105.979,105.987,105.792,105.92,105.874,105.836,106.083,105.872,105.593,105.138,104.872,104.679,104.649,104.99,104.93,104.785,104.687,104.974,105.19,105.489,105.477,105.464,105.114,105.065,104.784,105.022,105.041,105.281,105.496,105.648,105.303,105.265,105.5,105.995,105.899,105.819,105.153,105.175,105.397,105.705,105.691,106.209,106.321,106.173,106.332,106.438,106.304,106.349,106.602,106.702,106.389,106.292,106.716,106.595,106.807,106.665,106.976,107.049,107.006,107.09,107.076,107.469,107.858,108.636,109.068,108.977,109.137,109.569,109.623,109.829,109.979,109.695,109.071,108.668,109.018,109.136,108.903,109.106,109.346,109.147,109.381,109.757,110.076,109.929,109.873,110.486,110.698,110.631,111.026,110.697,110.817,109.958,109.325,109.513,109.109,108.834,108.587,108.631,109.428,109.152,109.741,110.202,110.355,110.348,110.186,110.719,109.972,110.222,111.672,112.508,112.318,112.193,112.411,113.353,113.238,113.494,112.826,111.842,111.756,112.751,112.25,112.7,112.33,112.677,113.011,113.016,113.384,113.82,113.552,114.184,113.763,114.257,113.973,114.745,115.902,115.769,115.225,116.239,116.446,117.658,117.102,117.168,116.578,115.417,115.058,115.08,114.724,113.85,113.561,113.545,113.421,113.139,114.072,113.539,114.147,113.193,113.29,112.981,113.048,113.765,113.598,113.455,114.576,115.506,115.67,115.855,116.07,115.959,115.848,115.82,115.428,116.12,114.184,115.772,117.476,117.329,117.807,116.857,118.272,118.672,121.034,122.311,121.879,122.562,121.663,122.09,124.003,123.677,124.552,120.465,119.32,120.179,119.769,120.536,120.267,119.761,121.419,121.614,122.941,122.713,121.357,121.193,120.761,121.002,120.94,120.786,119.851,119.371,122.153,124.37,123.495,124.621,126.039,126.759,123.999,125.248,125.92,122.563,122.504,124.168,127.163,123.401,124.738,124.454,123.96,125.63,126.231,124.413,125.75,125.271,130.785,128.491,132.645,135.201,133.014,134.092,134.52,133.675,133.994,130.886,132.864,130.549,128.098,129.135,130.316,130.899,125.722,127.236,130.117,126.909,125.917,125.672,125.123,126.164,125.898,132.719,128.137,124.198,129.148,128.268,127.298,130.51,122.137,122.106,120.77,121.253,125.412,121.27,125.293,127.536,127.136,133.825,136.833,132.666,136.536,133.403,129.381,129.288,128.16,128.981,132.16,131.224,134.247,131.528,131.588,136.892,135.484,138.406,139.075,135.019,129.482,127.274,124.078,127.696,125.636,122.92,114.565,115.309,116.743,118.635,120.616,123.081,124.267,128.73,133.004,143.855,141.537,150.512,155.954,162.326,154.641,151.775,148.547,142.512,137.881,135.637,129.527,124.689,121.543,126.911,124.353,123.188,124.683,123.8,127.106,124.231,126.911,126.138,122.32,124.462,125.923,132.488,127.398,118.9,124.498,118.923,112.57,115.264,113.312,111.824,105.165,113.133,115.661,113.518,113.96,120.991,116.464,119.477,116.621,115.818,110.088,108.495,106.718,107.366,103.942,109.633,107.457,106.695,102.979,102.745,103.214,99.8339,98.4441,98.422,97.4042,92.9015,97.1673,100.572,99.1751,98.5458,98.2588,98.5552,96.7344,90.4697,92.9335,92.7904,91.7967,93.8362,92.3775,88.0891,94.0029,95.3604,98.3584,96.4769,96.8333,98.3384,98.6474,98.0917,104.656,98.178,97.6975,97.7763,98.8501,98.0799,98.3504,98.6375,100.634,99.8923,101.068,100.128,96.2528,96.3606,94.0105,94.7089,91.43,90.1595,89.5074,86.1396,85.6609,87.7234,84.7074,82.7977,79.5853,81.2579,81.4161,80.5922,82.6794,83.765,83.2438,82.8663,85.7317,86.9357,85.8884,83.9016,83.8581,83.9564,84.2477,84.3694,86.1317,84.7425,84.4847,84.4573,85.2825,85.6607,84.1637,82.1857,80.8052,79.7727,79.753,79.2497,79.5806,81.1031,81.2555,81.42,81.6594,81.153,81.5177,82.1484,83.2288,83.4688,82.1638,81.1547,81.3769,81.9752,82.7994,81.3603,79.9534,79.4778,78.8434,78.4334,78.2332,77.4731,77.0079,77.9302,78.74,79.2964,78.5055,77.4195,77.1493,76.6147,76.6478,76.9399,76.7982,77.2132,76.986,77.5653,77.2913,78.1768,79.8957,80.8655,81.1193,80.6041,79.7214,79.9754,80.8075,80.7156,79.6586,80.1462,78.6224,78.3272,78.3107,78.8317,78.2324,77.4282,78.2832,77.9917,75.7498,76.8964,77.452,76.5484,76.7887,76.6589,76.5758,77.1225,77.4726,79.5522,79.0605,78.5241,78.3962,77.6091,78.1516,78.4105,78.7308,79.1788,77.5473,78.2874,78.7799,79.7181,80.7811,81.6112,81.4279,81.4564,82.033,81.6635,81.326,80.6422,81.3641,80.9975,79.3251,80.2373,-48.75,305,201.25,-73.75,
W_Calibration,100,0,0,95.0422,100,108.876,565.016,99.9909,1.74827e-05,0.00127928,0,0,6504.1, ,100,100,100,100,100,100,100,100,100,100,100,100,100,100,100,100,100,100,100,100,100,100,100,100,100,100,100,100,100,100,100,100,100,100,100,100,100,100,100,100,100,100,100,100,100,100,100,100,100,100,100,100,100,100,100,100,100,100,100,100,100,100,100,100,100,100,100,100,100,100,100,100,100,100,100,100,100,100,100,100,100,100,100,100,100,100,100,100,100,100,100,100,100,100,100,100,100,100,100,100,100,100,100,100,100,100,100,100,100,100,100,100,100,100,100,100,100,100,100,100,100,100,100,100,100,100,100,100,100,100,100,100,100,100,100,100,100,100,100,100,100,100,100,100,100,100,100,100,100,100,100,100,100,100,100,100,100,100,100,100,100,100,100,100,100,100,100,100,100,100,100,100,100,100,100,100,100,100,100,100,100,100,100,100,100,100,100,100,100,100,100,100,100,100,100,100,100,100,100,100,100,100,100,100,100,100,100,100,100,100,100,100,100,100,100,100,100,100,100,100,100,100,100,100,100,100,100,100,100,100,100,100,100,100,100,100,100,100,100,100,100,100,100,100,100,100,100,100,100,100,100,100,100,100,100,100,100,100,100,100,100,100,100,100,100,100,100,100,100,100,100,100,100,100,100,100,100,100,100,100,100,100,100,100,100,100,100,100,100,100,100,100,100,100,100,100,100,100,100,100,100,100,100,100,100,100,100,100,100,100,100,100,100,100,100,100,100,100,100,100,100,100,100,100,100,100,100,100,100,100,100,100,100,100,100,100,100,100,100,100,100,100,100,100,100,100,100,100,100,100,100,100,100,100,100,100,100,100,100,100,100,100,100,100,100,100,100,100,100,100,100,100,100,100,100,100,100,100,100,100,100,100,100,100,100,100,100,100,100,100,100,100,100,100,100,100,100,100,100,100,100,100,100,100,100,100,100,100,100,100,100,100,100,100,100,100,100,100,100,100,100,100,100,100,100,100,100,100,100,100,100,100,100,100,100,100,100,100,100,100,100,100,100,100,100,100,100,100,100,100,100,100,100,100,100,100,100,100,100,100,100,100,100,100,100,100,100,100,100,100,100,100,100,100,100,100,100,100,100,100,100,100,100,100,100,100,100,100,100,100,100,100,100,100,100,100,100,100,100,100,100,100,100,100,100,100,100,100,100,100,100,100,100,100,100,100,100,100,100,100,100,100,100,100,100,100,100,100,100,100,100,100,100,100,100,100,100,100,100,100,100,100,100,100,100,100,100,100,100,100,100,100,100,100,100,100,100,100,100,100,100,100,100,100,100,100,100,100,100,100,100,100,100,100,100,100,100,100,100,100,100,100,100,100,100,100,100,100,100,100,100,100,100,100,100,100,100,100,100,100,100,100,100,100,100,100,100,100,100,100,100,100,100,100,100,100,100,100,100,100,100,100,100,100,100,100,100,100,100,100,100,100,100,100,100,100,100,100,100,100,100,100,100,100,100,100,100,100,100,100,100,100,100,100,100,100,100,100,100,100,100,100,100,100,100,100,100,100,100,100,100,100,100,100,100,100,100,100,100,100,100,100,100,100,100,100,100,100,100,100,100,100,100,100,100,100,100,100,100,100,100,100,100,100,100,100,100,100,100,100,100,100,100,100,100,100,100,100,100,100,100,100,100,100,100,100,100,100,100,100,100,100,100,100,100,100,100,100,100,100,100,100,100,100,100,100,100,100,100,100,100,100,100,100,100,100,100,100,100,100,100,100,100,100,100,100,100,100,100,100,100,100,100,100,100,100,100,100,100,100,100,100,100,100,100,100,100,100,100,100,100,100,100,100,100,100,100,100,100,100,100,100,100,100,100,100,100,100,100,100,100,100,100,100,100,100,100,100,100,100,100,100,100,100,100,100,100,100,100,100,100,100,100,100,100,100,100,100,100,100,100,100,100,100,100,100,100,100,100,100,100,100,100,100,100,100,100,100,100,100,100,100,100,100,100,100,100,100,100,100,100,100,100,100,100,100,100,100,100,100,100,100,100,100,100,100,100,100,100,100,100,100,100,100,100,100,100,100,100,100,100,100,100,100,100,100,100,100,100,100,100,100,100,100,100,100,100,100,100,100,100,100,100,100,100,100,100,100,100,100,100,100,100,100,100,100,100,100,100,100,100,100,100,100,100,100,100,100,100,100,100,100,100,100,100,100,100,100,100,100,100,100,100,100,100,100,100,100,100,100,100,100,100,100,100,100,100,100,100,100,100,100,100,100,100,100,100,100,100,100,100,100,100,100,100,100,100,100,100,100,100,100,100,100,100,100,100,100,100,100,100,100,100,100,100,100,100,100,100,100,100,100,100,100,100,100,100,100,100,100,100,100,100,100,100,100,100,100,100,100,100,100,100,100,
F_Calibration,100,0,0,108.104,100,39.2965,491.07,99.9909,0.000170256,0.00127928,0,0,3000.62, ,100,100,100,100,100,100,100,100,100,100,100,100,100,100,100,100,100,100,100,100,100,100,100,100,100,100,100,100,100,100,100,100,100,100,100,100,100,100,100,100,100,100,100,100,100,100,100,100,100,100,100,100,100,100,100,100,100,100,100,100,100,100,100,100,100,100,100,100,100,100,100,100,100,100,100,100,100,100,100,100,100,100,100,100,100,100,100,100,100,100,100,100,100,100,100,100,100,100,100,100,100,100,100,100,100,100,100,100,100,100,100,100,100,100,100,100,100,100,100,100,100,100,100,100,100,100,100,100,100,100,100,100,100,100,100,100,100,100,100,100,100,100,100,100,100,100,100,100,100,100,100,100,100,100,100,100,100,100,100,100,100,100,100,100,100,100,100,100,100,100,100,100,100,100,100,100,100,100,100,100,100,100,100,100,100,100,100,100,100,100,100,100,100,100,100,100,100,100,100,100,100,100,100,100,100,100,100,100,100,100,100,100,100,100,100,100,100,100,100,100,100,100,100,100,100,100,100,100,100,100,100,100,100,100,100,100,100,100,100,100,100,100,100,100,100,100,100,100,100,100,100,100,100,100,100,100,100,100,100,100,100,100,100,100,100,100,100,100,100,100,100,100,100,100,100,100,100,100,100,100,100,100,100,100,100,100,100,100,100,100,100,100,100,100,100,100,100,100,100,100,100,100,100,100,100,100,100,100,100,100,100,100,100,100,100,100,100,100,100,100,100,100,100,100,100,100,100,100,100,100,100,100,100,100,100,100,100,100,100,100,100,100,100,100,100,100,100,100,100,100,100,100,100,100,100,100,100,100,100,100,100,100,100,100,100,100,100,100,100,100,100,100,100,100,100,100,100,100,100,100,100,100,100,100,100,100,100,100,100,100,100,100,100,100,100,100,100,100,100,100,100,100,100,100,100,100,100,100,100,100,100,100,100,100,100,100,100,100,100,100,100,100,100,100,100,100,100,100,100,100,100,100,100,100,100,100,100,100,100,100,100,100,100,100,100,100,100,100,100,100,100,100,100,100,100,100,100,100,100,100,100,100,100,100,100,100,100,100,100,100,100,100,100,100,100,100,100,100,100,100,100,100,100,100,100,100,100,100,100,100,100,100,100,100,100,100,100,100,100,100,100,100,100,100,100,100,100,100,100,100,100,100,100,100,100,100,100,100,100,100,100,100,100,100,100,100,100,100,100,100,100,100,100,100,100,100,100,100,100,100,100,100,100,100,100,100,100,100,100,100,100,100,100,100,100,100,100,100,100,100,100,100,100,100,100,100,100,100,100,100,100,100,100,100,100,100,100,100,100,100,100,100,100,100,100,100,100,100,100,100,100,100,100,100,100,100,100,100,100,100,100,100,100,100,100,100,100,100,100,100,100,100,100,100,100,100,100,100,100,100,100,100,100,100,100,100,100,100,100,100,100,100,100,100,100,100,100,100,100,100,100,100,100,100,100,100,100,100,100,100,100,100,100,100,100,100,100,100,100,100,100,100,100,100,100,100,100,100,100,100,100,100,100,100,100,100,100,100,100,100,100,100,100,100,100,100,100,100,100,100,100,100,100,100,100,100,100,100,100,100,100,100,100,100,100,100,100,100,100,100,100,100,100,100,100,100,100,100,100,100,100,100,100,100,100,100,100,100,100,100,100,100,100,100,100,100,100,100,100,100,100,100,100,100,100,100,100,100,100,100,100,100,100,100,100,100,100,100,100,100,100,100,100,100,100,100,100,100,100,100,100,100,100,100,100,100,100,100,100,100,100,100,100,100,100,100,100,100,100,100,100,100,100,100,100,100,100,100,100,100,100,100,100,100,100,100,100,100,100,100,100,100,100,100,100,100,100,100,100,100,100,100,100,100,100,100,100,100,100,100,100,100,100,100,100,100,100,100,100,100,100,100,100,100,100,100,100,100,100,100,100,100,100,100,100,100,100,100,100,100,100,100,100,100,100,100,100,100,100,100,100,100,100,100,100,100,100,100,100,100,100,100,100,100,100,100,100,100,100,100,100,100,100,100,100,100,100,100,100,100,100,100,100,100,100,100,100,100,100,100,100,100,100,100,100,100,100,100,100,100,100,100,100,100,100,100,100,100,100,100,100,100,100,100,100,100,100,100,100,100,100,100,100,100,100,100,100,100,100,100,100,100,100,100,100,100,100,100,100,100,100,100,100,100,100,100,100,100,100,100,100,100,100,100,100,100,100,100,100,100,100,100,100,100,100,100,100,100,100,100,100,100,100,100,100,100,100,100,100,100,100,100,100,100,100,100,100,100,100,100,100,100,100,100,100,100,100,100,100,100,100,100,100,100,100,100,100,100,100,100,100,100,100,100,100,100,100,100,100,100,100,100,100,100,
W_3495A2/113_K_None_0.601_SI1,99.39,-1.64488,4.37794,92.6256,98.4307,100.247,570.204,79.1598,0.0395324,0.514783,4.67675,110.592,6180.26, ,300,118.492,122.298,236.187,92.0601,91.7846,92.6425,92.5096,92.7043,92.1861,91.496,91.5728,91.683,91.6682,91.7312,91.1851,91.2606,90.6174,90.4834,91.1561,91.2744,91.1691,90.8542,91.088,91.1046,90.9825,91.5395,91.6996,91.137,91.2209,91.6313,91.7334,90.9049,90.401,90.5258,90.2846,90.0895,90.7816,90.3742,90.275,90.1304,90.5728,90.7449,90.7432,90.515,91.0062,90.6306,90.5597,90.513,90.4337,90.4673,90.8381,89.9714,90.2377,90.2342,89.976,90.0268,89.8995,90.0525,90.0084,90.0143,89.7941,89.9515,89.9341,90.3766,90.5636,90.3962,90.0804,90.1117,89.6571,90.1698,90.056,89.8145,89.5657,89.291,89.425,89.3697,89.0995,89.6398,89.9068,89.8863,89.8085,89.9639,89.8456,89.8121,90.2151,90.4853,90.1745,90.2208,89.9803,90.0485,89.9773,90.5932,90.4888,90.4686,90.6618,90.2117,90.0449,90.2657,90.3507,90.3596,89.8823,89.8887,89.6285,89.2546,89.6646,89.9593,90.3213,90.0064,90.3764,90.7036,90.5953,90.8983,91.0545,90.8626,90.8153,90.418,91.0272,90.8855,90.4995,90.6643,90.7149,90.5918,90.7277,90.717,90.7348,90.6848,90.7297,90.9507,90.8361,90.8325,90.9781,91.0807,91.1171,91.2928,91.0829,90.8867,91.1016,91.7314,91.4963,91.3886,91.4776,91.247,91.0854,91.2176,91.2792,90.9295,90.63,91.0419,91.437,91.4752,91.8781,91.8361,91.5129,91.7322,91.9212,91.8505,91.2503,90.8721,91.068,90.9399,91.1804,91.8338,91.4868,91.602,91.1327,91.5687,91.9522,92.0478,92.034,91.9114,91.2904,91.5054,91.518,92.2548,92.3772,92.0836,91.6794,91.8408,91.5379,91.759,91.684,91.5479,91.1274,90.7685,90.602,90.4511,89.8615,89.7366,89.3439,89.2021,88.826,88.4863,88.1332,87.863,87.301,86.8517,86.3617,86.3678,85.5958,85.2391,85.0179,85.0442,84.8518,84.8287,84.7506,85.0133,84.4472,84.1706,83.9777,83.4179,82.9191,82.7536,82.6626,82.4709,81.9996,81.5395,81.7507,81.6023,81.3015,80.993,80.5717,80.1501,79.8067,79.4492,79.2755,78.6052,78.0643,77.7706,77.335,76.67,75.9793,75.577,74.9334,74.2601,73.5926,72.644,71.7426,70.8503,69.9239,69.0216,67.9738,67.0339,66.0322,64.9589,64.0383,62.9754,61.8848,60.9146,59.8362,58.9142,58.1047,57.7209,57.4916,57.4117,57.3979,57.377,57.2661,57.1192,56.8128,56.4609,56.1769,56.1412,56.3733,56.9558,57.8295,58.8765,59.9873,61.1734,62.4389,63.7469,65.1054,66.4033,67.4702,68.0577,67.9242,67.3283,67.1066,67.6004,68.5198,69.5913,70.8306,72.3504,74.2867,77.0083,80.1866,82.7418,84.4148,85.6116,86.5281,87.3523,87.9819,88.591,89.079,89.4732,89.8746,90.2145,90.5003,90.8437,91.167,91.4385,91.658,91.8771,92.0593,92.1822,92.2681,92.3577,92.4288,92.4381,92.4695,92.5184,92.5622,92.5805,92.6272,92.6625,92.7002,92.7196,92.7716,92.7665,92.7328,92.6772,92.6289,92.51,92.3986,92.3037,92.2281,92.1708,92.1742,92.1941,92.235,92.3484,92.487,92.6562,92.8133,92.9218,92.9971,93.0606,93.1111,93.1465,93.1222,93.1517,93.1516,93.1651,93.243,93.3208,93.4338,93.5325,93.6508,93.7835,93.8791,93.949,93.9593,93.9281,93.8349,93.6631,93.4743,93.2542,93.0139,92.8363,92.752,92.7802,92.8959,93.1497,93.436,93.8242,94.2305,94.6871,95.1138,95.4922,95.8078,96.0642,96.259,96.4663,96.6339,96.8058,96.9287,97.0364,97.1183,97.2186,97.2774,97.3434,97.4108,97.4513,97.4839,97.542,97.5975,97.6464,97.6607,97.7268,97.7643,97.794,97.8128,97.8595,97.8797,97.8966,97.9228,97.9707,97.9646,97.9883,98.0113,98.0588,98.0995,98.1302,98.1325,98.1516,98.1588,98.1945,98.2101,98.2195,98.2379,98.2152,98.226,98.2666,98.2863,98.3003,98.3203,98.3308,98.3385,98.3505,98.3904,98.4046,98.388,98.3956,98.4017,98.4132,98.4117,98.4326,98.4194,98.4089,98.3977,98.4123,98.4226,98.4423,98.4629,98.4734,98.4972,98.5265,98.5608,98.595,98.6134,98.6334,98.6167,98.6012,98.621,98.6127,98.6287,98.6325,98.6242,98.6329,98.6267,98.6735,98.6999,98.7158,98.7312,98.718,98.7043,98.7028,98.7104,98.7185,98.7016,98.687,98.6597,98.6545,98.6546,98.6695,98.6532,98.6528,98.6589,98.6518,98.672,98.6879,98.6958,98.7139,98.7545,98.8062,98.8061,98.8194,98.8525,98.8492,98.8654,98.8729,98.8728,98.8447,98.8472,98.8486,98.8709,98.8516,98.8484,98.8594,98.8646,98.874,98.8641,98.8799,98.8868,98.8584,98.8635,98.8717,98.8617,98.8571,98.8676,98.868,98.8527,98.872,98.899,98.9218,98.9189,98.9326,98.9419,98.9515,98.9691,98.9589,98.9668,98.9379,98.9252,98.9173,98.9246,98.9235,98.9093,98.9114,98.9221,98.9244,98.9338,98.9519,98.9646,98.9585,98.9749,98.9823,98.9733,98.9653,98.9615,98.9535,98.9579,98.9725,98.9716,98.9601,98.962,98.9709,98.9761,98.9693,98.9831,98.9828,98.9825,98.9896,98.9919,98.9934,99.0001,99.0068,99.0399,99.0463,99.0503,99.0557,99.073,99.0829,99.0867,99.095,99.1067,99.1026,99.1115,99.1353,99.1322,99.1104,99.1173,99.1022,99.0978,99.0903,99.0547,99.0407,99.0082,99.0245,99.0544,99.0353,99.041,99.0399,99.0502,99.0699,99.1027,99.0913,99.0766,99.0576,99.0616,99.0704,99.0852,99.0918,99.1118,99.118,99.1416,99.1128,99.1239,99.1476,99.1516,99.1248,99.1142,99.0849,99.061,99.0619,99.1014,99.0841,99.0753,99.0734,99.0825,99.0855,99.1076,99.1098,99.1,99.0786,99.0979,99.0982,99.1252,99.1399,99.1431,99.1286,99.1207,99.1049,99.1138,99.1011,99.1048,99.0903,99.0848,99.1052,99.131,99.1713,99.216,99.2246,99.2296,99.2397,99.2381,99.2599,99.2236,99.2254,99.1961,99.176,99.1701,99.1715,99.1747,99.1643,99.1294,99.1494,99.1192,99.1241,99.1152,99.1056,99.0895,99.1015,99.1104,99.1153,99.1148,99.1298,99.1464,99.1401,99.1769,99.1793,99.1348,99.1325,99.135,99.1571,99.1595,99.1592,99.2003,99.1988,99.2323,99.2652,99.2871,99.3306,99.3494,99.3497,99.3376,99.3242,99.3193,99.327,99.3125,99.3036,99.279,99.228,99.2306,99.2683,99.268,99.293,99.3007,99.2568,99.2509,99.2592,99.3087,99.3191,99.3017,99.3121,99.3491,99.3804,99.4458,99.4351,99.4374,99.4363,99.4508,99.4242,99.4493,99.3871,99.3717,99.3479,99.3652,99.3801,99.3723,99.3352,99.3388,99.3316,99.3083,99.313,99.3141,99.2912,99.2951,99.2895,99.3223,99.3388,99.3216,99.3323,99.314,99.3472,99.3868,99.4047,99.4198,99.417,99.3941,99.3803,99.4167,99.4199,99.4572,99.5018,99.4818,99.4526,99.5104,99.5111,99.5499,99.5595,99.6433,99.6481,99.6585,99.6984,99.7506,99.7331,99.7734,99.7668,99.7527,99.6742,99.6857,99.6792,99.6588,99.6506,99.6884,99.6908,99.653,99.7295,99.7717,99.8789,99.9373,99.9455,99.9485,99.8809,99.8953,100.057,100.026,99.9524,99.7358,99.7698,99.8092,99.7453,99.7606,99.7276,99.7693,99.7578,99.7929,99.8534,99.7776,99.8352,99.8719,99.9173,99.9338,99.8127,99.9391,99.9462,100.042,100.053,99.8768,99.9805,99.9507,99.991,100.088,100.098,100.138,100.047,100.035,100.183,100.118,100.164,100.129,100.218,100.264,100.334,100.352,100.409,100.4,100.517,100.563,100.735,100.685,100.701,100.617,100.674,100.716,100.775,100.8,100.777,100.822,100.729,100.649,100.729,100.861,100.83,100.58,100.416,100.387,100.186,100.305,100.378,100.424,100.229,100.316,100.629,100.708,100.905,101.038,101.01,101.033,101.094,101.296,101.36,101.339,101.364,101.228,101.444,101.434,101.267,101.087,101.026,101.013,101.018,101.07,101.111,101.094,101.093,101.187,101.397,101.426,101.227,101.336,101.596,101.764,101.511,101.52,101.736,101.728,101.661,101.866,101.82,101.404,101.324,101.552,101.521,101.387,101.341,101.503,101.296,101.305,101.749,101.641,101.61,101.944,102.01,102.241,102.299,102.551,102.712,102.519,102.532,102.402,101.959,101.853,101.364,101.056,100.992,100.973,100.916,101.19,101.02,101.56,101.497,101.943,101.879,101.792,101.563,101.232,100.657,100.552,100.322,100.18,100.13,100.151,100.059,99.8935,100.793,101.405,101.589,101.587,101.71,101.666,101.941,101.627,101.846,101.391,101.262,101.248,100.645,100.524,100.154,100.087,100.178,100.269,100.133,99.9405,100.1,100.34,100.33,100.537,100.423,100.619,100.459,100.705,100.485,100.369,100.323,100.522,100.828,100.969,101.138,101.373,101.351,101.682,101.904,102,102.026,101.871,101.924,101.633,101.221,100.81,100.622,100.332,100.402,100.089,99.8592,99.8242,99.8235,99.9625,100.055,100.124,100.112,99.6431,99.6217,99.8153,99.657,99.692,99.5575,99.7154,99.6819,99.5358,99.6371,99.952,99.7604,99.7837,99.8513,99.8285,99.8399,99.9187,100.221,100.467,100.264,100.363,100.152,100.063,100.183,100.008,99.64,99.7167,99.364,99.7721,99.6663,99.7098,99.838,99.4811,99.3471,99.3611,99.2397,99.6969,99.2056,99.2601,99.1627,99.0877,99.3198,99.5543,99.6869,99.7085,99.4515,99.5513,99.4935,99.4948,99.6431,99.8114,99.6846,99.7048,99.8126,100.211,100.444,100.599,100.713,100.828,100.8,100.905,101.373,101.082,100.885,100.45,100.209,100.412,99.8154,99.8924,99.8829,99.5024,99.6928,99.8167,100.029,100.156,100.039,100.595,39.9657,42.8919,-6.79612,146.278,
F_3495A2/113_K_None_0.601_SI1,99.304,4.49827,-16.3916,109.079,98.2109,48.9486,577.027,160.863,0.0565614,-4.32311,16.9976,-74.6543,3021.51, ,25,82.8047,57.0899,71.5177,56.8191,56.2793,55.9079,55.8227,55.8398,55.6232,55.2819,54.5412,54.3577,54.7669,54.7357,54.9184,54.9383,54.9776,55.4921,55.5148,56.0042,56.2243,56.3434,56.9371,57.1802,57.2046,57.4955,56.8873,57.1318,57.3179,56.72,56.6681,56.3674,55.4067,55.5054,55.1079,54.8402,54.6812,54.6285,55.2406,54.9015,55.2433,56.1825,56.7165,57.0241,57.1415,56.8955,56.6659,56.609,57.0354,56.7892,56.8228,56.1947,56.5278,56.773,57.1244,57.7602,57.818,57.2999,57.3457,57.1033,56.9225,56.0745,56.4507,56.3229,55.1296,54.5602,55.4414,55.2896,55.3544,55.834,55.6998,55.3978,55.5654,56.3546,56.5443,56.0901,56.0467,56.1198,55.4978,55.7562,55.8149,55.7408,55.251,55.2936,55.2072,55.0908,54.9143,54.8889,55.2151,54.801,54.9247,55.5948,55.6868,55.5561,55.5323,55.8117,56.1827,55.9464,56.0504,56.1073,55.6636,55.753,55.6244,55.9872,55.6777,55.0846,55.6507,55.7659,55.6801,55.6741,56.016,56.1389,55.9113,56.124,56.9638,56.8784,57.4118,57.422,57.8598,57.4515,57.7923,58.0278,57.9395,57.6726,57.2525,56.7774,56.541,56.4042,56.4748,56.5879,56.6322,56.9539,57.4174,57.4447,57.8286,58.2503,58.5213,58.4899,58.2704,58.3563,58.3036,58.0825,58.3889,58.1974,57.8236,57.5517,57.8058,57.8428,57.7762,57.6959,57.6237,57.3498,57.285,57.3244,57.271,57.2434,57.127,56.9143,56.8952,56.8688,56.8504,56.7782,56.7044,56.3719,56.116,55.9983,56,55.8707,55.8961,55.7718,55.8093,55.8039,56.0731,56.1031,56.1232,56.2412,56.2168,56.1781,56.4454,56.4503,56.6003,56.7412,56.9765,57.1586,57.2172,57.3581,57.2943,57.1742,57.2084,57.1766,57.1692,56.9784,56.9553,56.9845,56.9624,57.052,57.1668,57.3851,57.8573,58.3241,58.8751,59.5147,60.0363,60.4345,60.7587,60.924,60.9599,60.8612,60.6614,60.3652,59.9496,59.52,59.0789,58.6708,58.2763,57.9172,57.5435,57.1662,56.7827,56.3947,55.976,55.5586,55.1098,54.6599,54.1915,53.7314,53.2967,52.8913,52.5141,52.2088,51.917,51.6554,51.4184,51.1751,50.9539,50.7278,50.4836,50.2804,50.0701,49.9479,49.9286,49.9629,50.044,50.2028,50.3601,50.5399,50.6657,50.7188,50.7025,50.6567,50.6294,50.8043,50.9774,51.2769,51.6879,52.2126,52.8872,53.5633,54.1267,54.5236,54.762,54.9483,55.0622,55.2983,55.765,56.3007,57.1812,58.3511,59.8383,61.499,63.3579,65.0819,66.7426,67.8398,69.0109,69.9882,71.2969,72.8911,74.7776,76.5175,78.3767,80.3839,82.9224,85.6301,88.5184,91.3834,93.9527,96.1585,99.2818,102.871,106.549,110.316,114.002,116.712,119.209,121.402,123.216,124.584,125.126,125.273,125.248,125.195,125.733,126.961,128.126,130.001,130.729,131.9,132.753,133.621,133.92,134.187,134.075,133.658,133.013,132.858,132.553,132.689,132.098,132.432,132.77,133.03,133.618,133.963,134.404,134.237,134.097,134.357,134.032,133.564,132.518,131.205,130.305,129.274,129.12,128.454,128.292,128.223,128.066,127.636,127.747,127.723,127.584,127.152,127.014,126.42,125.807,125.485,125.105,124.633,123.945,123.358,122.522,121.393,120.377,119.715,118.573,117.879,117.152,116.441,115.988,115.552,115.44,115.264,114.695,114.603,114.432,114.268,113.74,113.351,112.844,112.313,111.946,111.44,110.998,110.429,109.864,109.949,109.611,109.377,109.119,108.491,108.114,107.772,107.28,106.815,106.186,105.848,105.299,104.848,104.593,104.329,103.957,103.924,103.769,103.371,102.732,102.693,102.366,101.937,101.799,101.349,100.815,100.412,100.164,100.075,99.5537,99.095,98.9428,98.6008,98.4817,98.4906,98.3564,98.2599,98.1635,98.1362,98.2747,98.3457,98.3224,98.0398,97.9697,97.9777,97.7368,97.581,97.6133,97.1925,96.9692,96.6104,96.4632,96.2102,95.8689,95.8958,95.743,95.4971,95.5784,95.6049,95.6314,95.6893,95.7043,95.7177,95.7801,95.6674,95.8174,95.9312,95.8452,96.0114,96.1063,96.1789,96.1967,96.2427,96.2255,96.0635,96.2133,96.2493,96.227,95.9711,95.8975,96.1191,95.9831,96.0083,96.0415,96.0004,95.8787,95.6873,95.7751,95.6515,95.5813,95.5874,95.7357,95.826,95.7187,96.0137,95.9488,96.226,96.5115,96.343,96.2195,96.4355,96.5545,96.4629,96.5385,96.9749,96.9194,96.5953,96.7494,97.3272,97.1193,97.0823,97.4752,97.4133,97.2411,97.0931,97.369,97.464,97.3584,97.6742,97.5576,97.5854,97.4157,97.6488,97.7757,97.7296,97.4653,97.4115,97.3365,97.4426,97.1717,97.1604,97.182,97.2707,97.4845,97.6713,97.7843,97.657,98.025,98.5052,98.6906,98.8606,99.2233,99.0645,99.2216,99.19,99.521,99.4511,99.2764,99.3042,98.878,98.7276,99.0369,99.3468,99.304,99.1698,99.3513,99.6595,99.9276,100.365,100.514,100.677,100.685,101.115,101.016,100.802,100.5,100.717,100.703,100.958,100.762,100.992,100.849,101.191,101.651,101.745,101.849,102.226,101.863,102.568,102.438,102.412,102.578,102.6,102.58,102.652,102.476,103.267,103.178,103.586,104.352,104.363,104.151,104.621,104.838,104.667,104.103,103.956,103.997,103.53,104.002,104.405,104.65,104.399,104.829,104.805,104.745,104.52,104.405,104.15,104.138,104.352,104.486,104.396,104.665,104.565,104.621,105.096,105.453,105.138,105.096,104.941,105.198,105.888,106.657,107.203,107.434,107.225,107.787,107.821,108.33,108.899,108.802,108.838,108.678,108.52,108.328,108.449,108.07,107.865,107.764,107.855,107.859,107.872,108.648,109.396,109.295,109.602,109.564,109.471,109.003,109.08,109.458,108.662,109.025,109.345,109.219,110.087,110.427,111.442,111.465,111.584,111.817,112.006,112.897,112.972,112.855,112.576,112.4,112.838,112.639,112.711,111.662,110.353,112.081,112.004,113.123,112.719,112.883,113.699,113.586,113.564,114.498,113.428,113.195,111.929,112.986,113.625,114.647,115.199,117.023,117.685,118.292,119.232,120.156,120.018,119.877,118.955,119.504,119.685,119.817,118.859,118.32,119.058,119.325,119.26,118.958,118.176,115.92,115.819,116.484,117.253,116.783,116.126,115.595,116.387,116.898,119.064,120.229,120.3,121.237,122.482,124.379,125.206,125.702,127.867,126.896,125.337,125.801,124.397,123.908,123.962,122.296,121.863,120.072,121.179,121.78,122.628,124.626,125.094,126.945,129.639,130.632,131.129,131.408,132.214,130.298,130.318,130.135,127.14,126.853,126.867,127.845,127.075,126.131,128.397,127.626,127.133,125.245,122.84,122.701,123.376,126.251,127.584,127.648,129.182,130.155,135.433,138.832,137.673,138.226,139.786,142.041,144.215,146.508,149.743,148.35,150.954,154.096,155.348,153.866,152.41,150.662,150.543,147.798,147.625,150.429,150.885,155.308,155.497,158.683,165.799,168.507,172.447,174.153,168.721,173.476,172.013,175.362,175.366,170.501,169.214,166.285,169.83,169.825,165.171,160.505,159.794,166.339,172.716,173.689,182.62,183.158,188.852,186.86,189.794,192.72,181.65,177.856,173.907,172.654,168.863,170.622,174.747,174.75,172.408,181.184,176.133,176.584,179.023,184.359,189.654,187.148,190.21,188.423,188.23,205.075,211.621,202.513,201.551,197.443,199.702,195.265,202.466,203.468,195.652,190.417,205.512,201.152,194.259,191.754,190.364,183.255,176.299,178.831,172.963,165.323,160.745,165.341,166.065,161.009,157.333,148.525,147.534,151.949,150.521,150.534,151.507,152.759,158.147,162.136,165.902,161.375,159.603,152.722,149.092,146.657,143.549,139.963,139.01,142.018,141.065,138.64,139.962,138.922,136.446,132.704,136.655,134.195,133.192,132.023,134.059,138.691,140.564,139.807,142.185,138.573,140.182,134.692,135.356,134.983,129.112,126.971,124.932,121.477,120.368,116.932,120.102,122.734,121.506,121.533,125.016,128.373,130.103,127.341,126.309,120.662,116.455,112.328,111.924,111.038,108.118,106.509,107.333,103.257,103.181,99.8155,99.3336,99.3287,92.9382,91.8793,90.2817,88.6838,88.7115,87.2974,86.5069,85.6819,83.192,85.7646,84.636,82.904,80.907,81.632,79.7193,78.8385,78.7475,78.0925,76.6853,75.0368,75.899,75.2488,74.9311,76.4737,77.3655,75.5451,74.1584,73.8779,75.4682,75.0672,73.8554,73.016,72.7707,71.4246,73.4227,74.2012,73.9552,72.3863,72.1535,72.6281,72.444,71.0731,71.9552,70.5502,69.6947,69.3773,70.7193,69.5171,69.6817,69.2577,69.8988,68.6501,68.5616,68.69,69.11,68.17,68.7895,68.3702,67.5516,66.7264,66.1217,66.0876,65.9504,64.4382,63.4271,63.3478,63.074,64.1756,65.3289,65.1552,63.5166,62.6346,61.7889,61.6844,60.0638,59.9847,60.2212,58.2592,58.7666,60.0239,59.0259,60.6363,61.053,61.7514,60.3737,58.9211,59.5796,59.8894,58.6633,59.6258,58.7743,58.9397,58.0059,58.7042,59.2545,59.6026,59.6617,59.6762,60.3311,59.878,60.0583,61.357,61.7956,61.4262,60.6286,59.5952,60.097,60.5417,61.5113,60.6205,60.5392,60.3895,59.9675,61.5754,60.3152,59.6394,59.2748,58.8778,59.1744,58.8512,59.1257,59.5266,58.2258,60.6404,61.2342,60.2699,60.0043,59.3179,58.5595,58.5502,58.4467,58.5105,56.8664,56.7002,107.113,76.7466,-28.9694,71.5177,
W_3495A2/166_K_None_0.501_VVS2,99.467,-1.62477,4.37531,92.823,98.6279,100.456,570.279,79.3825,0.0395172,0.4809,4.66725,110.372,6179.47, ,0,137.696,-60.3774,277.043,93.543,93.6001,93.6729,94.3695,95.0339,94.2696,93.5917,93.8148,94.0172,93.5383,93.3213,92.97,92.6361,91.6568,91.4424,92.1629,92.203,91.6085,91.2431,91.3791,91.1792,91.0331,91.2574,91.7734,91.4679,91.1538,91.0767,91.0902,90.2683,90.3359,90.1454,89.8176,89.0017,89.0931,89.0059,89.3922,89.4726,89.9812,90.131,90.3724,90.4082,91.0962,91.0678,91.1885,90.8146,90.7992,91.3399,91.4315,90.8682,91.2304,90.7699,90.6913,90.779,91.1942,91.4753,90.6674,90.8468,90.6024,90.4826,90.7945,91.019,91.2025,90.8384,90.3492,90.7742,90.2006,90.3954,90.318,90.277,89.8785,89.6017,89.6798,90.0349,89.5468,89.7664,90.3153,90.1342,89.7758,90.0182,89.4348,89.5746,89.1778,89.6197,89.6695,89.4826,89.7487,90.0506,89.9298,90.2824,90.0988,89.9522,89.9557,89.6533,89.6653,89.2884,89.253,88.9715,89.4181,89.4721,89.8619,90.0084,90.5822,90.5391,91.0534,90.8658,91.2624,91.1993,91.4302,91.3292,91.4381,90.8645,91.1803,90.8951,91.2312,91.6802,91.4023,91.2787,91.2861,90.9199,91.2247,90.93,90.5547,90.7423,90.4536,90.6749,90.4504,90.71,90.8694,90.6966,90.9258,91.4324,91.2359,91.0662,91.0896,91.692,91.3756,90.9451,91.2502,91.1682,91.1005,91.099,91.4811,91.4084,91.185,91.5967,92.0181,91.8439,91.7618,91.7986,91.761,91.8504,91.8841,91.8136,91.4818,91.1533,91.3355,91.3063,91.4955,92.074,91.7375,91.9897,91.5052,91.4345,91.9168,92.1478,92.3919,92.2927,91.5716,91.592,91.3015,92.0254,92.5607,92.3867,91.8969,91.6629,91.3139,91.6186,91.4856,91.3513,91.0711,90.4494,90.1388,90.2052,90.0072,90.1334,89.7792,89.4495,89.1341,88.571,88.2887,88.1488,87.6221,87.4147,86.7317,86.6945,86.4353,86.2872,86.2057,86.1797,85.794,85.8556,85.4608,85.399,84.8354,84.4699,84.1421,83.6759,83.157,82.8867,82.5413,82.1864,81.8383,81.2876,81.2532,80.8331,80.4722,80.3475,80.2032,79.6161,79.197,78.7562,78.5763,77.8585,77.6494,77.385,76.7744,75.9349,75.4871,74.9898,74.4081,73.7177,73.3216,72.3324,71.4712,70.4939,69.638,68.7314,67.7043,66.7444,65.7432,64.5477,63.5299,62.3644,61.2613,60.2416,59.0761,58.2357,57.4025,56.9125,56.6583,56.585,56.5813,56.5476,56.4347,56.2866,55.9809,55.581,55.2984,55.2279,55.4199,55.9628,56.7978,57.855,58.9437,60.0796,61.3307,62.6365,63.9962,65.3027,66.4045,67.0168,66.8648,66.2927,66.1265,66.6693,67.6152,68.7623,70.0565,71.6076,73.6644,76.4957,79.7349,82.4285,84.2133,85.5208,86.5523,87.4463,88.1817,88.8241,89.382,89.844,90.2384,90.6427,90.9615,91.3022,91.6479,91.9308,92.1668,92.3776,92.5836,92.7159,92.7951,92.8838,92.9463,92.9835,92.9874,93.0434,93.0539,93.0704,93.1186,93.1515,93.182,93.1611,93.1903,93.1775,93.1133,93.0377,92.9386,92.7831,92.6317,92.5068,92.4323,92.3319,92.3169,92.3414,92.3921,92.5097,92.6449,92.8359,92.9707,93.089,93.1789,93.2523,93.2911,93.3093,93.3038,93.3211,93.305,93.3497,93.4085,93.4852,93.567,93.6709,93.7969,93.9105,93.9978,94.0721,94.0768,94.0497,93.9623,93.7967,93.5667,93.3141,93.0306,92.8584,92.7298,92.7427,92.8506,93.0698,93.3676,93.7583,94.1939,94.7049,95.1309,95.5328,95.8792,96.1392,96.3478,96.5705,96.7542,96.9297,97.052,97.1902,97.2841,97.3577,97.4215,97.5165,97.5718,97.622,97.6512,97.6978,97.7341,97.7823,97.808,97.8483,97.906,97.9448,97.9699,98.0201,98.059,98.0928,98.1177,98.1534,98.1887,98.2056,98.2351,98.2849,98.3022,98.3226,98.3312,98.3474,98.3647,98.3872,98.3976,98.4112,98.436,98.4564,98.4655,98.4991,98.5255,98.5511,98.5665,98.5731,98.5719,98.5718,98.5858,98.5966,98.5913,98.604,98.6018,98.6149,98.6114,98.6252,98.6193,98.6159,98.6333,98.6274,98.6312,98.6374,98.6569,98.6694,98.691,98.7349,98.755,98.7781,98.8025,98.8303,98.8244,98.8295,98.8517,98.848,98.8398,98.8661,98.858,98.8692,98.869,98.8971,98.9124,98.9266,98.94,98.9135,98.8913,98.893,98.8924,98.8944,98.8936,98.8858,98.865,98.8574,98.8798,98.8905,98.8703,98.8751,98.8849,98.8832,98.8784,98.8955,98.8916,98.9137,98.9402,98.969,98.95,98.9366,98.9517,98.9693,98.98,99.0057,98.9962,98.9946,99.009,99.0389,99.0732,99.0782,99.0661,99.0544,99.0738,99.0798,99.0692,99.0645,99.0714,99.0465,99.0517,99.0651,99.0749,99.0502,99.0623,99.0647,99.0652,99.0764,99.0869,99.1107,99.0979,99.1009,99.1025,99.1113,99.1058,99.1172,99.1011,99.083,99.1032,99.1144,99.1231,99.1356,99.1374,99.1675,99.1612,99.1746,99.1772,99.1526,99.1466,99.1472,99.1614,99.1568,99.1428,99.1356,99.1413,99.1578,99.1701,99.1841,99.1877,99.1917,99.2072,99.2228,99.24,99.2585,99.2486,99.2355,99.2384,99.2295,99.2154,99.2128,99.2183,99.2286,99.229,99.2575,99.2636,99.2682,99.2884,99.2959,99.291,99.3053,99.2942,99.2923,99.2879,99.3052,99.3064,99.3092,99.3264,99.3249,99.3113,99.3248,99.3143,99.3149,99.2959,99.3022,99.3173,99.2934,99.2961,99.3014,99.3247,99.3374,99.3507,99.3356,99.3409,99.3108,99.3294,99.3324,99.332,99.3172,99.3365,99.3474,99.3829,99.3581,99.3668,99.3869,99.3898,99.3687,99.3746,99.3542,99.3506,99.331,99.3593,99.3724,99.3576,99.3614,99.3869,99.3871,99.384,99.3674,99.3885,99.3791,99.3905,99.3996,99.4169,99.4308,99.4313,99.4459,99.4465,99.4373,99.4647,99.4574,99.4611,99.458,99.4522,99.4385,99.4394,99.4769,99.5222,99.5153,99.5168,99.5272,99.5255,99.5277,99.5317,99.5375,99.5206,99.4754,99.4699,99.4811,99.4702,99.4574,99.4472,99.4721,99.4437,99.4689,99.4965,99.4955,99.4653,99.4817,99.4749,99.4708,99.4719,99.5257,99.5183,99.5026,99.5492,99.597,99.5761,99.6016,99.6236,99.6358,99.6316,99.6288,99.6604,99.6383,99.636,99.6759,99.6912,99.7041,99.7092,99.7117,99.7242,99.7239,99.7207,99.7413,99.7349,99.7451,99.7606,99.769,99.7669,99.7811,99.7712,99.7909,99.7761,99.7628,99.8042,99.8022,99.809,99.8217,99.8418,99.8437,99.8511,99.883,99.9777,99.9591,99.9518,99.9596,99.9632,99.9065,99.9223,99.9288,99.896,99.8314,99.8129,99.8524,99.8104,99.7759,99.842,99.822,99.8276,99.8513,99.8413,99.8489,99.8397,99.8594,99.9041,99.8968,99.9508,99.9241,99.9787,100.004,100.055,100.062,100.091,100.067,100.043,100.057,100.102,100.031,100.025,100.043,100.011,99.9857,100.075,100.099,100.091,100.054,100.129,100.133,100.177,100.195,100.273,100.242,100.241,100.253,100.247,100.199,100.289,100.206,100.231,100.168,100.178,100.202,100.163,100.176,100.311,100.306,100.321,100.373,100.376,100.335,100.292,100.413,100.452,100.313,100.21,100.289,100.19,100.252,100.312,100.334,100.305,100.255,100.28,100.25,100.089,100.201,100.078,100.113,100.09,100.016,100.137,100.188,100.24,100.344,100.216,100.377,100.306,100.316,100.414,100.452,100.331,100.379,100.262,100.322,100.206,100.163,100.209,100.269,100.321,100.411,100.368,100.625,100.521,100.779,100.975,100.895,100.795,100.866,100.858,100.895,100.903,101.226,101.306,101.018,101.277,101.16,100.968,100.982,101.007,100.973,100.675,100.382,100.419,100.196,100.223,100.335,100.383,100.355,100.348,100.534,100.434,100.666,100.695,100.743,100.769,100.653,100.729,100.723,100.75,101.117,101.072,101.12,101.076,100.992,101.117,100.968,100.939,100.943,100.761,100.723,100.967,101.11,101.105,101.454,101.409,101.338,101.319,101.38,101.575,101.512,101.477,101.456,101.114,101.215,101.433,101.482,101.336,101.506,101.335,101.571,101.553,101.721,101.896,101.747,101.747,102.019,101.619,101.462,101.315,101.413,101.579,101.746,101.798,101.673,101.396,101.671,102.132,102.182,102.059,101.697,101.211,101.23,101.011,100.927,101.266,100.763,100.655,100.729,100.706,100.939,100.647,100.822,100.687,100.344,100.443,100.434,100.08,100.06,99.7524,99.5955,99.2923,99.7787,100.2,99.8501,99.924,100.268,100.194,100.796,100.972,101.396,101.525,101.23,101.551,101.295,101.59,101.583,101.338,101.367,101.28,100.949,100.532,100.602,100.685,100.079,100.251,100.102,100.056,100.264,100.219,100.359,100.138,100.092,100.278,100.478,100.666,100.951,100.786,100.881,101.035,101.352,101.118,101.237,100.977,100.856,100.104,99.9985,99.9288,99.3732,99.224,99.8712,99.5719,99.3779,99.4568,100.068,99.6289,99.5831,99.664,99.5957,98.8566,98.7128,98.9984,98.8874,98.8005,99.0966,99.3898,99.627,99.6047,99.9423,100.315,99.9873,99.9986,99.7067,99.7961,99.6503,99.7856,100.223,100.39,100.177,100.586,100.363,100.681,100.786,100.629,100.605,100.376,100.31,100.331,100.234,100.329,100.413,99.8407,99.9358,99.6962,99.6769,99.6567,99.5771,99.5174,99.2963,98.9374,99.4323,99.4951,99.608,99.4208,99.562,99.7311,99.6133,99.8509,100.215,100.263,100.116,99.911,99.9696,100.125,100.377,100.503,100.502,100.53,100.598,100.607,101.064,101.277,100.742,100.326,100.133,100.509,99.9892,99.8362,99.6929,99.6465,99.894,100.18,100.342,100.573,100.069,100.631,21.9554,88.4569,-341.748,167.404,
F_3495A2/166_K_None_0.501_VVS2,99.5772,4.60187,-19.7687,109.917,98.9105,51.6217,577.707,173.841,0.0630879,-3.68936,20.2973,-76.8958,3059.23, ,50,25.7095,47.6367,92.7235,55.6751,54.87,54.9748,54.9577,55.0724,54.8916,54.3066,53.9606,54.1263,54.3307,54.8513,55.138,55.0867,55.0235,55.5719,55.9672,56.5628,56.2022,56.3213,56.234,55.9685,56.3999,56.8962,55.9595,56.0683,55.3602,55.3063,54.9898,55.0575,54.8602,54.5054,54.0539,54.2716,54.2122,54.5121,54.7732,54.6909,55.0962,55.2119,55.0504,54.9492,55.0962,54.9027,55.4011,56.0296,56.3032,56.3993,56.4973,56.935,56.962,56.4834,56.8942,57.044,56.7428,56.352,55.9569,56.2509,55.7237,56.1438,56.6379,56.1577,55.5726,54.7706,55.0786,54.8712,54.116,54.2237,53.7698,53.4802,53.5919,53.7917,54.4352,54.572,54.6679,55.4364,55.3971,55.5442,55.4919,55.9998,55.5352,54.8363,54.4251,54.5022,54.3273,54.2221,53.7979,54.0314,53.7816,54.3712,54.9476,55.2169,55.0867,54.9917,55.467,55.7681,55.9258,55.7681,55.4849,55.7624,55.7141,55.836,56.114,56.2607,56.7783,56.5468,56.4335,56.7187,56.3967,56.7044,56.5282,56.1862,56.3634,56.1241,56.817,56.9342,56.5862,56.9382,56.7022,57.1472,57.218,57.058,56.874,56.0722,56.1469,56.4129,56.2158,56.5245,56.4751,56.685,56.5955,56.9765,57.8151,58.6352,58.4711,58.7311,58.5848,58.8332,58.82,58.7992,58.6355,58.7092,57.9603,58.1703,58.1446,58.2186,57.9077,57.9238,57.6383,57.5954,57.258,57.2587,57.0446,56.9771,56.5627,56.5334,56.3383,56.5579,56.4121,56.2429,56.3883,56.308,56.1904,56.2954,56.064,55.8996,55.8337,55.7363,55.6646,55.5564,55.5622,55.4969,55.4778,55.5095,55.6421,55.5974,55.792,55.7834,55.9179,56.0081,56.2541,56.3355,56.4602,56.5352,56.5678,56.534,56.6007,56.6005,56.607,56.5537,56.5703,56.471,56.4169,56.4649,56.5821,56.8193,57.1821,57.6011,58.1118,58.7231,59.3729,59.7843,60.0672,60.2655,60.2911,60.1643,59.9271,59.5729,59.1721,58.7273,58.292,57.8889,57.4722,57.1,56.7215,56.337,55.9516,55.546,55.1191,54.6814,54.231,53.772,53.3012,52.838,52.4079,52.0125,51.6446,51.3254,51.0374,50.7569,50.5363,50.2949,50.0896,49.8473,49.6051,49.3836,49.2248,49.122,49.0886,49.1031,49.1984,49.3,49.4786,49.6172,49.767,49.7917,49.7699,49.7375,49.7028,49.781,49.9651,50.2791,50.6849,51.1732,51.7727,52.3622,52.9081,53.3047,53.6502,53.8685,54.0162,54.3504,54.871,55.6255,56.6075,57.7812,59.2826,60.7801,62.5801,64.2036,65.736,66.8943,67.7614,68.9505,70.3363,72.135,74.2704,76.3294,79.0064,81.3781,84.385,87.643,90.771,94.0013,96.9165,99.7694,103.258,106.545,110.58,114.813,118.725,122.107,125.144,127.672,129.564,130.815,131.939,132.297,131.921,132.073,132.458,133.824,135.367,137.66,139.225,140.427,141.205,142.426,143.089,143.557,143.384,142.842,141.899,141.465,140.785,141.121,140.576,140.515,140.692,140.475,140.788,141.229,141.458,141.851,141.686,141.801,141.887,141.319,140.593,139.681,138.566,137.693,137.24,136.446,135.979,135.728,135.628,135.347,135.291,135.018,134.855,134.308,133.961,133.62,132.7,131.888,131.403,130.528,129.91,129.052,127.81,126.279,124.968,124.081,123.112,122.095,121.548,121.045,120.107,119.854,120.097,119.919,119.518,119.186,118.949,118.449,117.789,117.745,117.185,116.684,116.023,115.382,115.069,114.173,113.629,113.569,113.198,112.692,112.279,111.865,111.316,110.622,110.48,109.921,109.169,108.676,108.438,107.895,107.638,107.383,107.095,106.644,106.445,105.92,105.176,104.947,104.484,103.831,103.471,103.044,102.781,102.27,101.944,101.777,101.143,100.708,100.442,100.194,100.096,99.9622,99.9163,99.8504,99.9422,100.039,99.9373,100.109,99.9627,99.6855,99.3444,99.1193,98.8208,98.4079,98.1746,98.1472,97.8771,97.5555,97.4128,97.2414,97.1954,97.4575,97.5194,97.3055,97.1485,97.11,97.1574,97.1879,97.1467,97.0562,96.7154,96.4544,96.7617,96.758,96.906,97.0057,96.9012,97.1312,96.9849,97.2934,97.2074,96.8881,96.9592,96.7946,96.7538,96.6789,96.4592,96.7955,96.5872,96.7499,96.9432,97.031,97.043,96.8985,97.0307,96.9771,96.7958,96.5451,96.5919,96.4412,96.5492,96.4888,96.5281,96.4213,96.6508,96.5345,96.481,96.7164,96.8954,96.5764,96.7651,96.9413,97.0114,96.5733,96.6848,97.1943,97.0598,96.8546,97.1765,97.1125,97.0465,97.236,97.7907,97.992,97.7523,97.8343,97.9971,98.0283,98.0965,98.2412,97.942,97.8078,97.5786,97.5815,97.571,97.8137,97.8443,97.8159,97.8425,98.3687,98.4956,98.4904,98.5512,98.4363,98.6689,98.6699,98.865,98.887,98.7174,98.6746,99.0374,99.2093,99.2998,98.9697,99.1105,98.8899,98.7437,99.0688,99.6368,99.8283,99.8802,99.9332,100.208,100.2,100.25,100.759,100.594,100.446,100.411,100.587,100.594,100.529,100.69,101.078,100.823,101.123,100.842,101.095,101.41,102.111,101.93,102.027,102.359,102.923,102.459,103.259,103.386,103.169,102.773,103.338,103.236,102.986,102.534,103.515,103.265,103.089,103.238,103.562,103.298,103.52,103.811,104.505,103.588,103.328,103.519,103.064,103.02,103.391,103.244,103.277,103.221,103.84,104.047,103.97,104.2,104.281,104.468,104.795,104.731,104.57,104.86,104.819,104.609,105.419,105.62,105.104,104.918,104.928,105.29,105.445,105.855,106.701,106.528,106.533,107.543,107.992,107.96,107.757,107.62,107.958,107.662,107.767,107.695,107.497,107.739,107.981,108.366,108.273,107.951,107.91,108.487,109.231,108.892,108.447,109.514,109.667,108.983,109.536,109.727,109.227,108.774,109.121,109.644,109.192,109.097,110.337,109.768,109.791,110.444,110.877,111.213,110.929,110.551,110.356,110.511,111.156,111.133,110.924,109.945,109.452,110.571,110.83,111.234,111.089,111.327,112.265,112.28,113.282,113.39,112.617,112.324,112.105,112.575,113.368,113.823,114.648,116.112,117.587,118.736,119.806,119.802,120.104,119.899,119.237,117.678,116.431,115.989,115.402,114.574,114.898,114.949,114.619,114.394,115.619,115.723,116.299,115.899,117.045,117.369,117.362,117.002,117.739,117.177,116.65,116.508,116.893,116.419,116.459,117.363,117.503,116.544,117.843,119.266,118.615,118.208,117.829,116.924,115.952,115.209,115.617,115.435,114.414,116.135,116.85,118.606,118.96,120.562,121.97,123.975,121.655,123.13,121.189,120.343,120.802,122.624,121.632,121.292,122,124.693,125.649,125.284,127.064,125.215,125.613,123.874,121.933,119.683,119.354,116.192,115.31,115.1,113.566,111.009,113.111,115.146,116.134,118.633,122.435,124.286,123.315,127.122,130.161,128.036,130.232,128.654,129.047,129.574,129.357,130.035,129.964,127.874,129.988,132.778,133.562,133.005,128.484,130.087,131.857,132.276,131.341,129.05,122.787,126.249,127.178,129.795,130.123,129.492,127.662,128.024,137.286,137.814,133.328,128.635,127.468,129.106,131.897,137.342,145.95,139.807,140.966,139.303,145.262,145.8,141.344,139.807,135.397,131.067,127.655,133.327,136.99,133.452,134.701,141.394,134.26,133.326,132.176,131.864,128.149,125.401,125.424,125.655,119.101,124.825,128.182,125.655,126.224,128.799,124.148,118.951,119.65,127.663,127.768,126.392,131.383,129.729,125.44,134.481,135.123,131.231,123.23,123.053,119.189,119.035,118.025,119.665,115.981,111.58,109.725,106.252,104.234,101.468,100.248,102.694,106.573,106.733,113.695,112.504,114.446,117.462,122.361,114.498,111.051,103.521,100.648,94.3831,95.0878,94.7119,91.5822,88.1775,89.4889,87.4462,86.9591,85.7831,90.6223,90.8682,86.775,88.9559,89.5266,89.7443,90.1189,88.9559,90.3245,90.3362,90.1147,91.6503,87.6664,86.6957,88.9477,89.6657,87.2899,85.3994,83.653,83.3712,85.4786,88.5461,87.9354,86.291,85.0591,84.3156,81.2451,78.6076,78.1905,75.5084,76.6689,74.8123,73.7205,76.0981,79.52,82.7378,83.2291,82.1251,82.8011,81.0715,81.0784,81.4313,75.6786,74.6832,73.9123,72.8765,73.0262,72.3466,69.6419,69.213,67.3564,70.591,71.918,70.4648,68.7244,68.3448,64.9353,65.6011,64.4477,65.1621,64.7603,62.7295,62.4421,64.1074,62.9843,64.7403,66.1474,66.068,66.5229,64.9404,64.5659,64.8869,64.4762,65.5057,65.7788,63.7559,64.8018,63.4191,62.312,61.7303,61.2807,60.4502,59.4048,57.6311,58.5376,57.777,58.9549,60.2641,62.6341,62.7141,62.6995,62.5638,63.8459,63.5643,63.5342,61.668,62.2171,60.6113,59.8108,59.077,58.5148,58.565,58.7117,59.5765,61.132,59.9001,60.0984,60.9239,62.1307,63.7138,63.6688,62.9857,61.6663,61.0987,61.7251,59.6437,58.4168,58.7371,58.5807,57.7052,57.6221,57.7164,57.4944,57.018,59.2082,59.921,58.8527,58.0845,58.6481,58.486,57.6575,57.672,57.7666,57.385,56.638,57.251,57.3668,57.8096,58.9725,59.9813,61.362,60.8997,60.9038,62.1203,62.5667,62.7513,61.6709,59.6278,59.1081,59.1839,59.1251,58.4121,57.9883,57.0269,56.1496,55.9697,57.0533,57.4834,55.9336,57.2746,57.2221,57.0533,56.9618,58.0894,58.2579,58.5214,58.2397,58.8799,57.756,58.2072,57.8418,57.4644,56.5887,57.1285,56.2371,56.917,14.2259,78.6236,-23.9554,17.8794,
W_Calibration,100,0,0,95.0422,100,108.876,565.016,99.9909,1.74827e-05,0.00127928,0,0,6504.1, ,100,100,100,100,100,100,100,100,100,100,100,100,100,100,100,100,100,100,100,100,100,100,100,100,100,100,100,100,100,100,100,100,100,100,100,100,100,100,100,100,100,100,100,100,100,100,100,100,100,100,100,100,100,100,100,100,100,100,100,100,100,100,100,100,100,100,100,100,100,100,100,100,100,100,100,100,100,100,100,100,100,100,100,100,100,100,100,100,100,100,100,100,100,100,100,100,100,100,100,100,100,100,100,100,100,100,100,100,100,100,100,100,100,100,100,100,100,100,100,100,100,100,100,100,100,100,100,100,100,100,100,100,100,100,100,100,100,100,100,100,100,100,100,100,100,100,100,100,100,100,100,100,100,100,100,100,100,100,100,100,100,100,100,100,100,100,100,100,100,100,100,100,100,100,100,100,100,100,100,100,100,100,100,100,100,100,100,100,100,100,100,100,100,100,100,100,100,100,100,100,100,100,100,100,100,100,100,100,100,100,100,100,100,100,100,100,100,100,100,100,100,100,100,100,100,100,100,100,100,100,100,100,100,100,100,100,100,100,100,100,100,100,100,100,100,100,100,100,100,100,100,100,100,100,100,100,100,100,100,100,100,100,100,100,100,100,100,100,100,100,100,100,100,100,100,100,100,100,100,100,100,100,100,100,100,100,100,100,100,100,100,100,100,100,100,100,100,100,100,100,100,100,100,100,100,100,100,100,100,100,100,100,100,100,100,100,100,100,100,100,100,100,100,100,100,100,100,100,100,100,100,100,100,100,100,100,100,100,100,100,100,100,100,100,100,100,100,100,100,100,100,100,100,100,100,100,100,100,100,100,100,100,100,100,100,100,100,100,100,100,100,100,100,100,100,100,100,100,100,100,100,100,100,100,100,100,100,100,100,100,100,100,100,100,100,100,100,100,100,100,100,100,100,100,100,100,100,100,100,100,100,100,100,100,100,100,100,100,100,100,100,100,100,100,100,100,100,100,100,100,100,100,100,100,100,100,100,100,100,100,100,100,100,100,100,100,100,100,100,100,100,100,100,100,100,100,100,100,100,100,100,100,100,100,100,100,100,100,100,100,100,100,100,100,100,100,100,100,100,100,100,100,100,100,100,100,100,100,100,100,100,100,100,100,100,100,100,100,100,100,100,100,100,100,100,100,100,100,100,100,100,100,100,100,100,100,100,100,100,100,100,100,100,100,100,100,100,100,100,100,100,100,100,100,100,100,100,100,100,100,100,100,100,100,100,100,100,100,100,100,100,100,100,100,100,100,100,100,100,100,100,100,100,100,100,100,100,100,100,100,100,100,100,100,100,100,100,100,100,100,100,100,100,100,100,100,100,100,100,100,100,100,100,100,100,100,100,100,100,100,100,100,100,100,100,100,100,100,100,100,100,100,100,100,100,100,100,100,100,100,100,100,100,100,100,100,100,100,100,100,100,100,100,100,100,100,100,100,100,100,100,100,100,100,100,100,100,100,100,100,100,100,100,100,100,100,100,100,100,100,100,100,100,100,100,100,100,100,100,100,100,100,100,100,100,100,100,100,100,100,100,100,100,100,100,100,100,100,100,100,100,100,100,100,100,100,100,100,100,100,100,100,100,100,100,100,100,100,100,100,100,100,100,100,100,100,100,100,100,100,100,100,100,100,100,100,100,100,100,100,100,100,100,100,100,100,100,100,100,100,100,100,100,100,100,100,100,100,100,100,100,100,100,100,100,100,100,100,100,100,100,100,100,100,100,100,100,100,100,100,100,100,100,100,100,100,100,100,100,100,100,100,100,100,100,100,100,100,100,100,100,100,100,100,100,100,100,100,100,100,100,100,100,100,100,100,100,100,100,100,100,100,100,100,100,100,100,100,100,100,100,100,100,100,100,100,100,100,100,100,100,100,100,100,100,100,100,100,100,100,100,100,100,100,100,100,100,100,100,100,100,100,100,100,100,100,100,100,100,100,100,100,100,100,100,100,100,100,100,100,100,100,100,100,100,100,100,100,100,100,100,100,100,100,100,100,100,100,100,100,100,100,100,100,100,100,100,100,100,100,100,100,100,100,100,100,100,100,100,100,100,100,100,100,100,100,100,100,100,100,100,100,100,100,100,100,100,100,100,100,100,100,100,100,100,100,100,100,100,100,100,100,100,100,100,100,100,100,100,100,100,100,100,100,100,100,100,100,100,100,100,100,100,100,100,100,100,100,100,100,100,100,100,100,100,100,100,100,100,100,100,100,100,100,100,100,100,100,100,100,100,100,100,100,100,100,100,100,100,100,100,100,100,100,100,100,100,100,100,100,100,100,100,100,100,100,100,100,100,100,100,100,100,100,100,100,100,100,100,100,100,100,100,100,100,100,100,100,100,100,100,100,100,100,
F_Calibration,100,0,0,108.104,100,39.2965,491.07,99.9909,0.000170256,0.00127928,0,0,3000.62, ,100,100,100,100,100,100,100,100,100,100,100,100,100,100,100,100,100,100,100,100,100,100,100,100,100,100,100,100,100,100,100,100,100,100,100,100,100,100,100,100,100,100,100,100,100,100,100,100,100,100,100,100,100,100,100,100,100,100,100,100,100,100,100,100,100,100,100,100,100,100,100,100,100,100,100,100,100,100,100,100,100,100,100,100,100,100,100,100,100,100,100,100,100,100,100,100,100,100,100,100,100,100,100,100,100,100,100,100,100,100,100,100,100,100,100,100,100,100,100,100,100,100,100,100,100,100,100,100,100,100,100,100,100,100,100,100,100,100,100,100,100,100,100,100,100,100,100,100,100,100,100,100,100,100,100,100,100,100,100,100,100,100,100,100,100,100,100,100,100,100,100,100,100,100,100,100,100,100,100,100,100,100,100,100,100,100,100,100,100,100,100,100,100,100,100,100,100,100,100,100,100,100,100,100,100,100,100,100,100,100,100,100,100,100,100,100,100,100,100,100,100,100,100,100,100,100,100,100,100,100,100,100,100,100,100,100,100,100,100,100,100,100,100,100,100,100,100,100,100,100,100,100,100,100,100,100,100,100,100,100,100,100,100,100,100,100,100,100,100,100,100,100,100,100,100,100,100,100,100,100,100,100,100,100,100,100,100,100,100,100,100,100,100,100,100,100,100,100,100,100,100,100,100,100,100,100,100,100,100,100,100,100,100,100,100,100,100,100,100,100,100,100,100,100,100,100,100,100,100,100,100,100,100,100,100,100,100,100,100,100,100,100,100,100,100,100,100,100,100,100,100,100,100,100,100,100,100,100,100,100,100,100,100,100,100,100,100,100,100,100,100,100,100,100,100,100,100,100,100,100,100,100,100,100,100,100,100,100,100,100,100,100,100,100,100,100,100,100,100,100,100,100,100,100,100,100,100,100,100,100,100,100,100,100,100,100,100,100,100,100,100,100,100,100,100,100,100,100,100,100,100,100,100,100,100,100,100,100,100,100,100,100,100,100,100,100,100,100,100,100,100,100,100,100,100,100,100,100,100,100,100,100,100,100,100,100,100,100,100,100,100,100,100,100,100,100,100,100,100,100,100,100,100,100,100,100,100,100,100,100,100,100,100,100,100,100,100,100,100,100,100,100,100,100,100,100,100,100,100,100,100,100,100,100,100,100,100,100,100,100,100,100,100,100,100,100,100,100,100,100,100,100,100,100,100,100,100,100,100,100,100,100,100,100,100,100,100,100,100,100,100,100,100,100,100,100,100,100,100,100,100,100,100,100,100,100,100,100,100,100,100,100,100,100,100,100,100,100,100,100,100,100,100,100,100,100,100,100,100,100,100,100,100,100,100,100,100,100,100,100,100,100,100,100,100,100,100,100,100,100,100,100,100,100,100,100,100,100,100,100,100,100,100,100,100,100,100,100,100,100,100,100,100,100,100,100,100,100,100,100,100,100,100,100,100,100,100,100,100,100,100,100,100,100,100,100,100,100,100,100,100,100,100,100,100,100,100,100,100,100,100,100,100,100,100,100,100,100,100,100,100,100,100,100,100,100,100,100,100,100,100,100,100,100,100,100,100,100,100,100,100,100,100,100,100,100,100,100,100,100,100,100,100,100,100,100,100,100,100,100,100,100,100,100,100,100,100,100,100,100,100,100,100,100,100,100,100,100,100,100,100,100,100,100,100,100,100,100,100,100,100,100,100,100,100,100,100,100,100,100,100,100,100,100,100,100,100,100,100,100,100,100,100,100,100,100,100,100,100,100,100,100,100,100,100,100,100,100,100,100,100,100,100,100,100,100,100,100,100,100,100,100,100,100,100,100,100,100,100,100,100,100,100,100,100,100,100,100,100,100,100,100,100,100,100,100,100,100,100,100,100,100,100,100,100,100,100,100,100,100,100,100,100,100,100,100,100,100,100,100,100,100,100,100,100,100,100,100,100,100,100,100,100,100,100,100,100,100,100,100,100,100,100,100,100,100,100,100,100,100,100,100,100,100,100,100,100,100,100,100,100,100,100,100,100,100,100,100,100,100,100,100,100,100,100,100,100,100,100,100,100,100,100,100,100,100,100,100,100,100,100,100,100,100,100,100,100,100,100,100,100,100,100,100,100,100,100,100,100,100,100,100,100,100,100,100,100,100,100,100,100,100,100,100,100,100,100,100,100,100,100,100,100,100,100,100,100,100,100,100,100,100,100,100,100,100,100,100,100,100,100,100,100,100,100,100,100,100,100,100,100,100,100,100,100,100,100,100,100,100,100,100,100,100,100,100,100,100,100,100,100,100,100,100,100,100,100,100,100,100,100,100,100,100,100,100,100,100,100,100,100,100,100,100,100,100,100,100,100,100,100,100,100,100,
W_3520A2/160_H_None_0.50_SI1,100.315,-0.649389,1.27626,95.4474,100.818,107.683,568.014,95.2507,0.0111097,0.42653,1.43197,116.968,6415.59, ,0,361.638,-63.1303,67.8977,96.1253,96.7162,95.6345,96.444,96.5304,96.6879,97.027,97.0872,97.6827,97.0923,97.1175,97.605,96.8845,97.2684,96.8445,96.6138,96.8828,96.2727,96.7118,96.787,97.2257,97.6108,97.3246,97.8264,97.975,98.2376,98.108,98.2055,97.5531,97.6781,97.5002,97.5293,97.2947,97.3094,97.3286,97.4696,97.5041,98.2831,97.8677,98.1664,98.3475,98.4651,98.5119,98.3682,98.4388,97.7944,97.2394,97.3244,97.0528,97.1132,96.7872,96.8668,96.6472,96.5841,96.9354,96.9635,96.8065,97.1754,96.9155,97.2142,97.364,97.6012,97.6018,97.6474,97.8383,98.22,97.8881,97.6963,97.9138,97.3057,97.1622,96.9281,96.953,96.572,96.0309,96.0144,96.5086,95.9373,95.7672,95.4367,95.6097,95.3639,95.9398,96.3944,96.5746,96.2671,96.372,96.8525,96.8915,96.823,97.0021,96.947,96.8098,96.8791,96.4536,96.6163,96.5618,96.4147,96.2263,96.5261,96.3807,96.8519,96.8218,97.3322,97.665,97.925,98.2028,98.5959,98.5434,98.2555,97.7381,97.5173,97.2397,96.7727,96.7685,96.8532,96.5236,96.2357,96.7252,96.8627,97.3307,97.3556,97.8616,97.5647,97.5521,97.5752,97.2339,97.1985,97.1175,97.0018,97.0237,96.8121,96.6681,96.6422,96.8589,97.28,97.3053,97.3477,97.6118,97.67,97.9138,98.6652,98.7342,98.7521,99.1255,99.0488,98.9172,97.9313,98.4815,98.1921,97.7893,97.964,97.7875,97.2521,97.1733,97.4268,98.0997,97.7001,97.6796,97.7351,97.5958,97.8144,98.3529,98.2515,98.0139,97.9214,98.0926,98.0388,97.6131,97.1637,97.2823,96.9479,96.756,96.8375,96.8165,96.7364,96.8097,97.0362,97.3985,96.8113,96.5319,96.3207,96.2759,96.0439,95.616,95.4726,95.2045,95.2123,95.4799,95.343,95.4172,94.6924,94.1369,93.8469,93.5656,93.5897,93.3391,93.0408,92.9637,93.0005,93.2493,93.3525,93.4791,93.4673,93.3268,92.9699,92.5941,92.5803,92.2618,92.2372,92.5462,92.4575,92.1661,92.2217,92.0526,92.0312,91.7499,91.8338,91.6638,91.611,91.4065,91.2505,90.8457,90.8311,90.6108,90.3807,90.0542,89.7317,89.2293,88.7171,88.3266,88.0121,87.6433,87.1408,86.5481,86.0117,85.5629,84.87,84.3058,83.687,83.0782,82.4996,81.7891,81.0885,80.3417,79.6101,79.1279,78.8485,78.5776,78.4564,78.4356,78.567,78.6894,78.7674,78.7416,78.5197,78.2299,78.0782,78.0789,78.2714,78.717,79.3407,80.0493,80.8261,81.6371,82.5302,83.4176,84.3197,85.1677,85.8273,86.1478,86.0028,85.5049,85.3168,85.5262,86.0064,86.6005,87.2655,88.0867,89.1888,90.778,92.6549,94.0889,94.9208,95.5064,95.9004,96.2628,96.5704,96.854,97.0768,97.3272,97.5642,97.7586,97.9392,98.1138,98.2943,98.3943,98.5125,98.6443,98.6918,98.7264,98.8025,98.8572,98.8787,98.8945,98.9475,99.011,99.0641,99.1079,99.1417,99.1915,99.2189,99.2883,99.3461,99.3655,99.3884,99.3985,99.3946,99.4282,99.4064,99.4185,99.4066,99.4005,99.4162,99.4242,99.44,99.506,99.5338,99.5843,99.606,99.6402,99.6586,99.6881,99.6976,99.7277,99.7116,99.7192,99.7328,99.7491,99.7613,99.8042,99.8408,99.8728,99.8857,99.9268,99.9668,99.9818,100.019,100.033,100.025,99.9862,99.9561,99.8941,99.8682,99.8302,99.8222,99.8034,99.8316,99.9029,99.9632,100.051,100.172,100.236,100.336,100.421,100.492,100.541,100.567,100.617,100.666,100.703,100.755,100.773,100.785,100.79,100.84,100.862,100.9,100.896,100.892,100.9,100.898,100.921,100.947,100.928,100.919,100.901,100.917,100.93,100.946,100.944,100.93,100.925,100.931,100.918,100.914,100.899,100.894,100.866,100.876,100.879,100.876,100.879,100.845,100.849,100.837,100.834,100.836,100.816,100.813,100.81,100.814,100.831,100.832,100.833,100.832,100.839,100.837,100.845,100.841,100.833,100.846,100.846,100.841,100.836,100.821,100.82,100.813,100.824,100.833,100.843,100.825,100.828,100.847,100.862,100.87,100.871,100.874,100.886,100.873,100.882,100.903,100.884,100.876,100.873,100.875,100.87,100.851,100.834,100.822,100.807,100.81,100.81,100.807,100.81,100.803,100.79,100.82,100.824,100.838,100.834,100.845,100.862,100.844,100.852,100.854,100.847,100.839,100.823,100.832,100.835,100.827,100.851,100.851,100.842,100.856,100.862,100.875,100.869,100.884,100.863,100.864,100.853,100.867,100.87,100.877,100.889,100.893,100.875,100.897,100.877,100.895,100.908,100.896,100.916,100.903,100.931,100.938,100.946,100.969,100.963,100.962,100.98,100.997,100.996,100.975,100.97,100.983,100.978,100.967,100.955,100.942,100.917,100.918,100.949,100.94,100.934,100.932,100.957,100.963,100.951,100.962,100.958,100.944,100.957,100.923,100.939,100.941,100.952,100.951,100.936,100.951,100.936,100.956,100.972,100.966,100.947,100.933,100.912,100.923,100.927,100.906,100.888,100.889,100.87,100.861,100.866,100.877,100.86,100.827,100.828,100.824,100.824,100.817,100.808,100.797,100.784,100.804,100.795,100.801,100.774,100.779,100.765,100.785,100.781,100.793,100.785,100.785,100.794,100.794,100.759,100.767,100.742,100.756,100.745,100.701,100.686,100.659,100.656,100.659,100.63,100.614,100.579,100.579,100.584,100.57,100.565,100.557,100.541,100.554,100.562,100.565,100.574,100.56,100.568,100.564,100.562,100.573,100.53,100.517,100.489,100.461,100.456,100.432,100.41,100.402,100.392,100.389,100.372,100.385,100.372,100.351,100.354,100.342,100.31,100.291,100.32,100.327,100.299,100.297,100.29,100.302,100.305,100.29,100.273,100.24,100.246,100.239,100.198,100.197,100.182,100.185,100.188,100.189,100.184,100.136,100.136,100.15,100.161,100.144,100.099,100.093,100.088,100.093,100.083,100.054,100.044,100.03,100.002,100.033,100.027,100.06,100.048,100.076,100.108,100.087,100.07,100.063,100.057,100.061,99.9996,99.9775,99.9667,99.95,99.9782,99.966,99.9851,99.9614,99.9643,99.9732,99.9875,99.9791,99.9666,99.9755,99.9673,99.9639,99.914,99.8895,99.9103,99.9337,99.9442,99.9379,99.9102,99.9492,99.9582,99.9996,100.006,99.9748,99.9057,99.8349,99.8395,99.8405,99.8617,99.8648,99.8685,99.8537,99.863,99.8813,99.9101,99.9225,99.9132,99.8796,99.8699,99.8592,99.8834,99.9047,99.9742,99.9972,99.9423,99.9409,99.9508,99.9087,99.8986,99.868,99.8129,99.8033,99.7673,99.8239,99.8577,99.8431,99.9199,99.9927,99.9794,100.035,99.9808,100.036,100.053,100.025,100.116,100.038,100.066,100.154,100.15,100.187,100.207,100.14,100.222,100.085,100.184,100.204,100.26,100.24,100.267,100.297,100.379,100.353,100.386,100.387,100.349,100.349,100.38,100.408,100.391,100.406,100.475,100.539,100.532,100.528,100.49,100.419,100.46,100.423,100.453,100.49,100.575,100.684,100.751,100.744,100.88,100.86,100.942,100.935,100.856,100.802,100.785,100.683,100.675,100.522,100.485,100.458,100.355,100.349,100.444,100.39,100.275,100.298,100.339,100.375,100.475,100.687,100.911,100.888,100.948,101.26,101.329,101.516,101.538,101.571,101.459,101.147,101.134,101.074,101.004,100.92,100.862,101.073,100.972,101.092,101.225,101.092,101.088,100.997,100.988,101.328,101.19,101.168,101.05,101.108,101.05,101.235,101.38,101.431,101.283,101.575,101.627,101.544,101.546,101.732,101.559,101.722,101.609,101.488,101.267,101.319,101.44,101.331,101.472,101.59,101.239,101.205,101.329,101.393,101.166,101.197,101.293,101.016,101.12,101.412,101.893,101.912,101.629,101.983,102.022,101.754,102.025,102.274,102.208,101.881,101.756,102.195,102.038,102.036,102.286,101.913,101.576,101.57,101.921,101.817,101.64,101.513,101.563,101.489,102.057,102.301,102.46,102.272,102.296,102.19,102.17,102.25,102.555,102.116,101.851,101.591,101.483,101.66,101.505,101.679,101.481,101.531,101.364,101.798,101.704,102.304,102.327,102.478,102.442,102.505,102.153,102.391,101.856,101.824,101.211,100.815,101.095,100.995,100.957,101.181,101.634,101.424,101.56,101.654,102.159,102.064,102.082,101.843,101.654,101.523,102.039,101.791,101.91,101.561,101.302,101.339,101.734,101.993,101.747,101.353,101.585,101.415,101.513,101.414,101.673,101.833,101.909,101.643,101.433,101.233,101.63,101.571,101.794,101.266,101.249,101.281,101.303,101.254,101.673,101.486,101.928,101.608,102.001,101.875,101.444,101.807,102.005,101.922,102.088,101.923,101.964,101.881,102.018,102.236,102.045,102.11,101.899,101.618,101.182,101.488,101.189,100.893,101.062,101.07,101.292,101.672,101.341,101.806,101.559,101.757,102.066,101.928,102.101,102.131,102.154,102.579,102.107,102.237,102.417,102.305,102.377,101.981,101.853,101.864,101.78,101.94,102.434,102.264,102.118,102.345,102.335,102.707,102.671,102.623,102.486,102.168,102.736,102.561,102.103,102.196,101.839,102.17,101.992,102.14,102.023,101.675,102.118,102.034,102.264,102.514,102.016,102.215,102.414,102.683,102.658,102.412,102.357,102.17,101.754,101.699,101.779,101.599,101.51,101.467,101.435,101.706,101.833,102.122,60.3188,84.1292,127.476,136.08,
F_3520A2/160_H_None_0.50_SI1,100.058,2.09053,-4.67195,109.63,100.151,42.1772,574.019,118.142,0.0210663,-2.96263,5.11834,-65.8933,2976.45, ,180,-1.92837,262.534,194.65,76.9129,78.0128,77.979,77.6346,77.603,77.8945,78.5186,78.6124,78.2882,78.1827,77.7222,78.0874,77.9819,77.7535,77.9429,77.4888,77.2519,77.3636,77.8443,78.1679,78.0094,78.1803,78.198,77.4143,77.736,78.0425,78.4715,78.382,78.2593,78.3519,78.5718,78.514,78.8806,78.5444,78.9317,79.3197,79.4909,79.036,79.1329,78.9747,78.9452,78.7453,78.9337,78.9452,78.2674,77.6853,77.6749,77.0906,76.9576,77.0818,76.7629,76.4466,75.4768,75.8892,76.3603,76.9702,77.1659,77.037,76.8518,77.4523,78.0992,78.7481,78.4377,77.6746,77.2397,77.1482,77.4822,77.7229,77.9949,77.8773,77.5239,77.6865,78.1683,78.0734,78.0044,77.7097,78.194,77.483,76.9459,76.7499,76.7813,76.7109,76.7164,77.1409,77.2872,77.155,77.1253,77.5,78.2511,78.3531,77.8288,78.2571,77.7799,77.9168,77.8283,78.1358,78.1383,77.7283,76.5665,77.3068,76.6245,76.3664,76.5547,76.2471,76.5535,76.7497,76.7607,77.5375,77.6104,78.3294,79.0549,78.6748,78.6412,78.8744,78.4674,77.9534,78.1255,77.8885,77.4757,77.147,77.6454,77.6147,76.6941,77.1295,77.5488,77.6046,77.4001,77.3966,77.6916,77.1022,77.2929,77.8115,77.5445,77.5174,77.6353,77.6135,77.294,76.8443,76.9791,76.6229,76.354,76.3097,76.2585,75.9418,76.1359,76.3821,76.7977,76.7457,76.8064,76.8736,77.2635,77.4993,77.918,77.8309,77.6749,77.5477,77.6817,77.948,77.8946,77.6047,77.3218,76.9946,77.1893,77.3114,77.3836,77.3969,77.2134,77.4031,77.6082,77.8901,78.1322,78.1769,78.0508,78.0739,78.2305,78.4826,78.3745,78.4358,78.5261,78.4255,78.4152,78.6355,78.5157,78.398,78.3495,78.3781,78.2879,78.1133,78.1627,78.107,78.0165,78.0812,78.0828,78.1744,78.4347,78.7651,79.1158,79.5387,79.9123,80.2372,80.6149,80.8298,80.9253,80.8733,80.8081,80.6422,80.4024,80.2079,80.0164,79.8196,79.6158,79.4512,79.2947,79.1186,78.95,78.7689,78.5537,78.3103,78.0391,77.7596,77.4577,77.1388,76.8195,76.5049,76.2178,75.9547,75.7258,75.5336,75.3556,75.1549,74.9791,74.8031,74.6191,74.4411,74.2817,74.1496,74.0237,73.9762,74.0586,74.1287,74.278,74.4221,74.4977,74.5663,74.5768,74.6121,74.5937,74.5057,74.5506,74.6485,74.8908,75.3083,75.7194,76.229,76.6546,77.0871,77.4082,77.7051,77.6811,77.7001,77.6213,77.8241,78.2759,78.7867,79.5366,80.0337,80.9775,81.9805,82.8137,83.8097,84.3798,84.6767,85.0633,85.6865,86.6515,87.3153,88.2509,89.2185,90.1485,90.9721,92.3265,93.6388,94.5058,95.4554,96.1296,97.1964,98.4205,99.947,101.769,103.139,104.162,105.216,106.146,107.111,107.624,107.783,107.452,107.163,106.72,107.037,107.572,108.127,108.94,109.661,110.239,110.64,110.982,111.607,111.534,111.607,111.046,110.618,109.95,109.866,109.986,110.144,110.124,110.489,110.428,111.003,110.956,111.211,111.308,111.396,111.432,111.254,110.665,110.491,110.388,110.095,110.24,109.916,109.386,108.874,108.789,108.783,108.506,108.31,108.458,108.418,107.974,107.995,108.091,107.81,107.763,107.72,107.321,106.928,106.474,106.793,106.658,106.417,106.25,105.728,105.484,105.571,105.571,105.153,104.563,104.117,103.776,103.508,103.484,103.393,102.959,102.668,102.806,102.978,102.933,102.74,102.616,102.772,102.372,102.604,102.621,102.196,101.594,101.526,101.67,101.778,101.45,101.527,101.022,101.098,101.046,101.231,100.932,100.656,100.281,99.9736,99.6645,99.7596,99.3955,99.1824,98.8912,99.1849,99.3424,99.4996,99.4912,99.5147,99.4643,99.4614,99.578,100.08,99.778,99.6497,99.4652,99.6722,99.6988,99.5567,99.4451,99.3752,99.0467,99.154,99.1609,99.2087,98.9292,98.976,99.3972,99.4435,99.3385,99.2352,99.3963,99.1137,98.861,99.024,98.8216,98.4201,98.6048,98.8383,98.9173,98.7825,98.975,99.0551,99.0108,99.2027,99.1984,99.277,99.1027,98.9315,98.727,98.7134,98.9942,98.8409,98.7977,98.7331,98.5613,98.6289,98.9236,99.1762,99.3757,99.1841,99.3644,99.5459,99.4377,99.3758,99.3569,99.1787,99.031,98.8772,98.9661,98.875,98.7852,99.173,98.9678,99.1508,99.2577,99.3104,99.4737,99.3693,99.4003,99.3741,99.2743,99.4539,99.5438,99.3497,99.444,99.4173,99.3486,99.4932,99.5499,99.5647,99.5555,99.3928,99.4442,99.534,99.2006,99.4209,99.6511,99.6288,99.6454,99.7272,99.7052,99.7029,99.6674,100.184,100.499,100.517,100.555,100.545,100.478,100.312,100.77,100.756,100.378,100.3,100.339,100.518,100.731,100.775,101.012,100.928,100.828,101.194,100.945,101.087,101.155,101.377,101.505,101.827,101.676,101.939,101.807,101.697,101.385,101.215,100.908,101.164,100.829,100.664,100.569,100.725,101.126,101.168,101.494,101.812,101.642,102.141,102.558,102.891,102.94,102.954,102.91,102.8,102.681,102.926,102.756,102.816,102.85,102.756,102.626,102.886,103.025,102.824,102.608,102.317,102.114,101.971,102.221,102.162,102.062,101.828,102.122,102.345,102.647,103.08,103.427,103.244,103.561,103.43,103.303,102.54,102.338,102.333,102.399,101.884,102.13,101.886,102.298,102.753,103.463,103.586,104.224,104.302,104.298,104.241,104.936,105.166,105.159,105.437,105.969,105.678,105.129,105.586,105.388,105.501,105.281,104.829,104.914,104.438,104.53,104.984,104.664,105.452,105.403,105.675,106.329,105.872,107.208,111.528,111.941,112.612,112.151,111.361,111.087,111,111.683,110.474,105.325,104.559,104.301,105.188,105.947,106.342,106.736,106.197,106.549,107.887,108.49,109.108,107.41,106.99,106.536,106.402,106.402,105.876,105.041,105.091,104.766,105.737,106.176,107.014,106.877,106.46,107.037,107.265,107.669,108.042,108.166,108.749,109.738,110.371,111.204,111.65,111.517,111.852,111.152,111.241,110.778,109.03,108.741,110.079,109.475,109.639,108.761,109.664,109.882,109.935,110.905,110.127,110.423,110.028,109.464,109.234,108.989,109.113,109.634,110.895,113.114,112.46,113.646,113.252,115.595,116.497,115.832,116.146,113.57,112.195,112.115,110.663,110.596,109.371,107.433,108.888,107.975,110.416,110.712,111.899,114.104,113.804,114.89,116.491,115.826,116.034,117.31,117.423,116.39,117.283,121.201,119.474,120.734,121.064,119.952,116.131,117.021,117.148,117.785,114.833,117.357,116.673,116.607,118.185,119.784,122.05,122.046,122.187,125.899,125.334,123.247,121.81,123.302,124.108,120.959,121.415,118.704,117.522,116.325,119.671,125.248,124.644,126.51,127.208,125.995,130.073,130.923,136.813,137.866,133.838,132.896,132.402,133.229,133.371,133.083,133.008,129.842,128.802,131.219,136.098,138.333,141.201,146.807,144.081,148.85,150.306,156.776,159.4,156.057,154.53,155.342,160.09,162.313,159.616,157.432,154.449,153.567,157.883,156.87,154.077,149.083,150.544,151.509,155.894,153.469,148.047,147.556,149.707,154.08,152.072,149.881,150.046,148.705,155.096,167.48,166.965,164.025,167.103,174.511,175.664,174.611,171.467,165.745,157.798,161.112,160.628,161.65,163.839,161.996,171.205,178.337,181.192,189.472,179.938,182.577,172.36,165.576,171.53,164.115,158.383,157.373,149.444,156.774,152.157,159.181,155.847,154.328,152.28,153.332,149.052,155.196,150.254,154.117,150.455,155.182,156.537,154.063,151.34,157.782,149.205,149.191,143.711,145.404,145.334,148.057,154.328,151.876,149.466,148.874,151.05,154.636,149.453,152.104,146.59,145.659,149.65,145.057,151.076,142.044,142.751,140.674,134.622,133.887,132.288,135.027,133.522,128.34,129.578,132.916,132.457,133.621,132.617,130.827,125.373,128.074,131.621,131.105,124.904,128.175,126.859,128.216,129.798,129.629,131.309,128.114,129.2,130.254,127.275,128.183,132.964,133.497,132.253,125.95,125.917,124.487,126.683,125.125,119.562,113.769,110.133,109.581,108.656,109.686,106.155,104.057,101.658,103.35,100.883,103.196,100.86,100.838,97.7713,98.7365,95.3201,94.846,93.8259,93.9838,90.2564,90.3664,90.1707,91.4081,90.2076,91.4819,93.5249,93.4034,91.3559,89.239,88.4099,87.4199,85.7699,87.3896,86.2901,86.3981,84.8093,85.5561,87.9312,87.6536,87.5179,87.9433,85.6976,86.401,85.2691,85.4536,83.9784,84.1305,84.1252,83.8128,84.6214,85.9075,84.751,84.2071,84.2601,86.0834,86.6533,86.3947,88.0573,85.9936,86.5522,87.7342,87.8401,88.3024,87.3192,85.6991,88.1774,86.4735,86.5653,85.5514,83.6527,83.7193,83.6192,82.8133,83.0039,80.6907,81.3226,81.455,80.764,82.019,81.0806,81.5066,81.4446,80.9718,82.4743,82.0932,81.9554,82.7426,81.5582,81.3597,80.4467,80.7375,80.5024,79.0282,78.7547,78.3154,79.0469,79.3921,79.9709,79.7628,79.6859,79.7651,80.4582,81.7436,80.5801,80.7288,81.1382,81.3406,81.8368,82.0401,82.5909,81.4009,79.3764,81.5791,81.2421,80.7096,81.1115,81.8026,82.2856,81.751,81.9233,81.8723,81.7072,80.4626,79.9714,78.8381,76.9507,76.0829,77.1916,77.4886,77.7343,77.3292,77.3791,78.2043,78.063,78.9555,79.9332,78.7682,79.1421,79.8724,79.8451,74.0395,286.992,73.0849,61.474,
W_1743A2/107_G_None_0.501_VS2,99.9414,-0.56505,1.25448,94.5766,99.8484,106.677,569.024,94.3609,0.0110902,0.295875,1.37586,114.248,6412.1, ,-20,-57.3276,23.8445,-3.69318,95.8172,96.5302,96.8064,97.361,97.7278,97.9343,98.5986,98.5023,99.7372,99.2855,99.5877,99.7147,98.8485,98.9028,98.8855,98.8904,99.6485,98.495,98.9549,98.5336,98.7525,99.5393,99.1188,99.1215,98.4691,98.4968,98.389,98.2773,98.2448,97.9092,97.8679,98.0326,98.0442,98.5052,98.0016,98.1854,98.1499,98.4182,98.6214,98.8715,99.1817,99.1206,99.3833,99.7973,100.1,99.3739,99.1458,99.2365,98.7631,98.5848,98.3497,98.3796,98.1688,97.997,98.8468,98.2201,97.9753,98.0042,97.8185,98.0374,97.7745,97.8557,97.5074,97.0396,97.9355,98.1648,98.1173,98.1308,98.5707,98.6966,98.7623,99.0268,99.1017,98.3555,97.8976,97.5473,97.7356,97.0653,96.9587,96.3938,96.2908,96.2439,96.5468,96.8164,97.2799,97.2166,97.6465,97.4624,97.8611,98.1479,98.4175,98.7628,98.917,99.0041,99.0736,98.7162,98.8192,98.5163,98.0956,97.9235,97.7539,97.6272,97.3065,97.2134,97.4712,97.2821,97.5479,97.6313,97.8496,97.8153,97.8128,98.1304,97.6324,97.5648,98.0598,97.868,97.691,97.414,97.3208,97.2449,97.2758,97.4412,97.8209,97.4684,97.5395,97.4932,97.4988,97.781,98.0314,98.1198,98.0563,97.7734,97.9011,97.7062,98.3867,98.5296,98.3873,97.9266,98.0976,98.2489,98.68,98.8678,99.258,99.0204,99.1803,99.3163,99.5432,98.6683,99.0745,98.6112,98.3612,98.2109,97.699,97.6232,97.416,97.3775,97.6463,97.4757,97.5058,97.8362,97.9698,97.9023,97.8111,97.7373,97.6239,97.8982,97.7159,97.6513,97.3122,96.853,97.2475,96.7938,96.8886,96.9221,96.6754,97.1035,97.0459,96.862,97.0854,96.8124,96.7616,96.4346,96.5562,96.7734,96.356,96.3115,96.1064,96.451,96.4337,96.6221,97.059,96.8465,96.336,96.476,96.3618,96.9631,96.4365,96.3549,96.3051,96.4501,96.3558,96.5408,96.4569,96.6903,96.4007,96.5493,96.3483,96.4237,95.885,96.0563,96.174,96.1052,96.0492,96.2677,95.9269,96.1389,95.8064,95.8497,95.8115,95.7508,95.5575,95.4803,95.0669,95.2,94.876,94.7491,94.7064,94.7144,94.6257,94.5979,94.3337,94.2876,94.1025,93.9627,93.8701,93.6766,93.3512,92.9965,92.7987,92.5269,92.364,92.1881,92.1481,91.9802,91.7819,91.5789,91.5359,91.4539,91.3968,91.3176,91.2428,91.2377,91.2301,91.2506,91.3082,91.2018,91.1581,91.1103,91.1997,91.2826,91.4478,91.6222,91.79,91.9698,92.1802,92.3993,92.616,92.7942,92.9986,93.135,93.2188,93.2452,93.2261,93.2714,93.3519,93.5027,93.679,93.8279,94.0347,94.2659,94.5959,94.9313,95.1779,95.3283,95.4398,95.5032,95.6407,95.7171,95.8141,95.8316,95.895,96.0315,96.1393,96.2871,96.4195,96.4886,96.5589,96.616,96.7366,96.806,96.8759,96.9514,97.0036,97.0452,97.1271,97.1895,97.2852,97.3527,97.4277,97.4632,97.5364,97.5874,97.6442,97.6848,97.7283,97.7634,97.8039,97.8223,97.8711,97.8877,97.9423,97.9686,98.0114,98.0394,98.0846,98.1267,98.1985,98.2333,98.289,98.3143,98.379,98.4211,98.4818,98.5108,98.559,98.5801,98.6319,98.6947,98.7364,98.7696,98.8322,98.8697,98.9219,98.9301,98.9621,98.9875,98.9821,99.0219,99.0546,99.0427,99.046,99.0617,99.0832,99.1156,99.1263,99.178,99.1889,99.2075,99.2241,99.2422,99.2912,99.3432,99.3639,99.4034,99.4101,99.4346,99.4511,99.5119,99.5435,99.5466,99.5528,99.5881,99.5951,99.6083,99.6238,99.6741,99.656,99.6891,99.6824,99.7081,99.7059,99.7394,99.7644,99.7716,99.7443,99.785,99.776,99.8021,99.8171,99.8274,99.8442,99.8301,99.8477,99.8332,99.8089,99.8015,99.8146,99.8018,99.8101,99.7996,99.8036,99.8087,99.8355,99.8236,99.8523,99.8474,99.8566,99.8546,99.8426,99.8709,99.8701,99.8929,99.9088,99.9082,99.8902,99.8838,99.8761,99.8741,99.857,99.8472,99.8273,99.8428,99.8539,99.8624,99.864,99.8639,99.8721,99.8615,99.8691,99.8716,99.862,99.8458,99.8649,99.881,99.8979,99.9075,99.9187,99.9186,99.9236,99.9301,99.927,99.9244,99.9069,99.8813,99.8634,99.8544,99.8533,99.8577,99.8376,99.824,99.8278,99.8269,99.8239,99.8453,99.8525,99.8487,99.8156,99.8373,99.8528,99.8375,99.8401,99.8571,99.8471,99.8361,99.837,99.8587,99.8616,99.871,99.8646,99.8618,99.8779,99.8669,99.8773,99.8967,99.8821,99.8733,99.871,99.9056,99.895,99.909,99.9202,99.9405,99.9274,99.9236,99.9275,99.939,99.9334,99.9585,99.9504,99.9579,99.9421,99.9567,99.995,100.004,99.9916,99.9964,99.9892,100.001,100.001,100.02,100.004,100.004,100.002,100.021,99.9956,100.002,99.9825,99.9986,99.9913,99.9854,99.9663,99.9579,99.9366,99.9498,99.9726,99.9694,99.9454,99.9452,99.9671,99.9831,99.9871,100.017,100.01,100.01,100.033,100.042,100.046,100.047,100.057,100.044,100.036,100.051,100.034,100.026,100.015,100.006,99.9949,99.9829,99.9943,99.9999,100.022,99.9947,99.988,99.9979,99.9857,99.9763,99.9857,99.9836,99.9769,99.9398,99.9639,99.9648,99.9602,99.9815,99.9702,99.9429,99.9421,99.9258,99.9302,99.9187,99.9063,99.9029,99.8791,99.9138,99.9311,99.925,99.946,99.928,99.9498,99.9412,99.9302,99.9391,99.9098,99.9142,99.9196,99.8755,99.8956,99.8644,99.876,99.8899,99.8679,99.8685,99.8402,99.8363,99.8518,99.8301,99.8379,99.8154,99.7984,99.8274,99.8167,99.8182,99.8227,99.8287,99.8427,99.844,99.8479,99.8505,99.8238,99.8253,99.8158,99.8054,99.7676,99.7388,99.7327,99.7425,99.7239,99.7198,99.7042,99.7242,99.7144,99.7362,99.7111,99.6795,99.6509,99.6414,99.6435,99.6486,99.6083,99.6022,99.5986,99.6141,99.6423,99.6294,99.6338,99.6142,99.6355,99.6318,99.6225,99.609,99.6141,99.5962,99.5874,99.5813,99.5897,99.5511,99.5761,99.5791,99.5919,99.5885,99.5638,99.5836,99.5858,99.5813,99.5776,99.5577,99.5722,99.5568,99.5482,99.5778,99.5823,99.6187,99.637,99.6648,99.7123,99.6762,99.6795,99.6828,99.6884,99.6929,99.695,99.6948,99.6869,99.6384,99.6898,99.6842,99.6802,99.6783,99.6783,99.6559,99.6613,99.6869,99.6934,99.6497,99.6479,99.6685,99.6199,99.6156,99.6089,99.5767,99.5671,99.5815,99.5781,99.6028,99.6482,99.6754,99.7011,99.7015,99.6581,99.5912,99.5706,99.5483,99.5701,99.5349,99.5391,99.513,99.5324,99.577,99.5949,99.6275,99.6859,99.6243,99.6262,99.6533,99.6493,99.64,99.7145,99.713,99.6961,99.6748,99.7414,99.6649,99.6333,99.6353,99.6119,99.5537,99.6356,99.6493,99.6405,99.6099,99.7325,99.7642,99.7574,99.8104,99.817,99.8402,99.8508,99.8707,99.9583,99.9101,99.9308,99.9979,100.018,100.007,100.026,99.9488,99.9799,99.9723,100.018,100.042,100.058,100.093,100.124,100.055,100.093,100.088,100.017,100.007,99.9949,100.089,100.049,100.125,100.14,100.088,100.086,100.143,100.098,100.143,100.063,100.05,100.084,100.174,100.397,100.543,100.576,100.622,100.525,100.529,100.573,100.531,100.501,100.412,100.3,100.263,100.358,100.388,100.365,100.325,100.301,100.279,100.174,100.211,100.238,100.238,100.247,100.236,100.126,100.1,100.292,100.349,100.433,100.475,100.412,100.523,100.548,100.69,100.769,100.649,100.679,100.548,100.518,100.554,100.518,100.503,100.527,100.796,100.708,100.886,100.886,100.743,100.711,100.404,100.225,100.262,99.9923,100.124,99.9114,100.006,100.023,100.095,100.401,100.719,100.645,100.684,100.495,100.46,100.559,100.546,100.432,100.544,100.241,100.159,100.076,100.225,100.452,100.374,100.454,100.426,100.296,100.589,100.884,101.158,100.971,100.816,100.632,100.561,100.727,100.787,100.73,100.748,100.604,100.94,100.959,101.089,101.369,101.667,101.917,101.854,101.569,101.555,101.524,101.538,101.597,101.245,100.975,100.651,100.844,100.876,100.878,100.513,100.447,100.184,100.555,100.693,100.785,100.868,100.912,100.964,100.975,101.402,101.903,101.855,101.661,101.546,101.41,101.614,101.355,101.404,101.06,100.943,100.559,100.731,100.678,100.976,100.931,101.293,101.413,101.523,101.25,101.396,101.004,100.822,100.656,100.469,100.483,100.475,100.295,100.492,100.973,101.174,101.08,100.985,101.023,101.202,101.206,100.898,100.876,100.543,100.95,101.352,101.356,101.097,100.655,100.543,101.163,100.984,101.149,100.456,100.318,100.296,100.679,100.787,100.87,100.85,101.088,100.837,101.06,101.094,100.884,100.825,100.685,100.322,100.1,99.7639,99.6946,99.6375,99.7757,100.007,100.111,99.9842,100.492,100.503,100.502,100.677,100.793,100.873,101.071,100.977,100.652,100.571,100.87,100.743,100.671,100.579,100.292,99.9957,99.7356,100.086,99.9507,99.8385,100.232,100.276,100.443,100.768,100.585,100.974,100.994,101.015,100.937,101.045,101.121,101.119,100.95,101.047,101.052,101.079,101.304,101.124,101.096,100.941,100.936,101.078,101.082,100.953,101.221,101.13,101.319,101.11,101.126,101.195,101.081,100.946,100.378,100.347,100.456,100.655,100.493,100.601,100.558,100.715,100.74,101.24,101.02,101.084,100.83,101.049,100.749,100.73,100.911,101.154,101.331,101.553,101.604,101.65,101.913,101.997,101.678,101.49,101.485,101.23,101.208,100.958,100.928,100.574,100.781,101.228,19.0436,15.0281,29.8349,64.4886,
F_1743A2/107_G_None_0.501_VS2,99.4365,0.245816,3.94673,106.694,98.5499,36.4682,581.911,82.6196,0.0499238,-1.4786,3.95438,86.436,2955.42, ,160,5.23416,-27.8237,57.2016,87.2018,87.652,87.9666,88.0027,88.5023,88.7553,88.96,89.2911,89.1467,90.0254,90.0708,90.0427,90.4922,90.9452,91.4452,91.7519,90.7331,90.1508,89.9229,90.2547,90.3759,89.9167,89.0344,88.2272,88.1724,88.8077,90.1412,90.2399,89.4776,89.5552,89.7459,89.6803,89.3943,88.299,87.7624,87.4479,87.8668,87.982,88.1135,88.6016,88.7127,89.6084,90.5571,91.6245,91.3284,90.4917,90.7797,90.4396,89.8954,89.9498,89.6024,89.1544,88.3984,88.2989,88.7845,88.8825,88.9507,88.6951,88.3269,88.5548,88.9792,89.4634,89.3798,89.2562,89.1941,89.0311,88.9713,88.835,89.3408,89.2093,88.6797,88.9014,88.5969,88.6079,88.769,88.8981,89.4005,88.8526,88.7198,88.6209,88.4468,88.6007,88.8076,88.4771,88.8099,89.0597,88.825,88.9163,89.5683,89.5234,89.5494,89.4335,89.5231,89.8501,89.6791,90.1785,90.2193,90.0006,89.4641,89.6725,89.5534,89.5165,89.3551,88.5675,88.093,88.0325,87.8025,87.9692,88.1237,88.1407,88.5292,88.2243,88.4685,89.3333,89.2755,89.2302,90.1415,89.7258,89.7663,89.5597,89.8243,89.9172,88.9773,89.0607,89.0892,88.6318,88.9805,88.9259,88.8941,88.4632,88.853,88.5767,88.4083,88.4114,88.4414,88.2341,88.2313,87.9818,88.1634,87.8981,87.7166,87.8568,87.9505,87.6561,87.8053,87.8849,88.2312,88.1399,88.1881,88.4784,88.836,88.63,88.969,88.7981,88.6357,88.8386,88.7544,89.1644,89.2507,88.8906,88.8543,88.9594,88.9568,88.7826,88.5393,88.6536,88.1731,88.1921,88.4428,88.6146,88.348,88.757,88.9398,88.9646,89.0867,89.2762,89.1787,89.0458,89.1434,89.2642,88.9323,88.9614,88.9491,88.9009,89.0225,88.9413,88.9586,88.948,89.0132,89.1521,89.1584,89.1212,88.9817,88.8209,88.8512,88.9212,88.8931,88.9316,89.0132,88.9192,88.9472,88.9606,89.0049,89.0006,89.0142,88.999,88.9662,88.9738,89.0108,89.0735,89.1035,89.128,89.1701,89.2211,89.2629,89.2995,89.3201,89.335,89.3366,89.3515,89.3604,89.3594,89.3313,89.3186,89.306,89.3118,89.3381,89.3599,89.3838,89.3875,89.4073,89.4355,89.4497,89.4736,89.4821,89.4778,89.4795,89.4837,89.5722,89.5684,89.6238,89.7259,89.8235,89.9177,89.9964,90.0684,90.1479,90.1945,90.356,90.4013,90.4083,90.5719,90.6478,90.7585,90.8151,90.7477,90.852,90.9243,90.8763,90.8363,90.683,90.7364,90.7468,90.6515,90.8661,90.5635,90.6488,90.8622,90.9393,90.8896,90.8676,90.7743,90.8162,90.6135,90.9034,90.7508,90.6274,90.5005,90.9004,90.9593,90.9961,90.8184,91.1556,91.3269,91.0133,91.127,91.1722,91.2645,91.1851,91.1619,91.3545,91.3195,91.284,91.5347,91.5163,91.8479,91.5994,91.6595,91.6612,91.8204,91.7168,91.6273,91.9121,92.0268,91.6858,91.9081,91.9137,92.1856,92.2142,92.6202,92.6185,92.5019,92.5054,92.7638,92.5343,92.6724,92.7727,92.7266,92.4612,92.718,92.4591,92.448,92.4913,92.6175,92.4184,92.3303,92.3427,92.5177,92.587,92.8887,93.3168,93.3214,93.2151,93.3503,93.2583,93.1203,93.0661,92.7063,92.764,92.5038,92.2833,92.5297,92.761,92.9431,93.4137,93.6304,94.0122,94.2159,94.239,94.7356,94.5905,94.4945,94.5892,94.3944,94.3924,94.552,94.3418,94.3294,94.1572,94.3291,94.5654,94.4569,94.4157,94.4679,94.2933,94.5962,94.9468,95.0147,95.1831,94.978,95.2251,95.4995,95.6117,96.0621,96.0266,95.8076,95.7907,95.8599,95.8982,96.0485,96.0782,96.4016,96.2012,96.5384,96.6491,96.913,96.7256,96.8365,96.6697,96.5318,96.2402,96.308,95.9182,95.8304,95.8246,96.1124,96.2992,96.4834,96.6164,96.6263,96.5788,96.5521,96.515,96.7135,96.5526,96.6093,96.5883,96.6792,96.617,96.7304,97.1181,97.2573,97.2388,97.4795,97.4647,97.5224,97.273,97.4931,97.6907,97.6745,97.8019,97.5778,97.7113,97.6775,97.6658,97.9717,97.7014,97.6691,97.546,97.5608,97.6739,97.5038,97.4852,97.4464,97.3879,97.6953,97.5776,97.7932,97.6898,97.6915,97.4674,97.6958,97.7452,97.8973,97.877,97.8857,97.7469,97.881,98.2169,98.5117,98.4422,98.6285,98.4324,98.3224,98.4007,98.5575,98.5565,98.2698,98.2921,98.0555,97.8655,98.0967,98.1032,98.2181,97.9944,98.057,98.153,97.8948,98.2158,98.4265,98.4304,98.5525,98.4324,98.7043,98.8658,98.7208,98.8922,98.9391,98.9328,99.0384,99.2184,99.4249,99.4086,99.4171,99.3757,99.4651,99.5257,99.5405,99.6826,99.892,99.8264,100.034,99.9091,100.001,99.9345,99.7108,99.8991,99.9327,99.787,99.7226,99.4342,99.3678,99.7454,99.9512,100.233,100.132,99.738,99.7285,99.7634,99.6862,99.8345,99.7106,99.8162,99.5418,99.3101,99.7322,99.8335,99.9854,99.7893,100.117,99.985,99.7659,100.027,100.105,99.793,99.5006,99.0165,99.6237,99.0935,98.9811,99.1376,98.6318,98.7637,98.6056,98.6568,99.043,98.652,98.8668,99.1706,99.0254,99.6652,99.6718,99.5176,99.871,99.9137,100.327,100.184,100.152,100.165,99.8612,99.5277,100.002,99.905,99.7561,99.2421,99.2819,99.0816,99.1484,99.2678,99.4297,99.1281,98.9817,99.4212,99.6242,99.7612,100.032,100.311,100.3,100.455,100.492,100.05,99.3029,99.2148,99.6363,99.5531,99.3551,99.5749,99.6037,99.8684,100.379,101.22,101.945,101.398,101.77,101.736,101.546,102.101,101.935,101.883,101.514,101.932,101.975,101.442,101.713,101.631,101.124,100.926,100.656,100.753,99.5612,99.8019,99.9589,99.8662,100.568,100.219,100.632,101.157,100.925,101.445,102.011,101.755,101.594,100.756,101.415,101.459,101.536,102.211,101.526,100.844,100.706,100.42,100.759,100.374,100.916,101.027,100.716,101.486,101.858,102.308,102.947,102.862,102.835,102.459,102.005,101.818,101.614,100.984,101.192,101.606,102.076,101.741,102.315,101.809,101.062,101.294,102.369,102.311,102.24,102.32,103.106,103.064,103.75,103.986,104.055,102.747,102.75,102.848,101.652,101.671,100.816,101.429,102.389,102.642,103.465,102.87,101.988,103.241,103.46,104.096,103.071,102.567,101.692,101.128,102.485,103.344,102.839,103.267,104.409,105.312,107.06,108.13,107.677,108.118,108.334,108.561,108.16,106.35,106.063,105.902,103.967,105.141,102.969,101.828,101.706,101.813,102.748,102.892,102.688,104.744,103.82,106.238,106.685,106.778,106.162,107.99,107.566,106.778,108.326,111.232,111.347,113.393,115.256,116.423,112.28,115.168,115.777,115.26,112.694,113.501,112.896,111.641,113.107,114.502,114.705,113.802,115.039,116.969,115.422,113.076,113.83,112.291,114.954,113.126,113.211,110.313,111.951,114.382,118.838,121.638,120.651,121.494,122.31,123.062,126.833,125.124,125.674,124.365,118.945,120.721,119.534,119.272,120.033,118.609,120.339,120.122,120.167,126.36,130.56,134.908,136.646,138.272,140.961,144.354,146.531,152.832,151.897,146.245,142.164,143.883,145.43,142.136,142.546,139.382,136.211,137.387,141.264,145.993,143.82,146.505,148.203,145.96,147.189,149.688,142.368,143.555,143.912,147.051,143.278,145.933,146.032,145,147.419,163.201,159.559,157.116,159.55,164.458,161.371,161.043,166.256,158.293,153.906,161.501,161.022,163.315,169.846,173.909,177.686,179.727,187.924,192.96,187.083,182.554,176.352,170.656,173.261,173.175,168.353,166.13,159.619,158.852,158.012,158.291,148.966,146.195,142.957,144.303,145.822,146.952,141.477,144.756,146.039,151.318,150.664,148.983,144.06,143.683,139.791,143.957,137.348,138.103,142.561,147.637,154.307,153.474,149.447,151.214,154.214,156.697,157.057,154.13,150.24,151.634,153.691,149.649,153.094,146.983,147.344,142.569,137.91,135.706,130.419,134.257,132.018,125.566,123.315,127.847,127.513,126.076,122.309,124.085,122.234,130.662,132.268,129.782,125.831,124.328,129.782,131.757,130.109,127.953,123.732,125.13,129.514,128.615,128.524,126.919,131.351,131.874,130.691,129.504,129.062,129.583,130.915,129.052,124.216,123.158,123.463,123.095,121.168,121.272,118.575,120.507,119.715,119.814,114.796,113.243,110.967,110.883,107.435,109.21,104.035,102.633,102.386,104.073,103.457,105.03,104.648,105.367,102.752,103.332,105.937,106.212,104.08,103.253,101.805,101.905,101.727,101.981,101.664,99.5333,99.4155,98.3072,99.1689,98.7023,95.9309,97.6767,95.9282,96.3583,97.8322,96.6068,97.3474,96.6638,96.2412,96.6675,95.8616,95.7299,94.7429,95.0854,95.5492,96.1989,97.1245,96.6971,97.9163,97.3021,99.2611,101.11,98.4038,97.9962,98.0257,97.01,99.069,98.4571,96.8353,97.9529,95.5179,96.6572,97.8672,97.4439,94.7909,93.1078,92.8573,92.8932,90.8858,91.8625,91.8867,90.9577,89.9924,92.6539,92.9207,93.1078,93.5665,93.087,90.9851,90.588,89.9824,90.7698,89.667,89.0309,91.002,90.5766,90.7816,91.9208,92.2844,93.0129,92.8913,92.797,93.3722,92.4643,91.3566,92.7254,92.9829,92.157,91.8114,91.3532,91.5381,90.9897,89.9742,92.0736,91.6716,92.0661,92.9863,93.9135,94.1379,94.3383,94.712,94.0647,93.4365,93.3096,93.4597,93.2356,91.9614,92.497,93.2979,92.6602,92.0126,92.4537,91.6182,91.4567,91.0306,92.4005,92.0586,90.3391,91.0894,92.9783,91.6471,26.8951,210.569,78.4679,157.621,
W_Calibration,100,0,0,95.0422,100,108.876,565.016,99.9909,1.74827e-05,0.00127928,0,0,6504.1, ,100,100,100,100,100,100,100,100,100,100,100,100,100,100,100,100,100,100,100,100,100,100,100,100,100,100,100,100,100,100,100,100,100,100,100,100,100,100,100,100,100,100,100,100,100,100,100,100,100,100,100,100,100,100,100,100,100,100,100,100,100,100,100,100,100,100,100,100,100,100,100,100,100,100,100,100,100,100,100,100,100,100,100,100,100,100,100,100,100,100,100,100,100,100,100,100,100,100,100,100,100,100,100,100,100,100,100,100,100,100,100,100,100,100,100,100,100,100,100,100,100,100,100,100,100,100,100,100,100,100,100,100,100,100,100,100,100,100,100,100,100,100,100,100,100,100,100,100,100,100,100,100,100,100,100,100,100,100,100,100,100,100,100,100,100,100,100,100,100,100,100,100,100,100,100,100,100,100,100,100,100,100,100,100,100,100,100,100,100,100,100,100,100,100,100,100,100,100,100,100,100,100,100,100,100,100,100,100,100,100,100,100,100,100,100,100,100,100,100,100,100,100,100,100,100,100,100,100,100,100,100,100,100,100,100,100,100,100,100,100,100,100,100,100,100,100,100,100,100,100,100,100,100,100,100,100,100,100,100,100,100,100,100,100,100,100,100,100,100,100,100,100,100,100,100,100,100,100,100,100,100,100,100,100,100,100,100,100,100,100,100,100,100,100,100,100,100,100,100,100,100,100,100,100,100,100,100,100,100,100,100,100,100,100,100,100,100,100,100,100,100,100,100,100,100,100,100,100,100,100,100,100,100,100,100,100,100,100,100,100,100,100,100,100,100,100,100,100,100,100,100,100,100,100,100,100,100,100,100,100,100,100,100,100,100,100,100,100,100,100,100,100,100,100,100,100,100,100,100,100,100,100,100,100,100,100,100,100,100,100,100,100,100,100,100,100,100,100,100,100,100,100,100,100,100,100,100,100,100,100,100,100,100,100,100,100,100,100,100,100,100,100,100,100,100,100,100,100,100,100,100,100,100,100,100,100,100,100,100,100,100,100,100,100,100,100,100,100,100,100,100,100,100,100,100,100,100,100,100,100,100,100,100,100,100,100,100,100,100,100,100,100,100,100,100,100,100,100,100,100,100,100,100,100,100,100,100,100,100,100,100,100,100,100,100,100,100,100,100,100,100,100,100,100,100,100,100,100,100,100,100,100,100,100,100,100,100,100,100,100,100,100,100,100,100,100,100,100,100,100,100,100,100,100,100,100,100,100,100,100,100,100,100,100,100,100,100,100,100,100,100,100,100,100,100,100,100,100,100,100,100,100,100,100,100,100,100,100,100,100,100,100,100,100,100,100,100,100,100,100,100,100,100,100,100,100,100,100,100,100,100,100,100,100,100,100,100,100,100,100,100,100,100,100,100,100,100,100,100,100,100,100,100,100,100,100,100,100,100,100,100,100,100,100,100,100,100,100,100,100,100,100,100,100,100,100,100,100,100,100,100,100,100,100,100,100,100,100,100,100,100,100,100,100,100,100,100,100,100,100,100,100,100,100,100,100,100,100,100,100,100,100,100,100,100,100,100,100,100,100,100,100,100,100,100,100,100,100,100,100,100,100,100,100,100,100,100,100,100,100,100,100,100,100,100,100,100,100,100,100,100,100,100,100,100,100,100,100,100,100,100,100,100,100,100,100,100,100,100,100,100,100,100,100,100,100,100,100,100,100,100,100,100,100,100,100,100,100,100,100,100,100,100,100,100,100,100,100,100,100,100,100,100,100,100,100,100,100,100,100,100,100,100,100,100,100,100,100,100,100,100,100,100,100,100,100,100,100,100,100,100,100,100,100,100,100,100,100,100,100,100,100,100,100,100,100,100,100,100,100,100,100,100,100,100,100,100,100,100,100,100,100,100,100,100,100,100,100,100,100,100,100,100,100,100,100,100,100,100,100,100,100,100,100,100,100,100,100,100,100,100,100,100,100,100,100,100,100,100,100,100,100,100,100,100,100,100,100,100,100,100,100,100,100,100,100,100,100,100,100,100,100,100,100,100,100,100,100,100,100,100,100,100,100,100,100,100,100,100,100,100,100,100,100,100,100,100,100,100,100,100,100,100,100,100,100,100,100,100,100,100,100,100,100,100,100,100,100,100,100,100,100,100,100,100,100,100,100,100,100,100,100,100,100,100,100,100,100,100,100,100,100,100,100,100,100,100,100,100,100,100,100,100,100,100,100,100,100,100,100,100,100,100,100,100,100,100,100,100,100,100,100,100,100,100,100,100,100,100,100,100,100,100,100,100,100,100,100,100,100,100,100,100,100,100,100,100,100,100,100,100,100,100,100,100,100,100,100,100,100,100,100,100,100,100,100,100,100,100,100,100,100,100,100,100,100,100,100,100,100,100,100,100,100,
F_Calibration,100,0,0,108.104,100,39.2965,491.07,99.9909,0.000170256,0.00127928,0,0,3000.62, ,100,100,100,100,100,100,100,100,100,100,100,100,100,100,100,100,100,100,100,100,100,100,100,100,100,100,100,100,100,100,100,100,100,100,100,100,100,100,100,100,100,100,100,100,100,100,100,100,100,100,100,100,100,100,100,100,100,100,100,100,100,100,100,100,100,100,100,100,100,100,100,100,100,100,100,100,100,100,100,100,100,100,100,100,100,100,100,100,100,100,100,100,100,100,100,100,100,100,100,100,100,100,100,100,100,100,100,100,100,100,100,100,100,100,100,100,100,100,100,100,100,100,100,100,100,100,100,100,100,100,100,100,100,100,100,100,100,100,100,100,100,100,100,100,100,100,100,100,100,100,100,100,100,100,100,100,100,100,100,100,100,100,100,100,100,100,100,100,100,100,100,100,100,100,100,100,100,100,100,100,100,100,100,100,100,100,100,100,100,100,100,100,100,100,100,100,100,100,100,100,100,100,100,100,100,100,100,100,100,100,100,100,100,100,100,100,100,100,100,100,100,100,100,100,100,100,100,100,100,100,100,100,100,100,100,100,100,100,100,100,100,100,100,100,100,100,100,100,100,100,100,100,100,100,100,100,100,100,100,100,100,100,100,100,100,100,100,100,100,100,100,100,100,100,100,100,100,100,100,100,100,100,100,100,100,100,100,100,100,100,100,100,100,100,100,100,100,100,100,100,100,100,100,100,100,100,100,100,100,100,100,100,100,100,100,100,100,100,100,100,100,100,100,100,100,100,100,100,100,100,100,100,100,100,100,100,100,100,100,100,100,100,100,100,100,100,100,100,100,100,100,100,100,100,100,100,100,100,100,100,100,100,100,100,100,100,100,100,100,100,100,100,100,100,100,100,100,100,100,100,100,100,100,100,100,100,100,100,100,100,100,100,100,100,100,100,100,100,100,100,100,100,100,100,100,100,100,100,100,100,100,100,100,100,100,100,100,100,100,100,100,100,100,100,100,100,100,100,100,100,100,100,100,100,100,100,100,100,100,100,100,100,100,100,100,100,100,100,100,100,100,100,100,100,100,100,100,100,100,100,100,100,100,100,100,100,100,100,100,100,100,100,100,100,100,100,100,100,100,100,100,100,100,100,100,100,100,100,100,100,100,100,100,100,100,100,100,100,100,100,100,100,100,100,100,100,100,100,100,100,100,100,100,100,100,100,100,100,100,100,100,100,100,100,100,100,100,100,100,100,100,100,100,100,100,100,100,100,100,100,100,100,100,100,100,100,100,100,100,100,100,100,100,100,100,100,100,100,100,100,100,100,100,100,100,100,100,100,100,100,100,100,100,100,100,100,100,100,100,100,100,100,100,100,100,100,100,100,100,100,100,100,100,100,100,100,100,100,100,100,100,100,100,100,100,100,100,100,100,100,100,100,100,100,100,100,100,100,100,100,100,100,100,100,100,100,100,100,100,100,100,100,100,100,100,100,100,100,100,100,100,100,100,100,100,100,100,100,100,100,100,100,100,100,100,100,100,100,100,100,100,100,100,100,100,100,100,100,100,100,100,100,100,100,100,100,100,100,100,100,100,100,100,100,100,100,100,100,100,100,100,100,100,100,100,100,100,100,100,100,100,100,100,100,100,100,100,100,100,100,100,100,100,100,100,100,100,100,100,100,100,100,100,100,100,100,100,100,100,100,100,100,100,100,100,100,100,100,100,100,100,100,100,100,100,100,100,100,100,100,100,100,100,100,100,100,100,100,100,100,100,100,100,100,100,100,100,100,100,100,100,100,100,100,100,100,100,100,100,100,100,100,100,100,100,100,100,100,100,100,100,100,100,100,100,100,100,100,100,100,100,100,100,100,100,100,100,100,100,100,100,100,100,100,100,100,100,100,100,100,100,100,100,100,100,100,100,100,100,100,100,100,100,100,100,100,100,100,100,100,100,100,100,100,100,100,100,100,100,100,100,100,100,100,100,100,100,100,100,100,100,100,100,100,100,100,100,100,100,100,100,100,100,100,100,100,100,100,100,100,100,100,100,100,100,100,100,100,100,100,100,100,100,100,100,100,100,100,100,100,100,100,100,100,100,100,100,100,100,100,100,100,100,100,100,100,100,100,100,100,100,100,100,100,100,100,100,100,100,100,100,100,100,100,100,100,100,100,100,100,100,100,100,100,100,100,100,100,100,100,100,100,100,100,100,100,100,100,100,100,100,100,100,100,100,100,100,100,100,100,100,100,100,100,100,100,100,100,100,100,100,100,100,100,100,100,100,100,100,100,100,100,100,100,100,100,100,100,100,100,100,100,100,100,100,100,100,100,100,100,100,100,100,100,100,100,100,100,100,100,100,100,100,100,100,100,100,100,100,100,100,100,100,100,100,100,100,100,100,100,100,100,100,100,
W_WG12/11_H_None_0.587_VVS1,100.786,-0.788156,1.60316,96.5328,102.047,108.472,568.304,95.0826,0.0139487,0.488639,1.78642,116.18,6392.32, ,125,1.3245,48.7395,-2.24719,99.0139,99.9884,99.5954,99.7049,99.8146,99.7639,100.601,100.673,100.595,100.795,100.316,100.715,100.69,100.639,100.783,100.213,100.334,99.7268,99.4886,99.3015,98.9287,98.8156,98.8682,98.3157,98.6163,98.5776,98.6535,98.5248,99.1181,99.1448,99.2174,99.2208,99.3844,99.4095,99.0986,99.5014,99.4594,98.6949,98.4384,98.5337,98.391,98.5889,98.3218,98.7582,98.3054,99.2772,99.8677,100.307,100.681,100.593,100.303,99.7892,99.2406,99.4665,98.8217,98.528,98.2987,97.7774,97.8697,97.8527,97.8492,98.2211,98.1211,98.5147,98.1508,97.976,97.9013,97.9291,97.9764,98.3683,98.2563,98.534,97.9895,98.1081,98.7855,98.878,98.764,98.5107,98.2263,98.32,97.9889,97.8729,98.0324,97.3712,97.3209,97.6262,98.2131,98.7612,98.6433,98.9071,98.8637,98.9026,99.4019,99.3562,99.1877,99.0662,98.432,98.7162,98.4163,98.7,98.6919,98.366,98.3345,98.5308,98.1242,98.9961,98.572,98.7547,98.9655,99.0423,99.2216,98.8927,99.029,99.4041,99.0902,99.5359,98.8546,98.0277,98.218,97.8291,98.2956,98.0393,97.6624,97.8613,97.8048,98.8214,99.5528,99.401,99.9682,100.231,100.065,100.437,99.9273,100.092,99.5076,99.4562,99.646,99.2069,98.7982,98.5911,98.6205,98.7297,98.4924,99.0332,98.8381,98.8185,98.845,99.0961,99.5537,99.4772,99.8021,100.022,99.8038,100.009,99.6021,99.5276,99.241,99.2299,99.52,99.2087,98.9744,98.6553,98.7339,99.0228,98.9416,98.8818,98.8617,98.6094,98.6772,98.7795,98.8657,98.4527,98.3846,98.9932,99.0232,99.2881,99.6437,99.6345,99.5211,99.5817,99.8821,99.8376,99.5261,99.531,99.1093,98.5406,98.5131,98.2188,98.223,98.0355,97.9003,97.6181,97.4611,97.4111,97.2089,97.0056,96.9182,97.0921,96.811,96.5017,96.607,96.6591,96.3645,96.2952,96.0364,95.949,95.6195,95.5186,95.378,94.9881,94.7038,94.7039,94.812,94.863,94.8464,94.69,94.8989,95.1257,95.1903,94.9638,94.8319,94.7444,94.4233,94.2211,94.0849,93.6364,93.4006,93.1608,93.1135,92.8915,92.4135,92.1438,91.8441,91.5734,91.0356,90.5247,90.1038,89.7212,89.501,89.2263,88.8939,88.6603,88.2754,88.0179,87.7143,87.4461,87.0762,86.6941,86.6766,86.7319,86.7409,86.8284,86.9327,86.9469,86.8895,86.7949,86.732,86.6497,86.6547,86.8115,87.1193,87.4729,87.9105,88.3888,88.8895,89.3564,89.8603,90.3836,90.8861,91.231,91.4528,91.381,91.1318,91.0567,91.2889,91.5692,91.864,92.1929,92.6468,93.2441,94.1318,95.1311,95.8606,96.2878,96.6305,96.8923,97.0599,97.2184,97.3758,97.4862,97.6495,97.7961,97.9112,98.0296,98.1147,98.2542,98.3843,98.463,98.5405,98.5909,98.6577,98.7144,98.7611,98.8574,98.929,98.9663,99.0084,99.0791,99.1418,99.1737,99.2324,99.3165,99.3481,99.3903,99.4532,99.4828,99.5641,99.6029,99.6444,99.6749,99.6864,99.7523,99.7953,99.8299,99.8971,99.8951,99.9416,99.9883,100.048,100.082,100.116,100.138,100.191,100.217,100.26,100.313,100.375,100.407,100.474,100.524,100.597,100.603,100.664,100.721,100.752,100.781,100.81,100.833,100.856,100.871,100.933,100.925,100.91,100.917,100.916,100.93,100.957,100.999,101.035,101.068,101.128,101.215,101.288,101.359,101.45,101.489,101.534,101.567,101.599,101.66,101.69,101.706,101.721,101.733,101.778,101.792,101.826,101.848,101.861,101.901,101.91,101.938,101.944,101.942,101.941,101.957,101.963,101.977,101.97,102.015,102.036,102.053,102.07,102.077,102.068,102.089,102.094,102.1,102.094,102.094,102.111,102.1,102.136,102.156,102.151,102.146,102.128,102.125,102.127,102.11,102.137,102.142,102.134,102.152,102.142,102.163,102.165,102.159,102.17,102.173,102.141,102.167,102.163,102.17,102.164,102.155,102.166,102.183,102.176,102.179,102.156,102.154,102.166,102.156,102.148,102.16,102.134,102.146,102.16,102.139,102.135,102.119,102.14,102.161,102.155,102.136,102.128,102.116,102.141,102.149,102.15,102.131,102.125,102.099,102.118,102.111,102.13,102.135,102.12,102.129,102.131,102.117,102.109,102.134,102.136,102.121,102.097,102.1,102.099,102.104,102.137,102.154,102.122,102.115,102.113,102.127,102.129,102.145,102.155,102.15,102.141,102.152,102.152,102.155,102.14,102.131,102.076,102.076,102.051,102.069,102.066,102.079,102.061,102.062,102.067,102.105,102.087,102.092,102.09,102.092,102.064,102.092,102.087,102.086,102.07,102.07,102.069,102.064,102.066,102.09,102.077,102.093,102.102,102.107,102.101,102.093,102.089,102.068,102.041,102.057,102.049,102.038,102.043,102.059,102.076,102.096,102.11,102.121,102.129,102.15,102.154,102.163,102.148,102.151,102.126,102.133,102.128,102.097,102.08,102.078,102.074,102.076,102.049,102.07,102.059,102.063,102.063,102.072,102.071,102.062,102.083,102.087,102.061,102.081,102.098,102.101,102.101,102.113,102.123,102.11,102.116,102.143,102.124,102.11,102.139,102.148,102.146,102.149,102.154,102.158,102.165,102.183,102.18,102.163,102.155,102.134,102.131,102.134,102.136,102.132,102.121,102.143,102.147,102.137,102.165,102.171,102.187,102.188,102.17,102.159,102.153,102.17,102.175,102.178,102.182,102.151,102.159,102.159,102.191,102.196,102.182,102.199,102.213,102.23,102.247,102.248,102.266,102.28,102.297,102.329,102.326,102.301,102.31,102.341,102.365,102.364,102.353,102.341,102.309,102.341,102.348,102.337,102.31,102.297,102.327,102.329,102.341,102.338,102.336,102.378,102.352,102.378,102.386,102.383,102.381,102.395,102.402,102.398,102.346,102.38,102.359,102.383,102.356,102.38,102.355,102.377,102.385,102.419,102.425,102.44,102.417,102.447,102.456,102.466,102.468,102.482,102.493,102.485,102.536,102.537,102.535,102.5,102.492,102.522,102.522,102.537,102.539,102.476,102.526,102.521,102.502,102.526,102.519,102.5,102.471,102.528,102.554,102.524,102.564,102.603,102.613,102.604,102.634,102.663,102.617,102.6,102.63,102.603,102.641,102.644,102.654,102.634,102.63,102.661,102.695,102.703,102.719,102.734,102.73,102.744,102.718,102.759,102.727,102.771,102.76,102.74,102.753,102.764,102.756,102.754,102.739,102.786,102.71,102.647,102.699,102.658,102.683,102.671,102.73,102.755,102.789,102.83,102.942,102.932,102.955,102.914,102.898,102.9,102.927,102.873,102.894,102.881,102.917,102.863,102.893,102.924,102.891,102.877,102.817,102.77,102.777,102.775,102.846,102.829,102.837,102.907,102.814,102.844,102.919,102.906,102.897,102.855,102.853,102.868,102.814,102.867,103.013,103.007,103.01,102.935,102.998,103.002,102.968,102.995,102.992,102.947,102.812,102.757,102.748,102.695,102.746,102.774,102.749,102.824,102.719,102.861,102.869,103.033,102.978,103.035,103.024,103.005,102.968,103.019,102.909,103.074,102.932,102.984,102.745,102.804,102.738,102.79,102.87,102.906,102.643,102.726,102.739,102.876,102.966,103.131,103.127,103.123,103.144,103.211,103.305,103.318,103.301,103.202,103.066,103.001,103.084,103.198,103.307,103.371,103.354,103.386,103.517,103.465,103.296,103.117,103.152,103.089,102.894,102.984,103.007,102.992,103.124,103.389,103.691,103.59,103.606,103.495,103.494,103.396,103.197,103.085,103.017,102.735,102.41,102.629,102.641,102.884,102.918,102.794,102.978,102.86,103.077,103.376,103.002,102.965,102.653,102.695,102.897,102.998,103.048,102.792,102.815,102.948,103.096,103.078,102.708,102.593,102.506,102.457,102.517,102.451,102.411,102.386,102.333,102.572,102.774,102.807,103.081,103.328,103.297,103.449,103.191,103.145,103.222,102.961,103.154,102.897,102.67,103.085,103.395,103.635,103.839,103.968,104.154,103.777,103.729,103.518,103.178,102.66,102.848,102.963,102.766,102.924,102.913,102.867,102.738,102.644,102.745,102.577,102.474,102.77,102.51,102.673,102.501,102.293,102.475,102.554,102.278,101.448,101.31,101.37,101.332,101.327,101.433,101.404,101.112,101.353,101.791,101.942,101.352,101.161,101.764,101.971,102.079,102.359,102.32,102.788,102.573,103.298,103.456,102.857,103.146,102.923,102.709,102.544,102.136,102.072,101.968,101.935,102.231,101.736,101.491,101.513,101.793,101.687,101.51,101.915,101.49,101.059,101.035,101.454,101.592,101.682,101.749,101.902,101.234,102.071,102.257,102.758,102.228,102.48,101.959,102.067,102.198,102.032,101.453,101.833,101.55,101.75,101.668,101.9,101.832,101.861,102.528,102.36,101.93,102.411,102.825,102.56,102.578,102.714,102.579,102.2,102.585,103.142,102.742,102.561,102.49,102.552,102.75,103.009,103.212,103.086,103.013,103.125,103.122,103.516,103.411,103.454,103.458,103.583,103.706,103.64,103.632,103.643,103.619,103.979,103.553,103.588,103.2,103.351,103.271,103.375,103.471,103.131,102.909,103.34,103.268,103.564,103.462,103.644,103.703,103.906,103.965,104.208,104.052,104.306,104.402,104.519,104.462,104.469,-6.89655,139.597,200,149.58,
F_WG12/11_H_None_0.587_VVS1,99.9637,0.723995,3.42111,108.472,99.906,37.2786,584.142,85.816,0.0443525,-2.11611,3.49688,78.051,2944.71, ,200,96.6427,-230.081,125.989,87.4406,86.4475,86.3667,85.852,85.5453,85.5608,84.623,84.9097,84.9242,85.0151,85.4634,86.4374,86.4658,86.2157,87.0328,87.285,86.6355,86.6657,86.9391,86.942,85.9972,85.6215,86.0094,85.3718,85.2057,85.2954,84.4959,83.344,83.7084,83.0632,83.7493,84.0177,83.9841,83.983,84.2118,84.1834,85.058,84.3599,84.5763,84.295,84.2069,83.9288,83.7752,83.9108,84.5237,84.6755,84.3623,84.5551,84.6012,84.5989,84.8687,84.955,84.865,84.7693,84.4636,84.8808,85.2453,84.767,84.7487,84.2117,84.0788,84.6238,84.2387,84.4415,84.6413,84.4358,85.3597,85.0981,85.6292,85.7177,85.296,85.9921,85.8248,85.1135,85.5376,85.4041,85.4213,85.4339,84.75,84.5453,84.4908,84.5455,84.9528,84.4502,84.4361,84.7278,84.4664,85.4401,85.5186,84.8076,85.4218,85.2704,85.6203,85.0701,84.3383,84.2896,84.1594,84.2987,84.6211,84.4197,84.5943,84.5842,84.5596,85.1224,85.7099,85.6487,85.8669,85.9003,85.7781,85.8004,85.4271,85.6384,85.4999,84.9657,85.345,85.1944,85.3583,85.177,85.3189,85.4427,85.5139,85.7137,85.4974,85.2409,84.7827,84.6056,84.0917,83.6694,83.1577,82.8882,82.9481,82.5819,82.5864,83.0145,83.0525,83.2335,83.1872,83.1835,83.3997,82.9475,82.9384,82.5667,82.7179,82.6516,82.7598,82.9636,83.367,83.188,83.4827,83.6498,83.8769,83.7715,83.618,83.6842,83.8641,83.8174,83.8232,83.6672,83.9003,84.2364,84.4206,84.71,84.6961,84.7982,84.6546,84.9543,85.2162,85.1703,85.082,85.1404,85.1499,85.4635,85.1897,85.4477,85.4724,85.4139,85.5934,85.7394,85.7421,85.9046,85.6615,85.7939,85.6008,85.4872,85.6192,85.4276,85.4475,85.387,85.2966,85.3147,85.4785,85.5517,85.5945,85.6492,85.732,85.6719,85.8377,85.9555,86.1001,86.1833,86.2441,86.3416,86.3495,86.4194,86.5069,86.4518,86.3264,86.2541,86.183,86.1653,86.1527,86.1537,86.1016,86.032,85.9779,85.93,85.8824,85.8034,85.6819,85.5503,85.4009,85.253,85.0922,84.9588,84.847,84.6986,84.5998,84.5129,84.4071,84.3076,84.2248,84.1763,84.0554,83.9278,83.8383,83.7436,83.7031,83.7061,83.7165,83.806,83.9083,84.0528,84.0909,84.1731,84.1657,84.2334,84.1991,84.201,84.2944,84.3445,84.3696,84.5965,84.7553,85.0682,85.2929,85.6645,85.8179,85.736,85.9245,85.9488,86.1411,86.2555,86.5357,86.7602,87.1275,87.3776,87.7078,87.9496,88.5425,88.7226,88.7093,88.5147,88.408,88.5646,88.9286,89.1028,89.1403,89.1663,89.4013,90.0227,90.5242,91.0943,91.3587,91.435,91.77,92.0145,92.2941,92.8547,92.8562,93.0799,93.4121,93.3956,93.7241,93.8976,94.0973,94.0617,93.6571,94.0194,94.1081,94.2475,94.4273,94.6617,94.5814,94.3644,94.8456,94.9553,94.8832,95.0053,95.0863,95.1777,95.2,95.2763,95.3514,94.9916,95.0668,95.1038,95.0572,94.8189,94.5616,94.4767,94.5448,94.5936,94.6034,94.407,94.3591,94.6011,94.9256,95.3658,95.2854,95.4453,95.4281,95.4549,95.6257,95.7091,95.5594,94.9661,94.6568,94.6816,94.6554,94.7603,94.8856,95.0872,94.9366,95.0096,95.4903,95.715,95.587,95.7721,95.7147,95.6761,95.4705,95.5025,95.2665,95.3774,95.4071,95.4131,95.0553,94.9019,95.2016,95.4284,95.4974,95.8408,95.6229,95.8476,95.9862,95.9559,95.8368,95.5829,95.3881,95.6295,95.4487,95.4012,94.9674,95.2003,95.4128,95.855,96.1688,96.548,96.4181,96.4974,96.716,97.0916,97.0812,97.0509,96.9147,96.8117,96.9777,96.8398,96.9341,96.933,96.8443,96.9692,97.1883,97.3535,97.2854,97.1833,97.4003,97.5729,97.7552,97.7848,97.6692,97.5163,97.6946,97.84,97.7542,97.9421,98.0089,98.0624,98.4109,98.4382,98.5406,98.6359,98.8211,98.8693,98.9175,98.483,98.6552,98.3433,98.4093,98.3233,98.1867,98.0052,97.9953,97.695,98.0599,97.8319,97.8407,98.1118,98.3879,98.2466,98.2354,98.3134,98.7362,98.7551,98.8871,98.9902,98.959,98.9771,99.4735,99.708,99.7731,99.6768,99.5301,99.5494,99.5424,99.3174,99.3808,98.9489,98.6632,98.6503,98.606,98.9099,98.8949,98.9736,99.2119,99.2246,99.4674,99.7558,100.005,99.9121,99.9117,99.7516,99.5694,99.48,99.705,99.8879,99.8654,99.6803,99.9151,99.8582,100.147,100.394,100.189,100.046,99.8256,99.7954,99.7764,99.8103,99.7558,99.629,99.7163,100.091,99.9321,100.203,100.36,100.369,100.328,100.35,100.423,100.296,100.415,100.385,100.058,100.039,100.146,100.006,100.345,100.115,100.116,99.9578,100.195,100.077,100.127,100.021,100.172,99.9848,100.306,100.441,100.408,100.179,100.603,100.792,100.807,101.048,100.955,101.051,101.247,101.226,101.257,101.221,101.025,100.832,100.39,100.429,100.173,100.008,100.292,100.502,100.444,100.745,101.184,101.263,101.375,101.559,101.808,101.509,101.265,101.403,101.108,101.122,101.585,101.74,101.529,101.127,101.318,101.558,101.576,101.703,101.724,101.578,101.459,101.652,101.736,101.707,101.729,101.854,101.889,102.112,101.997,101.739,101.868,102.129,102.048,102.019,101.829,101.83,101.336,101.771,101.714,101.803,101.721,101.837,102.372,102.32,102.638,103.591,103.375,104.363,103.778,103.64,103.268,103.044,103.549,103.659,103.097,103.081,102.554,103.316,103.758,103.989,103.399,103.079,102.357,102.276,102.249,102.453,101.841,101.333,101.771,102.108,101.414,101.292,101.52,101.519,100.872,101.585,102.32,102.9,103.461,104.273,104.671,105.16,104.966,105.572,105.846,105.619,105.14,104.618,104.595,105.068,104.194,104.762,105.259,105.499,105.961,105.931,105.868,106.7,106.248,105.62,105.861,105.359,104.778,104.215,104.184,104.418,103.693,103.846,104.918,104.646,104.5,104.696,105.277,105.718,106.061,106.652,106.324,106.672,106.218,106.374,106.576,106.916,105.836,106.723,107.1,107.788,107.504,107.947,107.851,106.307,105.579,106.599,105.739,105.403,106.546,107.088,107.014,108.462,110.596,110.381,109.281,108.723,108.098,106.788,105.607,106.657,106.104,105.902,105.502,106.263,106.231,105.998,105.113,105.169,104.037,104.396,103.809,104.359,103.521,104.16,104.82,105.52,106.516,107.3,107.625,107.679,108.267,110.308,110.62,109.69,110.689,111.883,111.943,109.168,110.046,110.09,110.817,109.065,109.407,108.952,107.396,106.823,109.764,109.438,107.74,106.052,107.626,108.23,108.5,108.728,108.511,107.64,106.638,106.124,105.132,105.52,106.825,108.553,109.582,110.56,109.259,110.535,111.517,112.23,114.047,113.301,111.414,110.711,111.833,111.081,110.102,111.398,112.611,111.778,111.144,112.726,114.446,111.991,115.145,117.667,120.472,121.758,121.621,123.096,123.889,119.397,121.759,123.73,121.326,119.111,119.474,121.375,123.135,123.019,127.74,125.137,123.244,123.679,126.442,124.564,122.648,120.781,119.158,120.178,120.315,118.349,118.235,118.978,114.133,113.386,111.866,108.98,105.661,108.477,108.862,109.258,103.51,108.397,110.151,112.911,113.876,113.2,114.952,118.314,118.472,122.762,126.343,127.529,127.1,127.879,128.7,122.765,116.46,114.728,118.099,114.331,111.866,115.626,115.972,119.834,121.951,126.591,127.788,123.178,125.43,123.113,115.846,115.917,110.575,111.405,106.977,107.989,105.202,105.057,104.509,105.396,108.728,117.263,121.196,124.663,118.827,124.89,120.087,128.851,126.95,119.569,114.271,109.539,105.995,109.326,105.831,109.177,102.69,107.454,108.443,104.788,107.06,110.337,113.453,111.091,110.526,112.886,110.779,105.697,111.443,108.722,107.725,105.311,106.993,108.72,105.916,102.586,108.059,105.956,103.999,106.505,105.588,105.2,99.9656,101.716,109.909,107.294,107.563,112.308,107.169,106.931,107.024,106.534,105.82,100.596,101.548,97.481,94.5897,97.8521,97.2961,96.4882,98.1929,98.5068,98.5024,96.3052,98.2892,100.54,98.5972,98.063,98.8722,99.4271,97.0045,95.7469,97.8489,99.1745,96.8697,96.2489,96.0496,96.1442,96.1988,96.9574,97.2219,94.827,92.9806,94.1525,93.6472,93.1464,93.3078,94.2617,92.8329,91.1061,90.2817,88.9556,86.6413,86.7145,88.4793,86.3799,86.2377,87.8312,87.5654,88.8068,91.0793,90.2982,90.7518,89.3965,88.2859,85.3149,84.0601,84.3572,84.4654,83.8203,84.5846,83.4548,85.3784,87.4055,86.6635,85.6949,86.6166,85.3417,84.9538,85.1346,86.0213,84.4002,83.7623,85.4033,87.0659,86.8892,87.7364,86.7975,87.4033,87.591,86.4924,87.4175,88.009,87.2885,87.8143,87.4175,89.346,86.8365,86.0323,86.8607,86.3292,85.5691,87.2181,87.3834,88.1355,86.4536,87.2419,86.426,85.4818,84.8008,85.4654,84.1621,82.8707,82.3015,81.6269,82.6378,84.1136,84.754,84.6139,83.3644,83.7177,83.6197,82.8866,83.4288,84.0027,83.8606,83.8451,85.1799,85.7122,84.1796,84.5921,85.8074,86.4815,85.8613,86.6192,87.9544,86.7222,86.2477,87.7026,87.7736,87.5329,87.6395,87.3211,86.3233,84.55,86.0832,85.9792,85.8977,86.4415,86.6952,86.4127,86.8642,86.285,87.8956,86.8004,87.3471,87.2431,88.2916,88.0153,87.873,89.2327,90.7861,89.9866,89.8185,89.8752,88.5257,87.4576,87.7488,88.1402,85.9522,-42.3868,-34.9593,122.222,103.31,
W_3492A2/14_H_None_0.544_VVS1,100.948,-1.08111,2.5272,96.7657,102.471,107.424,569.374,91.5068,0.0222572,0.503383,2.74874,113.161,6321.18, ,12.5,86.5894,192.647,-113.202,96.6338,96.7207,96.5811,96.2493,96.4456,96.2453,96.5542,96.4743,96.6875,97.0162,96.8906,97.1388,97.0634,97.2653,97.3096,97.0676,96.9588,96.69,96.5682,96.0206,95.6506,95.9516,95.9949,95.762,95.7784,95.8483,95.4287,95.0232,95.6957,95.9895,96.1685,96.2532,96.1908,96.6786,96.5794,97.5423,97.4876,97.0525,97.001,97.2781,97.1647,97.4085,96.851,96.6787,96.1398,96.8408,97.5019,97.7434,97.9827,97.8522,97.9833,98.5486,98.7596,99.2713,99.1728,98.7364,98.6851,97.9234,97.7197,97.6069,97.18,97.5345,96.6564,96.3404,96.1825,96.058,96.1857,96.2579,96.0202,96.1824,95.7281,96.1425,96.3313,96.4062,96.8895,96.6336,96.8014,96.7016,96.6551,97.1179,96.7781,96.4873,96.9729,95.723,95.8157,95.9262,96.1733,96.1188,95.7502,96.3148,96.1543,95.4862,96.1851,96.4707,96.1536,96.2851,95.7333,95.7739,95.3105,95.7758,95.9985,95.9199,95.1995,95.6223,95.2255,95.8243,96.0863,96.4116,96.1604,96.5694,96.7153,97.1857,96.9567,97.5338,97.5577,97.7452,97.3908,97.0985,96.9394,96.9621,96.9378,97.1781,96.8759,96.6884,96.363,97.0581,97.4535,97.8015,97.9024,98.2172,97.9179,97.6587,97.683,97.5956,96.9492,96.9379,96.6088,96.2962,96.2212,96.0512,96.4431,96.7295,97.2575,97.64,97.4483,97.5411,97.9604,98.0966,98.3874,98.4054,98.242,98.1944,98.1547,98.4674,97.9414,97.6706,97.5717,97.526,97.3567,97.4508,97.2719,97.1451,97.3771,97.4746,97.4131,97.2819,97.6097,97.8719,97.8224,97.8562,97.4268,96.9016,96.7056,97.1464,96.6777,96.5065,96.4381,96.1119,96.0235,96.4285,96.5319,96.4585,95.9115,96.12,95.6514,95.0174,95.283,94.8981,94.6375,94.1982,94.1242,93.9391,93.7493,93.5308,93.5363,93.1426,92.906,92.944,92.4817,92.5292,92.3614,92.0732,92.0032,91.9161,91.3439,91.1312,90.6451,90.7749,90.3132,90.1484,89.9802,89.9717,89.701,90.1138,89.9551,89.9729,89.6615,89.7619,89.5215,89.1399,88.7681,88.6331,87.8642,87.5459,86.8962,86.4386,85.731,85.2119,84.764,84.2573,83.7354,83.2218,82.7788,82.2886,81.5902,80.873,80.1355,79.3213,78.6186,77.7937,77.1193,76.151,75.2366,74.4115,73.5693,72.6976,71.9591,71.3463,71.0653,70.9415,70.9692,71.0852,71.1252,71.1307,70.9919,70.8004,70.5657,70.3716,70.31,70.5515,71.0948,71.9055,72.8527,73.8769,74.9203,76.0107,77.1851,78.407,79.563,80.4716,80.9684,80.8134,80.2243,79.9919,80.4115,81.0572,81.8483,82.7443,83.8768,85.3926,87.5647,90.1537,92.1959,93.3937,94.2675,94.9719,95.5151,95.9933,96.391,96.7346,97.0817,97.3481,97.5595,97.7937,97.9745,98.2013,98.4,98.5552,98.6916,98.7611,98.8282,98.9342,98.9965,99.0385,99.0665,99.0772,99.0889,99.1245,99.14,99.1617,99.1996,99.2013,99.2107,99.254,99.2586,99.2275,99.2,99.181,99.1232,99.0181,98.9525,98.9269,98.89,98.8804,98.9131,98.9347,98.9653,99.0277,99.1276,99.2271,99.2909,99.3321,99.3912,99.4236,99.4658,99.507,99.5415,99.5551,99.5779,99.6378,99.6884,99.7123,99.8026,99.8822,99.9243,99.9873,100.045,100.07,100.035,99.9858,99.9236,99.7509,99.5865,99.4456,99.3377,99.2578,99.2627,99.3181,99.4255,99.5965,99.8464,100.106,100.41,100.656,100.925,101.102,101.276,101.429,101.539,101.654,101.741,101.787,101.839,101.866,101.94,101.982,102.012,102.072,102.088,102.143,102.175,102.229,102.266,102.27,102.275,102.308,102.306,102.336,102.33,102.342,102.342,102.347,102.357,102.368,102.369,102.388,102.395,102.397,102.416,102.431,102.45,102.449,102.485,102.511,102.508,102.529,102.519,102.541,102.529,102.527,102.556,102.544,102.507,102.529,102.516,102.553,102.534,102.531,102.529,102.52,102.518,102.56,102.544,102.546,102.522,102.519,102.558,102.554,102.544,102.524,102.524,102.54,102.537,102.537,102.555,102.544,102.547,102.572,102.595,102.587,102.583,102.597,102.622,102.62,102.624,102.637,102.617,102.62,102.619,102.636,102.626,102.623,102.609,102.602,102.602,102.615,102.62,102.635,102.617,102.63,102.626,102.656,102.659,102.68,102.683,102.67,102.667,102.647,102.634,102.637,102.622,102.612,102.577,102.588,102.586,102.564,102.59,102.616,102.632,102.659,102.665,102.678,102.662,102.703,102.719,102.713,102.682,102.679,102.669,102.673,102.677,102.675,102.646,102.642,102.64,102.656,102.647,102.636,102.63,102.633,102.642,102.661,102.643,102.649,102.644,102.629,102.619,102.647,102.637,102.641,102.649,102.686,102.673,102.686,102.704,102.699,102.703,102.695,102.673,102.662,102.655,102.681,102.678,102.697,102.721,102.705,102.719,102.738,102.744,102.741,102.722,102.743,102.719,102.72,102.712,102.702,102.707,102.684,102.681,102.687,102.66,102.659,102.651,102.662,102.673,102.661,102.676,102.674,102.672,102.681,102.708,102.695,102.674,102.683,102.699,102.681,102.686,102.681,102.682,102.66,102.68,102.728,102.714,102.713,102.746,102.743,102.755,102.763,102.769,102.774,102.762,102.764,102.765,102.759,102.762,102.753,102.713,102.721,102.718,102.729,102.723,102.727,102.719,102.716,102.733,102.783,102.807,102.789,102.772,102.781,102.777,102.791,102.805,102.814,102.796,102.745,102.76,102.75,102.782,102.796,102.782,102.808,102.796,102.822,102.849,102.86,102.869,102.867,102.868,102.91,102.89,102.912,102.902,102.933,102.942,102.959,102.936,102.95,102.925,102.933,102.925,102.919,102.898,102.884,102.915,102.935,102.939,102.948,102.943,102.962,102.967,102.972,103.004,102.982,103.005,103.016,103.008,103.02,103,103.026,103.003,103.007,102.998,102.997,102.956,102.984,102.996,103.01,103.03,103.063,103.031,103.077,103.045,103.073,103.081,103.098,103.112,103.09,103.125,103.136,103.095,103.104,103.089,103.088,103.12,103.105,103.138,103.125,103.157,103.132,103.119,103.174,103.167,103.119,103.146,103.152,103.147,103.152,103.223,103.264,103.238,103.265,103.332,103.299,103.275,103.269,103.292,103.3,103.327,103.295,103.302,103.26,103.298,103.277,103.306,103.272,103.179,103.177,103.214,103.195,103.197,103.249,103.283,103.262,103.295,103.349,103.336,103.372,103.353,103.307,103.255,103.283,103.244,103.216,103.24,103.284,103.262,103.281,103.305,103.302,103.279,103.375,103.451,103.476,103.463,103.453,103.456,103.531,103.537,103.53,103.496,103.431,103.435,103.419,103.467,103.511,103.437,103.46,103.417,103.473,103.503,103.538,103.609,103.605,103.591,103.659,103.671,103.752,103.788,103.8,103.744,103.657,103.578,103.532,103.546,103.546,103.636,103.543,103.492,103.505,103.58,103.591,103.544,103.44,103.499,103.509,103.419,103.368,103.396,103.353,103.393,103.514,103.478,103.524,103.363,103.439,103.535,103.58,103.517,103.594,103.64,103.628,103.506,103.586,103.646,103.858,103.752,103.817,103.807,103.805,104.051,103.988,104.079,104.099,103.794,103.84,103.827,103.792,103.837,103.803,104.069,103.95,103.841,103.726,103.905,103.99,104.131,103.941,103.785,103.633,103.792,103.904,104.019,103.954,103.83,103.822,104.076,104.049,103.891,103.76,103.849,103.931,103.888,104.038,103.801,103.758,103.853,104.171,104.298,104.316,104.366,104.25,104.111,104.352,104.142,104.187,104.3,104.173,103.635,103.681,103.681,103.818,103.748,103.548,103.631,103.243,103.611,104.056,103.961,104.044,103.905,103.909,104.105,103.818,103.893,103.283,103.186,103.202,103.168,103.115,102.788,102.703,102.9,102.57,102.997,103.065,103.132,103.277,103.062,103.407,103.539,103.484,104.022,103.954,103.955,103.715,103.22,103.616,103.523,103.672,103.962,103.506,103.321,103.651,104.061,104.298,104.232,104.269,104.478,104.553,104.753,104.866,104.295,103.97,104.181,104.339,104.077,103.575,103.061,103.192,102.815,103.047,102.907,102.327,102.34,102.902,103.115,103.26,102.896,102.993,102.883,103.249,103.56,102.827,102.584,102.614,102.726,102.919,103.032,102.871,102.683,102.645,102.807,102.493,101.881,101.895,102.193,102.194,102.417,102.294,102.37,102.873,102.95,103.666,103.941,103.889,104.157,104.004,103.812,103.74,103.292,103.305,103.248,102.949,102.911,102.389,102.549,102.478,102.643,102.953,102.808,102.74,102.402,101.944,102.157,102.061,102.417,102.551,102.345,102.83,102.851,103.124,103.391,103.39,103.201,103.362,103.052,103.271,102.959,102.61,102.712,102.99,103.007,103.262,103.299,103.184,102.938,103.141,103.109,102.795,102.417,102.624,102.741,102.793,103.049,102.89,102.765,103.077,103.313,103.634,103.495,103.48,103.13,102.878,103.271,103.312,103.452,103.518,103.819,103.888,103.347,103.479,103.624,103.706,103.741,103.935,103.482,103.112,103.243,103.451,103.672,103.905,103.392,103.621,103.445,103.741,103.785,103.561,103.657,103.23,103.218,103.928,103.386,103.07,103.38,103.533,103.601,103.671,104.189,104.058,103.579,103.967,104.202,104.022,103.742,103.591,-554.31,153.859,169.828,-84.6639,
F_3492A2/14_H_None_0.544_VVS1,100.437,2.99173,-10.042,111.296,101.133,46.0091,576.553,139.386,0.0358333,-3.06417,10.4782,-73.4101,3001.92, ,-66.6667,42.2062,100.813,-171.751,69.5431,69.5778,69.8713,70.1299,70.3431,70.3748,69.6365,69.9618,69.5004,69.4383,69.6678,69.5917,69.725,69.0922,69.4673,70.2764,70.4122,70.4518,70.0556,69.707,69.6,69.4818,69.9496,69.3973,68.8031,68.4971,68.3681,69.181,70.2257,69.8515,70.0297,70.5277,70.8431,70.8443,70.9342,70.5551,70.4657,69.5032,70.1572,69.6467,69.9881,69.8141,70.0828,70.3775,70.6601,70.5334,70.6542,70.2488,70.4868,69.7949,70.1253,70.0004,69.8202,69.9532,69.7508,69.5581,69.7604,69.5935,69.9917,69.4906,69.4211,69.7672,69.7945,69.8263,70.1403,70.5769,70.9772,70.0849,70.4709,70.7341,70.3429,70.7605,70.9008,70.448,70.1729,70.3159,71.2865,71.1451,70.7354,70.5466,69.7215,69.8309,70.0443,70.1927,69.9676,69.7015,69.7774,70.3616,70.6014,70.9777,70.8177,70.7871,70.8608,70.7929,70.3547,70.2779,70.2228,70.0671,69.8854,70.3905,71.0147,70.4786,70.507,71.0473,71.4211,71.1381,71.0112,71.4821,71.2923,71.0216,71.4099,71.568,71.1061,70.7924,71.0824,72.1685,71.7393,71.2946,71.0563,70.7047,70.8476,71.5579,71.8687,71.9233,71.1031,71.5616,71.5862,71.6097,71.785,71.273,70.6892,70.3691,70.4995,70.5477,70.6738,70.5181,70.513,70.6103,70.658,70.8932,70.971,71.002,71.1796,70.765,70.9029,70.7701,70.8278,70.7236,70.4779,70.1595,70.1439,69.9714,69.8088,69.6546,69.9424,69.7674,69.8515,69.811,70.1578,70.2339,70.2363,70.3926,70.3165,70.0941,70.079,70.2065,70.5337,70.3961,70.2118,70.2003,70.2386,70.4615,70.5312,70.5336,70.5353,70.4408,70.5355,70.7525,70.9056,71.0596,71.1873,71.189,71.3644,71.5483,71.646,71.6882,71.6175,71.6951,71.5847,71.4532,71.5918,71.5506,71.5199,71.6678,71.9625,72.4155,72.8362,73.2658,73.8056,74.2327,74.5643,74.8322,74.9438,74.935,74.8535,74.6603,74.4058,74.0855,73.7265,73.4243,73.1112,72.8258,72.5441,72.2448,71.9366,71.6148,71.3125,70.968,70.5788,70.1527,69.727,69.2836,68.842,68.432,68.0631,67.6783,67.3611,67.0694,66.8434,66.5907,66.3522,66.1413,65.8994,65.6377,65.3822,65.1595,64.9974,64.9148,64.9391,65.0494,65.169,65.294,65.4257,65.5247,65.5994,65.6499,65.6251,65.531,65.532,65.7032,66.046,66.4366,66.9307,67.4701,68.1042,68.6475,69.0638,69.351,69.4616,69.6617,69.8847,70.2577,70.7324,71.4325,72.4959,73.645,74.8551,76.1713,77.4737,78.3555,79.1536,80.0327,80.7793,81.8871,83.1725,84.4551,85.6998,86.9222,88.634,90.3212,92.1475,94.0322,95.4168,97.131,99.0174,101.193,103.478,105.727,107.983,110.266,112.495,114.652,115.887,116.919,117.311,117.727,117.82,117.777,117.896,118.191,118.568,119.501,120.486,121.278,122.126,122.581,123.022,123.246,123.361,123.475,123.353,122.776,122.873,122.524,122.658,122.823,122.874,122.696,122.574,122.883,123.35,123.204,123.005,122.866,122.623,122.599,122.51,122.261,121.542,121.183,120.965,120.841,120.567,120.51,120.224,119.841,119.578,119.533,119.411,119.045,118.654,118.359,117.92,117.479,117.264,116.87,116.22,115.62,114.996,114.911,114.308,113.809,113.124,112.327,111.785,111.498,111.086,110.855,110.507,110.355,110.194,110.399,110.481,110.627,110.277,109.857,109.493,108.921,108.621,108.447,107.96,107.38,106.732,106.534,106.427,106.378,106.419,106.461,106.113,106.009,105.942,106.03,105.876,105.631,105.37,105.146,104.859,104.355,104.073,103.867,103.525,103.337,103.358,103.288,103.011,102.761,102.824,102.897,102.959,103.055,102.917,102.625,102.583,102.452,102.328,102.254,101.793,101.606,101.376,101.16,101.171,100.939,100.77,100.987,101.03,100.914,100.899,100.679,100.799,100.466,100.505,100.569,100.024,99.7013,99.6859,99.6124,99.3853,99.3353,99.4538,99.1872,99.0999,99.1142,99.1719,99.1267,99.0557,99.2733,99.1728,99.2811,99.6536,99.6977,99.8936,99.8782,99.8024,99.8728,99.8824,99.8618,99.8203,99.6303,99.4133,99.3841,99.3961,99.6797,99.326,99.4281,99.781,99.887,99.8756,100.162,100.228,100.141,100.049,100.225,99.944,99.6455,99.5881,99.5194,99.5354,99.5456,99.7967,99.7507,100.05,100.302,100.378,100.397,100.724,100.442,100.498,100.519,100.599,100.411,100.68,100.65,100.507,100.424,100.801,100.953,100.858,100.84,100.564,100.289,100.467,100.228,99.9399,100.006,99.8057,100.019,100.202,100.511,100.549,100.421,101.147,101.331,101.026,100.898,100.803,100.679,100.62,100.728,100.816,100.38,100.656,100.876,100.945,101.008,100.931,101.075,101.238,101.169,101.33,101.534,101.483,101.429,101.504,101.711,101.83,101.971,102.04,102.219,101.733,102.079,102.434,102.337,103.028,103.428,103.449,103.536,103.455,103.713,103.541,103.618,103.984,103.588,103.101,102.472,102.78,102.693,102.668,102.903,102.974,102.817,103.05,103.354,103.644,103.365,103.585,103.911,103.65,103.664,103.691,103.211,103.154,103.407,103.58,103.982,103.774,104.271,104.421,104.54,104.317,104.678,105.119,105.467,105.717,105.704,105.929,106.389,106.55,107.488,107.385,107.177,106.779,106.582,106.831,106.651,106.396,106.274,106.265,106.595,106.424,106.694,106.21,106.02,105.965,105.612,106.109,105.956,105.505,105.552,105.841,105.861,105.661,105.516,105.878,106.013,106.021,106.612,107.746,108.008,108.819,109.861,110.42,111.23,111.066,111.09,111.387,110.76,110.799,110.081,109.31,109.242,108.27,108.427,109.088,109.26,109.166,109.53,110.295,111.3,110.807,110.864,111.061,110.966,109.95,110.578,109.777,109.588,109.828,110.416,110.948,110.096,109.407,110.136,109.434,109.882,110.705,109.478,109.641,109.18,109.032,109.098,109.158,109.99,109.873,109.312,109.939,109.528,110.057,111.414,112.075,111.311,110.12,110.627,110.411,110.41,112.275,112.509,112.292,112.418,113.811,114.353,113.727,115.349,115.727,114.386,114.666,114.211,114.179,113.988,114.228,113.696,112.025,111.999,111.788,111.865,112.434,112.886,111.439,112.846,115.334,115.66,115.489,115.105,114.862,115.574,116.142,116.811,115.538,114.909,115.463,116.723,117.43,119.974,118.769,117.118,117.402,117.421,118.174,115.948,115.606,115.669,113.029,111.971,113.208,113.094,112.384,110.048,111.126,110.38,111.898,112.353,115.352,113.757,114.698,114.967,115.131,115.855,118.118,117.726,117.127,117.023,118.526,119.43,121.177,122.194,126.661,124.022,123.4,122.172,121.983,120.102,119.464,119.951,119.108,116.526,118.891,118.527,122.256,119.588,121.808,124.108,125.639,126.147,125.442,123.084,124.112,121.928,124.528,125.9,122.026,120.966,122.078,123.576,124.119,123.006,123.989,124.321,122.149,123.386,124.701,126.014,126.167,128.608,126.638,124.989,125.068,125.305,126.048,127.788,120.046,117.951,116.477,116.975,117.032,120.569,119.058,117.157,108.002,115.124,116.245,114.257,117.684,117.117,113.105,116.765,117.728,121.622,118.295,116.249,117.501,116.362,113.077,109.306,107.405,107.124,111.894,115.578,117.183,120.552,116.773,121.03,121.523,122.342,122.629,119.286,116.069,111.067,103.465,107.914,112.399,108.518,106.017,103.238,101.36,101.322,100.387,99.932,100.393,97.6543,105.01,104.507,103.527,105.934,106.337,114.379,114.116,108.463,102.801,104.33,105.572,106.862,104.246,103.146,100.331,104.279,106.403,105.975,100.73,99.541,99.5297,96.7601,96.4195,96.3038,92.7269,87.3256,90.8335,88.1356,86.2687,88.5404,85.1871,83.488,81.1106,83.2597,85.4493,84.6448,82.4735,82.7396,81.3214,87.3844,89.6231,89.7916,91.4225,92.6191,90.9687,96.4204,94.4606,90.6649,91.2116,87.145,89.2213,84.8846,84.1573,82.5377,78.4337,79.0803,80.6418,79.0596,80.4029,80.9252,82.9247,83.0348,86.776,89.1481,89.2312,88.2281,89.2312,89.865,88.3551,86.7521,86.9473,86.9125,84.4393,83.5673,82.7874,82.0022,83.6737,83.4746,86.1899,83.6189,79.8219,84.1536,84.0364,85.097,83.8779,82.2419,81.0925,77.6956,77.1679,77.0965,73.6081,74.2175,74.3926,74.2301,73.8998,72.7016,72.7653,75.2743,76.5987,77.1435,78.3406,78.664,77.6545,76.8489,77.3746,78.8418,77.9167,76.8124,75.9376,74.1412,73.5866,74.696,74.7606,73.0494,71.9489,70.013,72.5665,72.7868,71.5067,71.5819,71.721,72.6487,74.3525,73.3612,74.4127,71.4896,72.3588,73.1389,71.919,70.9313,70.3484,70.3139,71.2932,70.72,71.1404,70.0533,69.9302,70.4697,70.9558,70.4421,71.299,70.6369,71.6775,72.1999,72.3472,73.6729,73.5882,73.252,73.8815,73.6051,74.0587,73.5972,73.3011,74.0051,72.8229,72.675,72.5962,71.1289,70.714,70.6907,71.3201,71.0028,71.5523,71.4704,71.1547,70.5556,71.1437,70.5284,69.8503,69.7159,70.5115,69.7359,70.3574,71.0991,72.0934,71.2508,72.4106,73.7242,73.9208,73.4787,72.8638,72.7442,72.618,73.0054,73.9246,73.8399,72.6092,72.0933,71.6986,71.4828,71.8288,72.3267,71.6548,71.4688,70.7958,70.7844,70.2317,70.466,70.6542,69.8619,69.0473,69.6561,69.4539,68.1799,68.0278,68.1362,67.2288,66.5033,149.794,-94.3089,292.063,128.605,
W_Calibration,100,0,0,95.0422,100,108.876,565.016,99.9909,1.74827e-05,0.00127928,0,0,6504.1, ,100,100,100,100,100,100,100,100,100,100,100,100,100,100,100,100,100,100,100,100,100,100,100,100,100,100,100,100,100,100,100,100,100,100,100,100,100,100,100,100,100,100,100,100,100,100,100,100,100,100,100,100,100,100,100,100,100,100,100,100,100,100,100,100,100,100,100,100,100,100,100,100,100,100,100,100,100,100,100,100,100,100,100,100,100,100,100,100,100,100,100,100,100,100,100,100,100,100,100,100,100,100,100,100,100,100,100,100,100,100,100,100,100,100,100,100,100,100,100,100,100,100,100,100,100,100,100,100,100,100,100,100,100,100,100,100,100,100,100,100,100,100,100,100,100,100,100,100,100,100,100,100,100,100,100,100,100,100,100,100,100,100,100,100,100,100,100,100,100,100,100,100,100,100,100,100,100,100,100,100,100,100,100,100,100,100,100,100,100,100,100,100,100,100,100,100,100,100,100,100,100,100,100,100,100,100,100,100,100,100,100,100,100,100,100,100,100,100,100,100,100,100,100,100,100,100,100,100,100,100,100,100,100,100,100,100,100,100,100,100,100,100,100,100,100,100,100,100,100,100,100,100,100,100,100,100,100,100,100,100,100,100,100,100,100,100,100,100,100,100,100,100,100,100,100,100,100,100,100,100,100,100,100,100,100,100,100,100,100,100,100,100,100,100,100,100,100,100,100,100,100,100,100,100,100,100,100,100,100,100,100,100,100,100,100,100,100,100,100,100,100,100,100,100,100,100,100,100,100,100,100,100,100,100,100,100,100,100,100,100,100,100,100,100,100,100,100,100,100,100,100,100,100,100,100,100,100,100,100,100,100,100,100,100,100,100,100,100,100,100,100,100,100,100,100,100,100,100,100,100,100,100,100,100,100,100,100,100,100,100,100,100,100,100,100,100,100,100,100,100,100,100,100,100,100,100,100,100,100,100,100,100,100,100,100,100,100,100,100,100,100,100,100,100,100,100,100,100,100,100,100,100,100,100,100,100,100,100,100,100,100,100,100,100,100,100,100,100,100,100,100,100,100,100,100,100,100,100,100,100,100,100,100,100,100,100,100,100,100,100,100,100,100,100,100,100,100,100,100,100,100,100,100,100,100,100,100,100,100,100,100,100,100,100,100,100,100,100,100,100,100,100,100,100,100,100,100,100,100,100,100,100,100,100,100,100,100,100,100,100,100,100,100,100,100,100,100,100,100,100,100,100,100,100,100,100,100,100,100,100,100,100,100,100,100,100,100,100,100,100,100,100,100,100,100,100,100,100,100,100,100,100,100,100,100,100,100,100,100,100,100,100,100,100,100,100,100,100,100,100,100,100,100,100,100,100,100,100,100,100,100,100,100,100,100,100,100,100,100,100,100,100,100,100,100,100,100,100,100,100,100,100,100,100,100,100,100,100,100,100,100,100,100,100,100,100,100,100,100,100,100,100,100,100,100,100,100,100,100,100,100,100,100,100,100,100,100,100,100,100,100,100,100,100,100,100,100,100,100,100,100,100,100,100,100,100,100,100,100,100,100,100,100,100,100,100,100,100,100,100,100,100,100,100,100,100,100,100,100,100,100,100,100,100,100,100,100,100,100,100,100,100,100,100,100,100,100,100,100,100,100,100,100,100,100,100,100,100,100,100,100,100,100,100,100,100,100,100,100,100,100,100,100,100,100,100,100,100,100,100,100,100,100,100,100,100,100,100,100,100,100,100,100,100,100,100,100,100,100,100,100,100,100,100,100,100,100,100,100,100,100,100,100,100,100,100,100,100,100,100,100,100,100,100,100,100,100,100,100,100,100,100,100,100,100,100,100,100,100,100,100,100,100,100,100,100,100,100,100,100,100,100,100,100,100,100,100,100,100,100,100,100,100,100,100,100,100,100,100,100,100,100,100,100,100,100,100,100,100,100,100,100,100,100,100,100,100,100,100,100,100,100,100,100,100,100,100,100,100,100,100,100,100,100,100,100,100,100,100,100,100,100,100,100,100,100,100,100,100,100,100,100,100,100,100,100,100,100,100,100,100,100,100,100,100,100,100,100,100,100,100,100,100,100,100,100,100,100,100,100,100,100,100,100,100,100,100,100,100,100,100,100,100,100,100,100,100,100,100,100,100,100,100,100,100,100,100,100,100,100,100,100,100,100,100,100,100,100,100,100,100,100,100,100,100,100,100,100,100,100,100,100,100,100,100,100,100,100,100,100,100,100,100,100,100,100,100,100,100,100,100,100,100,100,100,100,100,100,100,100,100,100,100,100,100,100,100,100,100,100,100,100,100,100,100,100,100,100,100,100,100,100,100,100,100,100,100,100,100,100,100,100,100,100,100,100,100,100,100,100,100,100,100,100,100,100,100,100,100,100,100,100,100,100,
F_Calibration,100,0,0,108.104,100,39.2965,491.07,99.9909,0.000170256,0.00127928,0,0,3000.62, ,100,100,100,100,100,100,100,100,100,100,100,100,100,100,100,100,100,100,100,100,100,100,100,100,100,100,100,100,100,100,100,100,100,100,100,100,100,100,100,100,100,100,100,100,100,100,100,100,100,100,100,100,100,100,100,100,100,100,100,100,100,100,100,100,100,100,100,100,100,100,100,100,100,100,100,100,100,100,100,100,100,100,100,100,100,100,100,100,100,100,100,100,100,100,100,100,100,100,100,100,100,100,100,100,100,100,100,100,100,100,100,100,100,100,100,100,100,100,100,100,100,100,100,100,100,100,100,100,100,100,100,100,100,100,100,100,100,100,100,100,100,100,100,100,100,100,100,100,100,100,100,100,100,100,100,100,100,100,100,100,100,100,100,100,100,100,100,100,100,100,100,100,100,100,100,100,100,100,100,100,100,100,100,100,100,100,100,100,100,100,100,100,100,100,100,100,100,100,100,100,100,100,100,100,100,100,100,100,100,100,100,100,100,100,100,100,100,100,100,100,100,100,100,100,100,100,100,100,100,100,100,100,100,100,100,100,100,100,100,100,100,100,100,100,100,100,100,100,100,100,100,100,100,100,100,100,100,100,100,100,100,100,100,100,100,100,100,100,100,100,100,100,100,100,100,100,100,100,100,100,100,100,100,100,100,100,100,100,100,100,100,100,100,100,100,100,100,100,100,100,100,100,100,100,100,100,100,100,100,100,100,100,100,100,100,100,100,100,100,100,100,100,100,100,100,100,100,100,100,100,100,100,100,100,100,100,100,100,100,100,100,100,100,100,100,100,100,100,100,100,100,100,100,100,100,100,100,100,100,100,100,100,100,100,100,100,100,100,100,100,100,100,100,100,100,100,100,100,100,100,100,100,100,100,100,100,100,100,100,100,100,100,100,100,100,100,100,100,100,100,100,100,100,100,100,100,100,100,100,100,100,100,100,100,100,100,100,100,100,100,100,100,100,100,100,100,100,100,100,100,100,100,100,100,100,100,100,100,100,100,100,100,100,100,100,100,100,100,100,100,100,100,100,100,100,100,100,100,100,100,100,100,100,100,100,100,100,100,100,100,100,100,100,100,100,100,100,100,100,100,100,100,100,100,100,100,100,100,100,100,100,100,100,100,100,100,100,100,100,100,100,100,100,100,100,100,100,100,100,100,100,100,100,100,100,100,100,100,100,100,100,100,100,100,100,100,100,100,100,100,100,100,100,100,100,100,100,100,100,100,100,100,100,100,100,100,100,100,100,100,100,100,100,100,100,100,100,100,100,100,100,100,100,100,100,100,100,100,100,100,100,100,100,100,100,100,100,100,100,100,100,100,100,100,100,100,100,100,100,100,100,100,100,100,100,100,100,100,100,100,100,100,100,100,100,100,100,100,100,100,100,100,100,100,100,100,100,100,100,100,100,100,100,100,100,100,100,100,100,100,100,100,100,100,100,100,100,100,100,100,100,100,100,100,100,100,100,100,100,100,100,100,100,100,100,100,100,100,100,100,100,100,100,100,100,100,100,100,100,100,100,100,100,100,100,100,100,100,100,100,100,100,100,100,100,100,100,100,100,100,100,100,100,100,100,100,100,100,100,100,100,100,100,100,100,100,100,100,100,100,100,100,100,100,100,100,100,100,100,100,100,100,100,100,100,100,100,100,100,100,100,100,100,100,100,100,100,100,100,100,100,100,100,100,100,100,100,100,100,100,100,100,100,100,100,100,100,100,100,100,100,100,100,100,100,100,100,100,100,100,100,100,100,100,100,100,100,100,100,100,100,100,100,100,100,100,100,100,100,100,100,100,100,100,100,100,100,100,100,100,100,100,100,100,100,100,100,100,100,100,100,100,100,100,100,100,100,100,100,100,100,100,100,100,100,100,100,100,100,100,100,100,100,100,100,100,100,100,100,100,100,100,100,100,100,100,100,100,100,100,100,100,100,100,100,100,100,100,100,100,100,100,100,100,100,100,100,100,100,100,100,100,100,100,100,100,100,100,100,100,100,100,100,100,100,100,100,100,100,100,100,100,100,100,100,100,100,100,100,100,100,100,100,100,100,100,100,100,100,100,100,100,100,100,100,100,100,100,100,100,100,100,100,100,100,100,100,100,100,100,100,100,100,100,100,100,100,100,100,100,100,100,100,100,100,100,100,100,100,100,100,100,100,100,100,100,100,100,100,100,100,100,100,100,100,100,100,100,100,100,100,100,100,100,100,100,100,100,100,100,100,100,100,100,100,100,100,100,100,100,100,100,100,100,100,100,100,100,100,100,100,100,100,100,100,100,100,100,100,100,100,100,100,100,100,100,100,100,100,100,100,100,100,100,100,100,100,100,100,100,100,100,100,100,100,100,100,100,100,100,100,100,100,100,
W_3520A2/144_I_None_0.551_SI1,99.8143,-0.810098,1.93925,94.1268,99.5206,105.227,569.56,91.0287,0.0172787,0.353438,2.10166,112.672,6359.58, ,83.3333,55.2279,31.7757,7.28051,94.5723,94.3944,94.2656,93.8502,94.0077,94.1087,94.0162,94.4299,94.4119,93.4843,94.0002,94.5876,94.9416,95.0019,94.8577,94.4302,94.1404,95.0646,95.7819,95.4747,95.5285,95.4433,95.2337,95.1634,95.1972,95.4393,94.8182,94.8179,94.4934,94.1604,94.3392,94.7918,94.5102,95.0455,95.063,94.6947,94.9861,95.2815,95.582,94.9037,94.8463,95.3756,94.65,94.2118,94.4569,94.4344,94.28,93.9333,94.646,94.397,94.2089,95.2751,95.0986,95.336,95.4979,95.4306,95.5165,95.697,96.1627,96.3343,95.7956,95.7512,95.7272,95.1952,95.754,95.7183,95.3504,95.036,94.853,95.2223,95.7719,95.601,95.8843,95.3524,95.3611,95.1158,95.0442,95.4747,94.6473,94.593,94.6992,94.4196,94.689,94.4895,94.2526,94.5539,93.7649,94.1263,93.7157,93.7159,93.8031,93.4029,93.5336,94.1139,93.4383,93.6809,93.9008,94.2246,94.1694,94.3919,94.7683,94.7962,94.7145,95.0617,95.2696,94.8005,94.6674,94.6715,94.5052,94.2587,94.2233,94.038,94.098,94.1849,94.3549,94.5789,94.4044,94.197,94.3922,94.7909,95.5174,94.8116,94.3932,94.6008,94.6094,95.1306,95.3853,95.7641,95.6039,95.2111,95.9403,96.6541,96.5742,96.5001,96.3525,96.2154,96.0218,95.7021,95.5581,95.2089,94.7452,95.0076,95.4784,95.4663,95.6826,95.6642,95.8593,95.5047,95.5968,95.8942,95.7056,95.1751,94.8677,94.4977,94.3394,94.3165,94.7468,95.4446,95.4486,95.755,95.9901,96.4302,96.6612,96.7531,96.837,96.6666,96.3132,96.428,96.3109,96.2331,96.3984,96.3144,96.1309,95.8527,96.1832,96.4058,96.2691,96.0779,96.1325,95.6301,95.5055,95.505,95.4656,95.0465,94.4857,94.0978,93.7697,93.2763,93.2545,92.9803,92.896,92.4309,92.3486,92.0927,91.6318,91.6212,91.3012,90.8024,91.0817,90.7212,90.7278,90.5453,90.4341,90.4247,89.9302,90.0278,89.8187,89.4005,89.4635,89.2068,88.9821,88.933,88.8387,88.7197,88.4442,88.5042,88.2242,87.8885,87.9802,87.8984,87.4126,87.2271,87.0672,86.6111,86.2188,85.9887,85.5092,85.0261,84.5581,84.1492,83.4753,83.0229,82.5677,82.0083,81.4848,80.8092,80.3343,79.6095,78.9719,78.2751,77.5501,76.8198,76.032,75.2355,74.4708,73.6763,72.8869,72.4784,72.3656,72.304,72.3588,72.4765,72.5846,72.6372,72.5622,72.4246,72.1518,71.9122,71.94,72.1881,72.684,73.3847,74.2342,75.1286,76.0447,77.043,78.1142,79.1411,80.1403,80.9689,81.4233,81.2742,80.6902,80.4933,80.8503,81.4279,82.1645,82.9279,83.8534,85.1181,87.0089,89.321,91.0725,92.048,92.692,93.1784,93.656,94.0441,94.4153,94.659,94.9096,95.0897,95.3209,95.5942,95.8206,96.0016,96.1558,96.3072,96.4284,96.5253,96.6626,96.737,96.7791,96.8254,96.8578,96.9201,96.9466,97.0035,97.0201,97.0393,97.0709,97.0881,97.1275,97.1666,97.1765,97.1777,97.1753,97.1724,97.159,97.1405,97.1214,97.0838,97.0627,97.0383,97.0787,97.1125,97.1643,97.2315,97.2797,97.3689,97.4134,97.4682,97.5184,97.5507,97.5409,97.5385,97.5429,97.5326,97.545,97.5725,97.5894,97.6176,97.6377,97.7217,97.783,97.7978,97.8617,97.8593,97.8733,97.8557,97.82,97.7541,97.6532,97.591,97.5185,97.4898,97.5006,97.5434,97.6249,97.7093,97.8344,97.9957,98.1489,98.3412,98.487,98.6006,98.6909,98.7769,98.8476,98.9076,98.9807,99.0264,99.0416,99.0452,99.07,99.1113,99.1338,99.1932,99.2188,99.2043,99.2201,99.2828,99.3245,99.3386,99.343,99.3453,99.3496,99.3754,99.3964,99.3797,99.3649,99.4052,99.4181,99.4304,99.4591,99.4918,99.4917,99.5075,99.5249,99.5323,99.498,99.5021,99.509,99.5147,99.4745,99.478,99.4895,99.5048,99.5097,99.5356,99.5295,99.5495,99.5442,99.5615,99.59,99.5713,99.5793,99.5877,99.5803,99.5732,99.5617,99.5577,99.5655,99.5352,99.5583,99.5458,99.5439,99.5392,99.5519,99.5401,99.5392,99.529,99.5392,99.536,99.5372,99.5111,99.5212,99.5249,99.5443,99.5558,99.5846,99.588,99.5689,99.5658,99.5943,99.5845,99.5852,99.5787,99.5661,99.5508,99.5387,99.5433,99.5376,99.5314,99.5288,99.5198,99.5106,99.5132,99.4919,99.5032,99.5137,99.5314,99.542,99.5374,99.5473,99.5621,99.5591,99.5862,99.5846,99.5929,99.6036,99.6069,99.6046,99.6107,99.591,99.6284,99.653,99.6501,99.6498,99.6558,99.6785,99.6978,99.7093,99.7158,99.6816,99.6632,99.6563,99.669,99.6869,99.6523,99.6561,99.6573,99.6751,99.6929,99.7036,99.7296,99.7329,99.7092,99.7395,99.7293,99.7477,99.7527,99.755,99.7492,99.7595,99.7479,99.7549,99.7495,99.7916,99.7883,99.8211,99.8207,99.7993,99.802,99.8116,99.8242,99.8006,99.7793,99.7701,99.7501,99.7656,99.7959,99.7883,99.7999,99.7994,99.8175,99.8074,99.8111,99.8108,99.813,99.8122,99.8176,99.7995,99.7921,99.7734,99.7783,99.7802,99.7618,99.7631,99.7479,99.7434,99.7539,99.7698,99.7779,99.7808,99.787,99.7946,99.7851,99.7937,99.7922,99.8003,99.7775,99.777,99.785,99.7765,99.7972,99.7911,99.7831,99.7952,99.7879,99.8028,99.7922,99.7743,99.7707,99.7486,99.7566,99.7689,99.7468,99.7337,99.7092,99.7431,99.739,99.7257,99.7163,99.7013,99.6766,99.6687,99.6646,99.649,99.6091,99.6141,99.598,99.5908,99.6011,99.6143,99.5956,99.5678,99.5742,99.5627,99.5531,99.5455,99.5341,99.5068,99.5045,99.5135,99.5077,99.5117,99.5063,99.4959,99.5087,99.5207,99.499,99.4826,99.4694,99.4781,99.4815,99.492,99.4889,99.4881,99.4646,99.4625,99.4506,99.4703,99.4709,99.4724,99.4662,99.4381,99.4134,99.4047,99.4112,99.3885,99.3583,99.3658,99.3185,99.2933,99.2983,99.302,99.2948,99.2967,99.3151,99.3494,99.3244,99.3417,99.3633,99.365,99.3434,99.3539,99.34,99.3125,99.261,99.2419,99.2462,99.2133,99.2326,99.2572,99.2531,99.26,99.2846,99.3005,99.3212,99.3006,99.2916,99.2531,99.217,99.1933,99.1744,99.162,99.1521,99.1212,99.0894,99.1414,99.1699,99.2143,99.2502,99.2343,99.2112,99.1956,99.2194,99.2638,99.2254,99.2054,99.1939,99.1573,99.1627,99.1998,99.2349,99.2199,99.209,99.2373,99.2304,99.2175,99.2522,99.2807,99.2831,99.2378,99.261,99.2493,99.2436,99.2242,99.236,99.217,99.2027,99.1737,99.1825,99.1776,99.2118,99.2444,99.2779,99.2932,99.2871,99.2931,99.3042,99.3477,99.3876,99.356,99.3209,99.3323,99.3277,99.301,99.2882,99.3092,99.3155,99.3262,99.32,99.3563,99.3227,99.3125,99.3863,99.4572,99.4891,99.4999,99.5276,99.6114,99.5663,99.6397,99.6287,99.682,99.6458,99.6662,99.6986,99.6577,99.6471,99.709,99.7598,99.8291,99.785,99.8792,99.8496,99.7888,99.7788,99.7561,99.7294,99.7096,99.7538,99.7751,99.7325,99.7738,99.7747,99.8403,99.8187,99.8946,99.8542,99.7812,99.854,99.8656,99.8688,99.8933,99.8365,99.9165,99.9506,99.9837,100.084,100.067,100.073,100.015,100.013,100.076,100.144,100.095,100.189,100.044,100.058,100.033,100.034,100.066,100.09,100.094,100.055,100.031,100.076,100.004,100.073,99.9692,100.046,99.9827,99.9552,100.079,99.9548,100.086,100.183,100.123,100.423,100.35,100.362,100.495,100.491,100.798,100.681,100.614,100.621,100.523,100.722,100.71,100.714,100.762,100.597,100.8,101.101,101.225,101.332,101.276,101.288,101.287,101.158,101.076,101.068,100.721,100.783,100.732,100.666,100.614,100.559,100.812,100.982,100.792,100.771,100.627,100.448,100.538,100.5,100.271,100.164,100.121,100.091,100.173,100.297,100.327,100.212,100.281,100.601,100.542,100.359,100.747,100.731,100.507,100.72,100.615,100.879,100.714,100.848,100.96,100.503,100.44,100.698,100.623,100.725,100.762,100.918,100.827,101.155,101.627,101.772,101.857,102.066,102.028,101.717,101.458,101.449,101.387,100.931,100.636,100.489,100.601,100.73,100.887,101.093,101.062,100.683,100.552,101.312,101.598,101.47,101.622,101.656,101.733,101.871,102.051,102.363,101.687,101.611,101.407,101.402,101.253,100.973,100.819,101.039,100.818,100.792,100.509,100.553,100.41,100.821,100.879,100.692,100.461,100.484,100.722,100.639,100.914,101.31,101.183,101.154,101.6,101.733,102.082,101.962,101.925,101.522,100.961,100.535,100.732,100.69,100.646,100.395,100.637,100.593,100.874,101.156,101.192,101.1,100.599,100.657,100.916,100.614,100.556,100.872,100.908,101.062,100.568,100.931,100.731,100.884,101.155,101.433,101.033,101.063,100.83,101.355,101.075,101.261,100.827,100.282,99.9255,99.937,99.4782,99.6167,99.6739,99.7426,99.3538,99.0696,99.1731,99.6522,99.6637,100.189,100.2,99.8469,99.8589,100.13,100.209,100.423,100.085,99.8716,99.7935,99.8058,99.7616,100.061,100.083,100.171,100.006,100.214,100.52,100.627,100.626,100.526,100.308,100.006,100.22,100.433,100.314,100.09,99.7105,99.6392,99.9846,100.078,100.546,100.408,100.603,100.621,100.474,100.697,100.737,100.561,100.509,100.417,100.747,100.554,100.551,100.44,100.379,100.457,100.651,100.493,100.628,100.287,100.179,100.082,100.237,100.285,100.13,100.237,100.342,99.7751,99.8805,99.9763,100.072,100.091,100.301,100.483,100.281,100.299,100.526,100.657,100.748,100.794,101.026,100.735,279.295,72.7016,114.807,-60.8696,
F_3520A2/144_I_None_0.551_SI1,100.03,3.30029,-14.6551,110.343,100.077,48.6181,577.75,157.022,0.0459841,-2.74317,15.0221,-77.3088,3043.41, ,33.3333,46.7213,38.7417,67.8771,72.9853,73.3626,72.143,72.1752,72.1984,71.8112,71.9459,71.1913,71.3374,71.776,71.5311,72.7666,72.7094,73.0895,73.5035,73.5323,74.2437,73.8179,73.4951,73.9553,73.0579,72.153,71.7134,71.8068,71.5403,71.3005,71.4223,71.3946,70.8667,70.9745,71.7278,71.8902,71.9337,72.2717,72.3039,71.8374,71.4315,71.4946,71.6614,71.8576,71.5208,70.8811,70.6575,71.2741,71.6275,71.941,72.2357,72.8328,72.6486,73.235,73.8404,73.6696,73.1245,73.3693,73.3255,72.7336,71.9432,71.8616,71.632,71.0097,71.3607,71.7591,71.6575,71.5295,71.1136,71.0288,71.492,71.2746,71.4952,71.2235,70.9235,70.5593,71.2133,71.642,72.035,71.9167,72.0029,72.0107,72.5371,72.0272,71.9544,71.4115,71.3374,71.3803,71.3572,71.2327,71.2534,70.9769,71.527,72.0212,72.0276,72.1712,72.0256,71.8288,71.844,71.8239,71.9554,72.4011,72.2749,72.6249,72.5496,72.4529,72.5065,72.4991,72.6817,72.3736,71.431,71.5288,71.5935,71.3104,71.4574,71.3076,71.2037,70.9121,70.8245,71.4123,71.6658,71.4791,71.9651,71.7287,71.8939,72.7704,73.1754,73.3655,72.9903,72.7014,73.032,73.1135,73.483,73.2612,72.432,71.7546,72.036,71.5561,71.6427,71.5156,71.2214,71.018,70.9608,70.919,71.3295,71.0744,71.5496,71.1171,71.1212,71.1718,71.2334,71.2784,71.0813,71.2093,71.2626,71.0815,71.2706,71.3703,71.2969,71.4233,71.6281,71.5912,71.31,71.2672,71.3042,71.5138,71.4604,71.5397,71.5404,71.2442,71.594,71.9141,72.2037,72.338,72.345,72.4519,72.4139,72.4551,72.7551,72.748,72.6744,72.6405,72.6483,72.6156,72.5845,72.72,72.814,72.833,72.8364,72.7517,72.6907,72.745,72.8756,72.9191,72.9993,72.8978,72.863,72.9209,73.1457,73.41,73.7497,74.1794,74.61,74.9115,75.2488,75.4806,75.6643,75.6519,75.5978,75.4507,75.2007,74.9508,74.6972,74.4738,74.238,74.0099,73.7884,73.5509,73.3037,73.0758,72.8185,72.5228,72.1992,71.8385,71.4696,71.0946,70.7451,70.3886,70.0361,69.6969,69.4175,69.1742,68.9604,68.7352,68.5383,68.3073,68.1024,67.8678,67.7135,67.5745,67.4004,67.4059,67.4403,67.5228,67.5721,67.6959,67.8488,67.9172,67.9367,67.8812,67.7495,67.7245,67.6838,67.9174,68.2024,68.5494,68.988,69.3929,70.0279,70.5303,71.0102,71.2851,71.3593,71.3802,71.4859,71.6394,72.2035,72.9117,73.7519,74.8104,76.103,77.1944,78.5388,79.6001,80.7396,82.1464,83.5293,85.3235,86.5546,88.1604,90.0732,92.1113,93.8699,95.6285,96.9262,98.4165,99.5645,101.29,102.812,104.508,106.748,109.318,111.565,114.531,117.02,119.298,121.067,122.239,123.495,123.821,124.234,124.412,124.314,124.516,125.33,126.397,128.035,129.179,130.252,130.96,131.462,131.736,131.824,131.823,131.481,130.815,130.332,130.051,129.909,130.431,130.992,131.045,131.226,131.702,132.149,132.219,132.64,132.937,132.456,132.136,132.048,131.353,130.676,129.9,129.633,128.9,128.368,127.962,127.534,127.016,126.936,126.831,127.008,126.735,126.175,125.914,125.39,124.854,124.685,124.072,123.353,122.634,122.019,121.715,120.734,120.232,119.733,119.175,118.603,117.909,117.328,116.991,116.545,116.197,115.795,115.628,115.091,114.718,114.405,113.844,112.964,112.614,112.202,111.997,111.125,110.597,109.889,109.532,109.323,109.26,108.785,108.456,107.946,107.663,107.292,107.174,107.027,106.799,106.049,105.716,105.607,105.358,104.889,104.72,104.315,104.026,103.823,103.911,103.788,103.483,103.316,103.475,103.589,103.523,103.314,102.879,102.946,102.494,102.25,102.144,102.112,101.753,101.782,101.697,101.56,101.264,101.143,101.09,100.849,100.624,100.593,100.441,100.229,100.279,100.239,100.279,100.179,99.8989,99.854,99.5455,99.5007,99.3572,99.1144,98.9605,98.871,98.5055,98.4889,98.4088,98.3224,98.2177,98.3743,98.7194,98.6874,98.5541,98.8158,98.9751,98.8878,99.1068,99.2092,99.0322,98.754,98.5951,98.6316,98.531,98.5041,98.4795,98.3479,98.1769,98.1003,98.2026,98.2434,98.2673,98.2946,98.2846,98.322,98.2324,98.4197,98.5468,98.5286,98.7331,98.7226,98.8059,98.7611,98.5327,98.6726,98.5189,98.5369,98.2877,98.3312,98.4471,98.4963,98.4171,98.6476,98.7747,98.7482,98.8311,98.9386,98.7846,98.5855,98.5705,98.7923,99.0297,98.9788,99.2213,99.1195,99.3655,99.4846,99.7594,99.8642,99.8293,99.7193,99.7038,99.6321,99.6918,99.3685,99.3778,99.5998,99.447,99.645,99.5986,99.5446,99.6297,99.7603,100.283,100.392,100.051,100.175,100.037,99.8101,99.8004,99.4797,99.5392,99.4369,99.3413,99.6489,99.6537,99.5825,100.032,100.094,100.642,100.641,100.794,100.839,100.468,100.558,100.829,100.753,101.109,100.897,100.947,101.168,101.603,102.069,101.965,102.244,102.209,101.856,102.08,101.98,101.665,101.786,102.124,102.622,102.176,102.245,102.83,102.772,103.348,103.344,103.04,102.873,102.704,102.759,103.096,103.023,102.813,102.622,102.699,102.336,102.189,102.16,102.679,102.572,101.982,102.211,101.925,101.915,102.601,102.796,103.189,103.068,102.93,103.223,103.744,103.995,103.977,104.206,104.208,103.874,103.697,104.138,104.503,104.479,103.833,103.971,103.658,103.651,104.094,104.216,104.47,104.754,104.474,105.426,105.783,106.167,106.409,106.124,106.823,106.461,105.844,106.036,106.05,106.262,106.842,106.764,107.487,107.286,107.242,108.173,107.716,107.907,107.766,107.534,108.212,107.755,107.931,108.389,108.281,108.788,108.179,108.354,108.143,107.511,108.096,108.284,107.869,107.759,107.845,108.142,109.072,108.629,108.888,109.179,109.144,109.824,110.463,110.752,110.946,110.64,111.927,112.249,111.611,110.871,110.219,110.596,110.645,111.435,111.206,110.271,110.299,110.646,111.182,112.819,113.208,113.455,112.975,111.903,111.355,112.082,111.822,112.125,111.227,110.987,110.705,111.069,111.534,112.277,112.452,113.305,114.101,113.361,113.097,114.585,115.387,115.81,116.308,116.935,115.369,115.019,115.473,115.399,114.699,114.316,115.239,114.829,114.731,115.194,116.003,116.947,117.645,118.248,118.837,119.925,121.878,123.168,123.89,122.835,122.732,121.529,121.371,120.106,119.809,119.544,116.951,116.498,117.851,117.917,118.823,119.905,122.49,120.2,119.628,120.91,121.899,121.263,121.972,121.696,122.415,121.929,124.825,125.995,127.987,128.433,128.108,130.203,132.183,128.592,127.768,126.895,125.308,124.113,125.85,127.05,127.537,129.458,133.558,135.687,135.672,137.548,139.237,137.238,140.143,140.53,134.907,135.819,134.495,132.118,133.659,134.329,139.11,138.537,137.964,142.177,139.486,145.773,149.179,149.578,150.106,149.578,149.578,154.317,155.178,155.168,147.893,151.973,150.546,149.546,146.448,149.241,147.548,146.387,149.393,150.423,150.421,149.67,150.434,152.186,151.381,154.547,155.245,153.769,161.364,159.235,161.166,165.016,174.329,172.414,165.789,167.262,166.899,161.457,168.385,178.155,181.025,174.417,172.125,174.89,175.88,185.002,193.927,187.989,177.544,170.384,167.044,177.722,170.993,174.771,169.08,168.102,172.077,171.888,174.987,176.344,169.706,186.74,185.109,174.734,170.918,168.247,169.545,166.797,169.934,178.384,160.859,163.974,173.503,171.606,166.357,166.212,163.266,166.064,152.786,159.041,152.363,151.798,146.171,142.365,144.398,146.385,139.18,141.331,140.997,144.877,142.645,145.129,150.563,147.801,147.557,144.062,144.743,143.197,144.994,144.823,145.305,145.231,140.18,138.383,147.367,144.836,146.385,144.934,145.703,148.492,147.134,154.321,146.807,138.295,143.03,135.002,129.314,126.043,116.972,113.946,110.604,114.903,114.442,108.513,108.784,108.59,108.656,109.079,112.402,112.087,108.455,108.363,108.565,110.022,107.572,109.007,109.465,105.663,103.99,103.97,101.959,103.198,101.882,102.307,98.8033,98.5786,99.029,96.6164,95.4565,93.8897,95.1431,95.7559,95.1856,96.26,93.7351,90.9564,91.0791,91.1396,92.0733,87.7293,86.9453,87.3598,87.3441,88.0413,87.3835,87.4582,88.6737,89.5312,89.8893,88.5353,87.8894,86.2376,86.8597,87.4951,88.3375,86.1201,85.1286,85.7857,85.393,82.8446,81.7147,80.4474,81.175,79.3714,79.4928,79.2703,77.7419,78.6393,81.9644,82.6136,81.9119,80.4092,80.1579,79.7769,80.1999,81.1376,80.0308,77.5326,76.2465,77.0914,78.0411,78.1051,76.9774,75.7525,76.4858,76.9687,77.3187,78.0267,79.1393,78.1401,79.451,79.0107,77.4933,77.2237,77.5701,77.0889,76.1394,75.6165,76.1532,75.218,76.2013,78.3131,77.9615,76.9453,77.3322,78.67,78.1592,78.5612,79.0804,78.8953,77.7684,77.134,76.9669,77.0868,76.5019,75.0401,74.7398,74.0677,73.7704,74.5604,74.6746,74.1931,74.7893,75.3566,76.922,76.0293,75.3632,75.6883,74.4399,73.9426,75.0847,73.2151,71.9281,71.0579,70.3129,70.4834,71.1512,71.6231,70.6389,68.8571,69.4513,69.8216,69.9316,71.119,71.7948,70.9873,70.8947,71.4372,71.8614,72.7816,73.1536,71.6509,71.4238,71.042,70.4965,70.5737,71.299,-391.935,194.262,108.621,136.517,
W_1741A2/175_J_Faint_0.50_SI1,100.317,-1.07376,2.61035,95.2102,100.823,105.541,569.65,89.4374,0.0231932,0.450281,2.82257,112.36,6311.81, ,200,-39.4102,-535.514,57.1734,96.4083,96.3261,95.6863,95.7387,95.9627,95.9548,95.4773,95.2642,94.6478,93.6438,93.519,94.1061,94.1162,94.2766,93.9409,94.003,93.6181,93.8692,94.0145,93.8381,93.4757,93.0161,92.7731,93.2772,93.231,93.5237,93.6519,93.6337,93.3593,93.3744,94.0549,94.1444,93.6415,93.8652,93.9144,94.4383,94.841,95.6696,96.2569,96.059,96.0823,96.8074,96.8092,96.992,96.5688,96.9349,96.6077,95.802,95.7372,95.1882,94.7293,95.0398,94.5826,94.7008,94.264,94.3648,94.5715,94.7567,94.9487,95.4001,94.9854,95.3326,95.5814,95.3578,95.533,95.5944,95.4726,95.4563,95.3812,95.5823,94.9551,94.5574,95.0425,94.8057,94.8353,94.508,94.0385,94.0758,94.1055,94.3448,94.4691,93.8535,94.0741,94.464,94.194,95.0441,94.5326,94.167,93.9523,93.6423,94.0538,93.8444,93.4453,93.8347,93.3985,93.8606,94.1893,94.6673,95.0417,95.5378,95.7867,95.7025,95.5559,95.8705,95.4723,95.0612,94.6151,94.5159,93.8078,93.5635,93.8797,94.2778,94.2355,94.6118,94.7376,94.8155,94.5823,94.7862,94.9222,94.7835,94.5138,94.275,94.4275,94.7041,95.0727,95.7921,95.8513,96.0351,96.1661,96.5584,96.8737,96.8824,96.9944,97.0568,96.5089,96.3441,96.3264,96.4642,96.035,95.5761,95.3893,95.3057,95.3655,95.4064,95.5439,95.4736,95.2506,95.2108,95.5249,95.4074,95.4276,95.2969,95.1416,94.8845,94.7502,94.4865,94.866,94.9353,95.154,94.9731,95.0855,95.6885,96.0328,96.4113,96.8181,96.6971,96.589,96.4706,96.4758,96.7518,96.7089,96.478,96.1246,95.8103,95.8174,95.945,95.8938,95.9302,95.5179,95.0915,95.2813,94.9534,94.9527,94.528,94.0181,93.5502,93.2712,92.659,92.6325,92.0272,91.9026,91.1131,90.9801,90.9003,90.7347,90.5577,90.5228,89.9277,90.0091,89.7018,89.7841,89.4178,89.009,88.9103,88.5326,88.3988,88.1916,87.6749,87.3885,86.9731,86.8998,86.8598,86.3739,86.1377,85.9279,85.8256,85.5272,85.3525,85.3889,85.3656,84.9564,84.8842,84.6656,84.0592,83.5974,83.1285,82.6129,82.167,81.4398,80.8219,80.1794,79.562,78.9943,78.1978,77.5444,76.8194,76.0082,75.1,74.2379,73.1946,72.1285,71.0372,70.0432,69.0153,67.9261,66.8874,65.9518,65.3488,64.9396,64.7696,64.7635,64.8795,64.9362,64.9333,64.7886,64.5157,64.1554,63.8679,63.8506,64.1026,64.6295,65.4747,66.5271,67.6252,68.7731,70.0124,71.3615,72.6868,73.9883,75.0946,75.6958,75.57,74.9856,74.8151,75.32,76.1436,77.1855,78.2761,79.608,81.4137,83.9443,86.9288,89.3301,90.8157,91.8441,92.6451,93.4145,94.0286,94.582,95.0196,95.4136,95.7065,96.0418,96.3301,96.5804,96.7731,96.99,97.1948,97.3289,97.4337,97.5906,97.6283,97.6837,97.7531,97.7622,97.7509,97.7436,97.7614,97.7808,97.7979,97.8109,97.8093,97.8187,97.8385,97.8426,97.8259,97.7757,97.6697,97.5894,97.513,97.4311,97.3531,97.298,97.2559,97.2632,97.3112,97.4309,97.4855,97.5713,97.6695,97.7267,97.7891,97.8502,97.8744,97.8537,97.8321,97.8513,97.8518,97.8589,97.886,97.9308,97.9991,98.0427,98.1429,98.2148,98.2447,98.3117,98.3441,98.3554,98.2927,98.1741,98.0503,97.8768,97.7252,97.5892,97.4938,97.4738,97.4945,97.6184,97.7951,98.0293,98.3227,98.629,98.9284,99.1826,99.3878,99.5866,99.7455,99.8597,99.9736,100.063,100.115,100.183,100.223,100.256,100.323,100.355,100.41,100.421,100.429,100.48,100.525,100.57,100.608,100.607,100.601,100.61,100.656,100.682,100.663,100.666,100.694,100.707,100.702,100.72,100.762,100.764,100.775,100.791,100.787,100.768,100.777,100.803,100.818,100.792,100.804,100.799,100.832,100.866,100.891,100.906,100.902,100.925,100.923,100.937,100.958,100.945,100.944,100.942,100.931,100.944,100.927,100.926,100.889,100.883,100.893,100.882,100.868,100.875,100.869,100.877,100.881,100.892,100.889,100.881,100.867,100.89,100.882,100.901,100.902,100.917,100.928,100.947,100.933,100.949,100.941,100.957,100.938,100.932,100.932,100.922,100.916,100.919,100.92,100.917,100.893,100.881,100.894,100.882,100.886,100.888,100.891,100.914,100.907,100.931,100.97,100.956,100.986,100.997,101.005,101.025,101.002,100.988,100.989,100.952,100.987,100.98,100.977,100.964,100.967,100.977,100.991,100.996,101.017,100.98,100.963,100.944,100.952,100.979,100.952,100.972,100.98,100.987,101.005,101.029,101.061,101.044,100.989,101.035,101.005,100.988,100.984,100.994,100.979,100.987,101.016,101.048,101.035,101.083,101.099,101.122,101.103,101.109,101.113,101.116,101.11,101.099,101.081,101.097,101.079,101.102,101.107,101.085,101.081,101.086,101.083,101.074,101.054,101.078,101.089,101.092,101.123,101.135,101.132,101.129,101.133,101.143,101.131,101.131,101.128,101.113,101.098,101.107,101.131,101.158,101.172,101.193,101.173,101.184,101.191,101.211,101.197,101.189,101.172,101.169,101.172,101.175,101.171,101.183,101.182,101.203,101.196,101.204,101.196,101.177,101.191,101.224,101.236,101.236,101.249,101.28,101.266,101.256,101.257,101.274,101.245,101.217,101.213,101.219,101.208,101.23,101.245,101.223,101.208,101.232,101.219,101.222,101.187,101.182,101.175,101.173,101.194,101.185,101.181,101.203,101.186,101.196,101.19,101.196,101.216,101.214,101.224,101.211,101.225,101.244,101.269,101.3,101.316,101.324,101.332,101.345,101.382,101.395,101.398,101.41,101.407,101.393,101.359,101.378,101.385,101.357,101.343,101.349,101.329,101.309,101.331,101.365,101.341,101.34,101.356,101.382,101.389,101.393,101.419,101.402,101.4,101.44,101.431,101.401,101.371,101.347,101.372,101.364,101.367,101.388,101.389,101.425,101.47,101.493,101.547,101.517,101.515,101.496,101.435,101.402,101.408,101.394,101.396,101.345,101.359,101.411,101.463,101.506,101.544,101.516,101.495,101.485,101.522,101.546,101.519,101.53,101.557,101.514,101.501,101.53,101.54,101.527,101.506,101.532,101.542,101.521,101.574,101.613,101.592,101.581,101.625,101.642,101.62,101.579,101.607,101.563,101.565,101.593,101.569,101.561,101.581,101.581,101.552,101.524,101.572,101.577,101.608,101.688,101.687,101.663,101.676,101.726,101.773,101.721,101.727,101.746,101.772,101.82,101.818,101.855,101.844,101.835,101.937,101.865,101.794,101.752,101.752,101.765,101.756,101.877,101.824,101.859,101.92,101.94,101.988,102.01,102.008,102.075,101.988,102.032,101.949,101.952,102.085,102,101.868,101.907,101.836,101.919,101.973,101.943,102.01,101.901,101.911,101.984,101.967,101.991,101.877,101.878,101.941,101.951,101.904,101.941,101.931,101.976,101.958,102.003,101.985,101.947,101.88,101.846,101.811,101.776,101.746,101.684,101.753,101.685,101.767,101.728,101.822,101.78,101.949,102.109,102.136,102.114,102.133,102.078,102.237,102.293,102.381,102.252,102.031,102.091,102.042,102.083,102.252,102.191,102.169,102.33,102.319,102.494,102.51,102.69,102.781,102.671,102.714,102.732,102.744,102.793,102.776,102.767,102.639,102.669,102.656,102.5,102.547,102.336,102.263,102.233,102.306,102.301,102.267,102.198,102.313,102.18,102.242,102.167,102.061,101.886,101.953,101.799,101.934,101.797,101.912,102.164,102.203,102.202,102.343,102.331,102.37,102.403,102.549,102.544,102.193,102.153,102.098,101.781,101.517,102.037,101.887,101.921,102.009,101.939,102.317,102.437,102.809,102.84,102.343,102.198,102.25,102.133,102.133,101.86,101.911,101.93,102.352,102.641,102.779,103.01,103.019,103.161,103.267,103.192,103.215,103.111,102.623,102.663,102.302,102.435,102.276,102.199,102.227,102.26,102.097,102.131,102.492,102.731,102.651,102.896,102.98,103.01,102.842,102.804,103.019,102.451,102.205,102.21,102.224,101.832,101.356,101.407,101.53,101.432,101.451,101.633,101.445,101.473,102.154,102.726,102.642,102.49,102.521,102.44,102.288,102.488,102.49,101.744,101.367,101.385,101.384,101.618,101.487,101.47,101.482,101.405,101.611,102.472,102.521,102.537,102.071,102.398,102.486,102.765,102.939,102.931,102.431,102.395,102.314,102.88,102.935,102.807,102.515,102.566,102.616,102.318,102.166,102.056,102.036,101.887,101.942,101.879,101.347,101.427,101.535,101.777,101.824,101.769,101.186,101.186,101.012,100.918,100.653,101.168,101.306,101.167,100.879,101.187,101.324,101.426,101.828,102.287,101.432,100.984,101.436,101.241,101.702,101.606,101.847,101.922,101.467,101.632,101.695,101.658,101.841,101.571,101.5,101.456,101.428,101.753,101.918,102.29,101.941,102.034,102.348,102.481,102.681,102.581,102.376,102.687,102.633,102.962,102.821,102.966,102.676,102.364,102.136,102.347,102.091,102.095,101.999,102.155,101.965,102.274,102.215,102.325,102.444,102.563,102.701,102.824,102.758,102.469,102.232,102.261,102.219,102.011,102.083,101.628,101.044,101.006,101.216,101.1,101.269,101.757,102.13,102.015,102.15,102.69,102.598,102.673,103.016,102.957,102.669,381.938,20.7921,116.227,-58.1028,
F_1741A2/175_J_Faint_0.50_SI1,103.823,9.05007,-70.1693,125.521,110.216,104.13,466.335,348.671,0.222296,1.22255,70.7505,-82.6509,3883.84, ,66.6667,-105.738,36.755,52.7933,64.757,65.7892,65.1424,65.8826,66.0067,65.8601,65.9452,65.7856,66.083,66.0806,65.3769,65.4145,64.8763,64.9319,65.1483,64.8941,64.953,64.4126,64.5116,64.7948,64.4154,63.9698,64.1558,63.9595,63.7956,63.6571,63.7485,63.9748,63.984,64.1568,64.6425,64.4483,64.3934,64.5755,65.2348,65.1626,64.8839,65.2428,65.6324,65.7315,65.6733,66.1867,66.4681,66.1941,66.0429,66.4192,65.8414,66.1686,65.8776,65.6688,65.5109,65.5626,65.4491,65.956,66.0092,65.7684,65.0674,65.0159,64.8974,64.7837,64.708,64.814,64.4556,63.8734,64.0976,64.2829,64.3924,64.3873,64.6272,64.4826,64.507,64.5366,64.9999,65.2616,65.8991,66.0279,66.3966,66.6818,67.2256,67.078,67.1592,66.8467,66.363,66.1529,66.1009,66.0008,65.2216,64.9123,65.0522,65.5385,65.7744,66.0429,65.9159,65.9067,65.736,65.5943,65.692,65.6085,65.1462,65.0499,64.8788,64.7614,64.8418,64.9932,65.1059,65.052,65.0488,65.2329,65.5089,65.397,65.3625,65.0758,64.9947,65.0725,65.1444,65.6148,65.3768,64.996,65.243,65.474,65.4626,65.9232,66.1914,65.9212,65.6774,65.9308,66.2951,66.6325,66.61,66.9197,67.0041,66.7399,67.0061,66.702,66.6586,66.8128,66.7081,66.5201,66.522,66.0926,66.4126,66.1374,66.1661,65.8571,65.6256,65.2111,65.2249,64.5917,64.6359,64.4245,64.3135,64.4295,64.572,64.6467,64.7791,64.7766,65.0256,65.0635,64.7381,64.8565,64.9443,65.1046,65.0492,64.8384,64.6915,64.8077,64.8959,64.9767,64.9955,64.9936,65.1331,65.1669,65.3943,65.7145,65.6599,65.4563,65.5547,65.5606,65.4898,65.2426,65.2526,65.3551,65.3897,65.5909,65.56,65.4658,65.3958,65.4413,65.582,65.5462,65.4709,65.4242,65.4501,65.5326,65.8469,66.2492,66.7099,67.2179,67.934,68.485,68.9365,69.1345,69.3461,69.3356,69.2554,69.0113,68.6881,68.3003,67.9279,67.5447,67.2106,66.8482,66.5032,66.1583,65.8076,65.4613,65.0834,64.6785,64.2515,63.7778,63.3148,62.8463,62.3754,61.9398,61.5092,61.1231,60.7813,60.4708,60.2017,59.9376,59.6806,59.4434,59.1689,58.9147,58.7114,58.5192,58.3771,58.3599,58.4105,58.5408,58.6721,58.8226,58.9782,59.0718,59.0559,59.0661,58.9773,58.9369,59.0278,59.2503,59.7189,60.1429,60.7082,61.4668,62.1972,62.9288,63.4947,63.8242,64.1391,64.4852,65.1809,65.9128,66.9223,68.4134,70.1463,72.468,75.2037,77.7774,80.767,84.1176,88.2693,93.954,101.173,108.473,114.611,120.664,127.362,134.072,140.494,146.285,150.756,154.313,158.424,164.848,172.712,182.13,193.4,205.866,218.873,231.565,242.534,252.555,260.601,266.36,270.602,271.628,272.039,271.528,271.554,272.926,276.605,281.777,288.361,293.889,299.152,303.055,305.11,307.194,307.803,307.334,305.39,302.265,299.843,298.338,296.858,297.738,297.954,298.441,299.081,300.528,302.272,303.138,304.333,305.117,303.925,302.748,301.322,298.779,295.986,293.281,290.524,287.748,285.43,283.836,281.899,280.065,278.968,278.171,276.94,275.666,273.416,272.025,269.581,266.972,264.883,261.615,257.955,254.839,251.874,249.456,245.813,242.823,240,237.255,234.36,231.66,228.954,226.905,224.682,222.613,220.373,218.591,216.042,214.306,212.098,209.841,206.832,204.034,201.423,199.397,196.983,194.466,191.801,189.695,187.611,185.572,183.213,181.509,179.127,176.622,174.605,172.597,170.697,168.898,166.7,164.642,162.23,160.327,158.371,156.783,155.037,153.24,151.202,149.844,148.648,147.231,145.816,144.78,143.576,142.171,140.77,139.349,138.207,136.655,135.617,134.319,133.207,131.941,131.076,130.479,129.532,128.468,127.495,126.388,125.684,124.764,124.203,123.498,122.497,121.88,121.213,120.651,120.034,119.355,118.749,117.846,117.284,116.574,115.961,115.567,115.107,114.44,113.985,113.687,113.051,112.461,112.047,111.822,111.385,111.169,110.947,110.517,109.971,109.911,109.87,109.546,108.952,108.708,108.175,108.006,107.586,107.448,107.096,106.762,106.557,106.733,106.278,106.233,105.943,106.12,106,105.9,105.72,105.618,105.171,105.221,105.108,105.088,104.909,104.305,104.259,104.118,104.274,104.209,104.033,104.092,104.129,103.969,104.414,104.725,104.679,104.54,104.562,104.391,104.057,103.876,104.075,103.923,103.535,103.395,103.074,103.175,103.278,103.396,103.397,103.154,103.094,103.107,103.459,103.661,103.51,103.586,103.846,103.877,103.853,103.935,103.765,103.505,103.32,103.436,103.489,103.253,103.183,103.364,102.989,103.111,103.123,103.491,103.371,103.182,103.271,103.389,103.337,104.046,104.183,104.302,104.4,104.819,104.845,104.692,104.583,104.846,104.822,104.693,104.717,104.646,104.508,105.077,105.2,105.265,105.196,105.03,105,105.214,105.192,105.337,105.237,105.721,106.156,105.861,105.811,106.24,105.911,105.725,105.615,105.438,105.556,105.579,105.953,106.261,105.954,105.751,106.065,106.23,106.386,106.256,106.442,106.576,106.045,106.133,106.671,106.682,106.741,107.187,107.375,107.149,106.965,107.03,107.513,108.246,108.393,108.467,108.468,108.275,108.497,108.952,110.067,109.791,109.849,109.343,109.027,108.453,109.022,109.053,109.205,108.986,109.297,108.822,110.019,110.384,111.021,110.554,111.044,111.106,111.183,111.16,111.092,110.932,111.639,111.982,112.452,112.274,112.19,112.1,112.232,112.399,112.394,112.189,112.274,112.394,112.24,112.218,112.756,113.169,113.392,113.33,113.781,114.159,113.933,114.598,115.085,114.776,114.404,114.558,114.801,115.135,114.829,115.723,116.076,115.815,115.754,116.627,116.885,116.824,116.784,117.67,117.589,116.782,117.414,117.081,117.457,118.26,118.486,117.533,116.366,116.135,116.643,116.932,118.475,118.141,117.791,118.222,118.056,118.679,118.803,119.229,118.581,117.392,117.881,118.014,117.854,118.485,117.615,117.392,118.475,119.151,118.097,117.27,117.733,117.91,117.913,117.063,118.476,116.138,115.246,117.472,118.055,117.455,117.438,119.422,120.624,119.583,121.237,122.07,122.564,121.713,121.284,122.581,122.874,124.411,125.508,125.959,123.549,122.929,122.774,122.731,121.782,120.332,119.86,118.887,118.139,120.329,120.221,121.403,122.895,123.846,121.925,122.228,121.402,121.374,121.776,121.284,120.862,120.998,120.639,123.024,123.104,125.622,124.328,124.554,124.955,127.273,125.206,124.869,124.201,124.954,125.981,128.298,126.678,129.142,129.623,132.4,134.122,134.665,132.879,132.259,131.417,136.273,136.429,132.165,130.973,130.051,129.173,131.275,131.662,134.56,135.51,133.742,133.753,132.71,135.816,137.239,134.5,133.971,128.69,127.106,128.497,129.115,132.566,123.745,125.922,124.058,124.284,125.275,124.993,127.844,129.438,126.801,130.133,129.05,130.461,129.021,131.565,132.837,130.518,128.03,128.397,132.92,132.912,134.879,135.579,139.158,133.364,131.892,132.996,133.365,128.05,124.06,129.402,130.728,125.468,125.468,128.58,125.188,127.388,130.322,131.65,126.011,125.09,122.904,124.77,115.839,123.357,119.618,120.398,123.591,120.339,120.356,120.548,118.672,125.37,124.321,119.55,117.094,116.201,114.344,113.221,119.582,126.497,118.536,118.536,129.561,126.906,121.86,123.255,119.286,118.568,111.566,113.371,109.071,102.718,100.658,100.253,102.245,106.218,100.635,98.715,102.858,104.947,107.566,109.142,116.345,116.353,111.073,111.287,112.234,109.915,110.183,106.719,106.461,99.4679,92.5777,90.904,94.276,92.767,92.3123,91.8175,92.1565,94.8261,96.2253,101.101,101.439,99.1155,103.331,100.979,93.9272,90.38,88.838,88.0937,85.856,88.0937,88.7705,86.2748,81.8866,83.4628,82.732,79.3108,83.0722,84.0684,82.0319,79.2358,79.6736,85.4513,86.7395,91.3664,93.5531,88.7105,88.0035,89.3244,90.561,89.6288,86.3128,86.1959,83.736,81.2713,82.785,81.7284,80.6821,79.4548,80.2904,80.9567,81.6657,81.2804,81.0957,76.9984,76.8909,76.7085,75.7927,74.2277,73.2868,72.7447,72.4576,72.4838,73.4572,71.7391,71.3663,73.0813,73.8399,75.3986,74.0154,73.7189,73.7395,72.9093,74.0518,75.3656,74.1141,72.6035,70.0573,69.5269,68.9242,69.7648,71.7049,71.191,69.4775,70.3539,70.8121,71.0014,72.62,71.9703,70.0385,67.7764,68.8089,70.0381,69.2979,69.1018,69.0941,68.101,69.6509,70.0483,71.0763,69.8284,68.0984,68.0399,68.4773,68.344,68.1046,66.8909,67.3966,68.4912,69.4779,69.8163,68.2728,67.6032,68.4396,66.8196,66.4556,67.4204,65.7464,64.5835,65.211,67.0635,66.8936,66.3843,67.3594,68.4133,66.6884,68.7621,70.0868,69.0415,68.3404,69.1494,68.1827,68.4085,68.2524,67.8521,66.441,65.5455,65.6409,65.077,65.5638,66.0464,67.1695,67.9886,69.0135,69.8489,69.3393,69.8387,69.8211,68.0871,68.2118,67.8722,65.789,66.1984,64.787,65.3333,65.5042,65.5713,65.3209,64.8652,64.8088,66.043,65.1151,65.8207,66.0378,64.5874,64.5874,64.4557,65.264,65.5265,64.9483,65.0977,64.7521,64.8393,65.3479,66.0379,67.7209,-401.613,238.525,532.759,5.05618,
W_Calibration,100,0,0,95.0422,100,108.876,565.016,99.9909,1.74827e-05,0.00127928,0,0,6504.1, ,100,100,100,100,100,100,100,100,100,100,100,100,100,100,100,100,100,100,100,100,100,100,100,100,100,100,100,100,100,100,100,100,100,100,100,100,100,100,100,100,100,100,100,100,100,100,100,100,100,100,100,100,100,100,100,100,100,100,100,100,100,100,100,100,100,100,100,100,100,100,100,100,100,100,100,100,100,100,100,100,100,100,100,100,100,100,100,100,100,100,100,100,100,100,100,100,100,100,100,100,100,100,100,100,100,100,100,100,100,100,100,100,100,100,100,100,100,100,100,100,100,100,100,100,100,100,100,100,100,100,100,100,100,100,100,100,100,100,100,100,100,100,100,100,100,100,100,100,100,100,100,100,100,100,100,100,100,100,100,100,100,100,100,100,100,100,100,100,100,100,100,100,100,100,100,100,100,100,100,100,100,100,100,100,100,100,100,100,100,100,100,100,100,100,100,100,100,100,100,100,100,100,100,100,100,100,100,100,100,100,100,100,100,100,100,100,100,100,100,100,100,100,100,100,100,100,100,100,100,100,100,100,100,100,100,100,100,100,100,100,100,100,100,100,100,100,100,100,100,100,100,100,100,100,100,100,100,100,100,100,100,100,100,100,100,100,100,100,100,100,100,100,100,100,100,100,100,100,100,100,100,100,100,100,100,100,100,100,100,100,100,100,100,100,100,100,100,100,100,100,100,100,100,100,100,100,100,100,100,100,100,100,100,100,100,100,100,100,100,100,100,100,100,100,100,100,100,100,100,100,100,100,100,100,100,100,100,100,100,100,100,100,100,100,100,100,100,100,100,100,100,100,100,100,100,100,100,100,100,100,100,100,100,100,100,100,100,100,100,100,100,100,100,100,100,100,100,100,100,100,100,100,100,100,100,100,100,100,100,100,100,100,100,100,100,100,100,100,100,100,100,100,100,100,100,100,100,100,100,100,100,100,100,100,100,100,100,100,100,100,100,100,100,100,100,100,100,100,100,100,100,100,100,100,100,100,100,100,100,100,100,100,100,100,100,100,100,100,100,100,100,100,100,100,100,100,100,100,100,100,100,100,100,100,100,100,100,100,100,100,100,100,100,100,100,100,100,100,100,100,100,100,100,100,100,100,100,100,100,100,100,100,100,100,100,100,100,100,100,100,100,100,100,100,100,100,100,100,100,100,100,100,100,100,100,100,100,100,100,100,100,100,100,100,100,100,100,100,100,100,100,100,100,100,100,100,100,100,100,100,100,100,100,100,100,100,100,100,100,100,100,100,100,100,100,100,100,100,100,100,100,100,100,100,100,100,100,100,100,100,100,100,100,100,100,100,100,100,100,100,100,100,100,100,100,100,100,100,100,100,100,100,100,100,100,100,100,100,100,100,100,100,100,100,100,100,100,100,100,100,100,100,100,100,100,100,100,100,100,100,100,100,100,100,100,100,100,100,100,100,100,100,100,100,100,100,100,100,100,100,100,100,100,100,100,100,100,100,100,100,100,100,100,100,100,100,100,100,100,100,100,100,100,100,100,100,100,100,100,100,100,100,100,100,100,100,100,100,100,100,100,100,100,100,100,100,100,100,100,100,100,100,100,100,100,100,100,100,100,100,100,100,100,100,100,100,100,100,100,100,100,100,100,100,100,100,100,100,100,100,100,100,100,100,100,100,100,100,100,100,100,100,100,100,100,100,100,100,100,100,100,100,100,100,100,100,100,100,100,100,100,100,100,100,100,100,100,100,100,100,100,100,100,100,100,100,100,100,100,100,100,100,100,100,100,100,100,100,100,100,100,100,100,100,100,100,100,100,100,100,100,100,100,100,100,100,100,100,100,100,100,100,100,100,100,100,100,100,100,100,100,100,100,100,100,100,100,100,100,100,100,100,100,100,100,100,100,100,100,100,100,100,100,100,100,100,100,100,100,100,100,100,100,100,100,100,100,100,100,100,100,100,100,100,100,100,100,100,100,100,100,100,100,100,100,100,100,100,100,100,100,100,100,100,100,100,100,100,100,100,100,100,100,100,100,100,100,100,100,100,100,100,100,100,100,100,100,100,100,100,100,100,100,100,100,100,100,100,100,100,100,100,100,100,100,100,100,100,100,100,100,100,100,100,100,100,100,100,100,100,100,100,100,100,100,100,100,100,100,100,100,100,100,100,100,100,100,100,100,100,100,100,100,100,100,100,100,100,100,100,100,100,100,100,100,100,100,100,100,100,100,100,100,100,100,100,100,100,100,100,100,100,100,100,100,100,100,100,100,100,100,100,100,100,100,100,100,100,100,100,100,100,100,100,100,100,100,100,100,100,100,100,100,100,100,100,100,100,100,100,100,100,100,100,100,100,100,100,100,100,100,100,100,100,100,100,100,100,100,100,100,100,100,100,
F_Calibration,100,0,0,108.104,100,39.2965,491.07,99.9909,0.000170256,0.00127928,0,0,3000.62, ,100,100,100,100,100,100,100,100,100,100,100,100,100,100,100,100,100,100,100,100,100,100,100,100,100,100,100,100,100,100,100,100,100,100,100,100,100,100,100,100,100,100,100,100,100,100,100,100,100,100,100,100,100,100,100,100,100,100,100,100,100,100,100,100,100,100,100,100,100,100,100,100,100,100,100,100,100,100,100,100,100,100,100,100,100,100,100,100,100,100,100,100,100,100,100,100,100,100,100,100,100,100,100,100,100,100,100,100,100,100,100,100,100,100,100,100,100,100,100,100,100,100,100,100,100,100,100,100,100,100,100,100,100,100,100,100,100,100,100,100,100,100,100,100,100,100,100,100,100,100,100,100,100,100,100,100,100,100,100,100,100,100,100,100,100,100,100,100,100,100,100,100,100,100,100,100,100,100,100,100,100,100,100,100,100,100,100,100,100,100,100,100,100,100,100,100,100,100,100,100,100,100,100,100,100,100,100,100,100,100,100,100,100,100,100,100,100,100,100,100,100,100,100,100,100,100,100,100,100,100,100,100,100,100,100,100,100,100,100,100,100,100,100,100,100,100,100,100,100,100,100,100,100,100,100,100,100,100,100,100,100,100,100,100,100,100,100,100,100,100,100,100,100,100,100,100,100,100,100,100,100,100,100,100,100,100,100,100,100,100,100,100,100,100,100,100,100,100,100,100,100,100,100,100,100,100,100,100,100,100,100,100,100,100,100,100,100,100,100,100,100,100,100,100,100,100,100,100,100,100,100,100,100,100,100,100,100,100,100,100,100,100,100,100,100,100,100,100,100,100,100,100,100,100,100,100,100,100,100,100,100,100,100,100,100,100,100,100,100,100,100,100,100,100,100,100,100,100,100,100,100,100,100,100,100,100,100,100,100,100,100,100,100,100,100,100,100,100,100,100,100,100,100,100,100,100,100,100,100,100,100,100,100,100,100,100,100,100,100,100,100,100,100,100,100,100,100,100,100,100,100,100,100,100,100,100,100,100,100,100,100,100,100,100,100,100,100,100,100,100,100,100,100,100,100,100,100,100,100,100,100,100,100,100,100,100,100,100,100,100,100,100,100,100,100,100,100,100,100,100,100,100,100,100,100,100,100,100,100,100,100,100,100,100,100,100,100,100,100,100,100,100,100,100,100,100,100,100,100,100,100,100,100,100,100,100,100,100,100,100,100,100,100,100,100,100,100,100,100,100,100,100,100,100,100,100,100,100,100,100,100,100,100,100,100,100,100,100,100,100,100,100,100,100,100,100,100,100,100,100,100,100,100,100,100,100,100,100,100,100,100,100,100,100,100,100,100,100,100,100,100,100,100,100,100,100,100,100,100,100,100,100,100,100,100,100,100,100,100,100,100,100,100,100,100,100,100,100,100,100,100,100,100,100,100,100,100,100,100,100,100,100,100,100,100,100,100,100,100,100,100,100,100,100,100,100,100,100,100,100,100,100,100,100,100,100,100,100,100,100,100,100,100,100,100,100,100,100,100,100,100,100,100,100,100,100,100,100,100,100,100,100,100,100,100,100,100,100,100,100,100,100,100,100,100,100,100,100,100,100,100,100,100,100,100,100,100,100,100,100,100,100,100,100,100,100,100,100,100,100,100,100,100,100,100,100,100,100,100,100,100,100,100,100,100,100,100,100,100,100,100,100,100,100,100,100,100,100,100,100,100,100,100,100,100,100,100,100,100,100,100,100,100,100,100,100,100,100,100,100,100,100,100,100,100,100,100,100,100,100,100,100,100,100,100,100,100,100,100,100,100,100,100,100,100,100,100,100,100,100,100,100,100,100,100,100,100,100,100,100,100,100,100,100,100,100,100,100,100,100,100,100,100,100,100,100,100,100,100,100,100,100,100,100,100,100,100,100,100,100,100,100,100,100,100,100,100,100,100,100,100,100,100,100,100,100,100,100,100,100,100,100,100,100,100,100,100,100,100,100,100,100,100,100,100,100,100,100,100,100,100,100,100,100,100,100,100,100,100,100,100,100,100,100,100,100,100,100,100,100,100,100,100,100,100,100,100,100,100,100,100,100,100,100,100,100,100,100,100,100,100,100,100,100,100,100,100,100,100,100,100,100,100,100,100,100,100,100,100,100,100,100,100,100,100,100,100,100,100,100,100,100,100,100,100,100,100,100,100,100,100,100,100,100,100,100,100,100,100,100,100,100,100,100,100,100,100,100,100,100,100,100,100,100,100,100,100,100,100,100,100,100,100,100,100,100,100,100,100,100,100,100,100,100,100,100,100,100,100,100,100,100,100,100,100,100,100,100,100,100,100,100,100,100,100,100,100,100,100,100,100,100,100,100,100,100,100,100,100,100,100,100,100,100,100,100,100,100,100,100,100,100,100,100,
W_3492A2/17_G_None_0.523_VS2,100.607,-0.71571,1.34159,96.1295,101.577,108.394,567.578,95.7392,0.0115885,0.503487,1.52056,118.079,6413.51, ,25,139.889,35.8932,-21500,97.0649,96.8591,96.5082,96.8614,96.5676,97.0464,97.0929,97.2803,97.6643,98.0367,97.8711,97.8753,97.8351,97.9409,97.1885,96.792,96.7059,96.874,96.2661,96.6075,96.6155,96.6071,96.5956,96.6753,96.4123,96.3251,96.6614,96.8791,96.7926,97.1227,97.1799,97.461,97.732,98.617,98.6871,98.7826,99.322,99.1268,99.1299,99.0666,99.4229,99.6018,99.9521,100.213,99.2215,98.9891,99.7613,99.9534,99.3472,98.9553,99.1067,98.2739,98.2077,98.6391,98.4539,98.0259,98.4088,99.3813,99.4849,99.1374,99.3359,99.2037,98.8648,98.7015,98.2568,97.7853,97.2093,97.0019,97.2191,97.0912,97.3242,97.7529,97.6146,98.1985,97.9265,98.4545,98.1636,97.6327,97.986,98.0388,98.0815,98.3202,98.4142,98.6279,98.1821,98.7557,98.781,98.5762,98.2063,97.9433,97.8902,97.4059,97.9091,97.7767,97.2775,97.2696,96.9181,96.945,96.6585,96.6626,96.6621,96.2149,96.1775,96.6717,96.7017,96.7108,97.0777,97.1615,97.3063,97.294,96.9242,97.09,97.2474,97.6579,97.9016,97.8975,98.2919,98.3955,98.7647,99.2188,99.3212,99.1525,99.168,99.1429,99.3548,99.3407,99.133,99.123,99.2213,98.9055,98.6385,98.2659,98.6917,98.4914,98.5913,98.6372,97.9831,97.8438,98.3079,98.3905,98.4751,98.041,97.8399,97.7184,98.0756,98.3176,98.5413,98.5776,98.455,98.4582,98.9383,99.0167,98.8007,98.6234,98.8734,98.6119,98.4054,98.4816,98.603,98.5954,98.6386,98.6552,98.6509,98.4071,98.659,98.516,98.3652,98.196,97.7568,97.8712,97.8766,97.6896,97.7238,97.7526,98.0647,98.1451,98.5665,98.4655,98.2184,98.2688,98.3638,98.5365,98.2493,98.0152,97.9833,97.6809,97.6935,97.4111,97.1655,96.6438,96.3078,96.0978,95.7273,95.7833,95.0984,94.9595,95.0655,94.87,94.7408,94.6123,94.545,94.3173,93.9097,93.9684,93.8492,93.8785,93.8477,94.0119,93.857,93.7619,93.7306,93.6691,93.583,93.3874,92.9975,92.7677,92.7261,92.5014,92.2059,92.1715,92.1966,92.0311,91.948,91.6862,91.4006,90.9062,90.639,90.1051,89.5668,89.0857,88.636,87.8488,87.3053,86.8594,86.3306,85.9019,85.5133,85.0324,84.5436,84.1667,83.8549,83.4197,82.6972,82.0099,81.4618,80.8277,80.2243,79.9081,79.6718,79.5402,79.5498,79.7356,79.8366,79.8912,79.7876,79.6797,79.3677,79.2177,79.2338,79.4719,79.9179,80.569,81.2757,82.0581,82.8471,83.7226,84.6278,85.5207,86.3698,87.0382,87.3685,87.2197,86.7284,86.5233,86.8477,87.3619,87.9653,88.6422,89.439,90.5329,92.1349,94.0642,95.5385,96.3431,96.8209,97.2751,97.5667,97.888,98.1121,98.3581,98.5726,98.7924,98.9476,99.1396,99.2264,99.3655,99.4635,99.6263,99.6829,99.7586,99.7827,99.8133,99.8424,99.8997,99.9384,99.9533,99.9577,100.024,100.015,100.015,100.033,100.046,100.081,100.075,100.075,100.053,100.009,99.9967,99.9479,99.9277,99.8794,99.8142,99.7879,99.7653,99.78,99.7947,99.8401,99.9145,99.9465,99.9897,100.034,100.114,100.143,100.155,100.177,100.176,100.174,100.182,100.194,100.223,100.208,100.236,100.27,100.311,100.32,100.355,100.375,100.402,100.396,100.365,100.297,100.211,100.092,100.002,99.9176,99.8797,99.8564,99.8865,99.9577,100.102,100.251,100.426,100.599,100.775,100.915,101.031,101.156,101.228,101.275,101.329,101.39,101.446,101.474,101.471,101.52,101.526,101.552,101.6,101.607,101.624,101.632,101.678,101.724,101.704,101.722,101.752,101.737,101.759,101.766,101.784,101.773,101.793,101.824,101.818,101.808,101.826,101.801,101.79,101.777,101.772,101.754,101.764,101.739,101.729,101.724,101.738,101.736,101.733,101.721,101.721,101.714,101.722,101.735,101.73,101.734,101.709,101.709,101.721,101.729,101.725,101.708,101.711,101.709,101.704,101.717,101.712,101.704,101.684,101.693,101.708,101.713,101.702,101.701,101.707,101.717,101.712,101.724,101.716,101.712,101.698,101.702,101.696,101.668,101.671,101.673,101.672,101.676,101.67,101.657,101.657,101.658,101.676,101.664,101.666,101.653,101.629,101.638,101.654,101.641,101.631,101.629,101.623,101.614,101.601,101.61,101.599,101.583,101.596,101.602,101.606,101.605,101.605,101.615,101.622,101.61,101.61,101.596,101.605,101.595,101.582,101.58,101.565,101.552,101.563,101.551,101.554,101.546,101.56,101.579,101.562,101.602,101.597,101.586,101.6,101.607,101.599,101.599,101.611,101.621,101.595,101.595,101.608,101.59,101.579,101.583,101.568,101.549,101.551,101.566,101.573,101.575,101.574,101.589,101.598,101.619,101.624,101.613,101.598,101.593,101.58,101.591,101.596,101.588,101.568,101.582,101.58,101.574,101.551,101.554,101.574,101.555,101.547,101.552,101.546,101.548,101.556,101.587,101.585,101.554,101.562,101.576,101.552,101.544,101.55,101.545,101.542,101.531,101.553,101.554,101.538,101.537,101.515,101.514,101.523,101.518,101.556,101.551,101.542,101.536,101.577,101.586,101.59,101.582,101.562,101.548,101.518,101.522,101.528,101.505,101.512,101.522,101.517,101.532,101.529,101.563,101.578,101.587,101.581,101.589,101.582,101.604,101.622,101.596,101.584,101.544,101.528,101.551,101.56,101.553,101.512,101.495,101.525,101.519,101.526,101.534,101.535,101.532,101.528,101.574,101.576,101.562,101.573,101.619,101.623,101.615,101.617,101.636,101.624,101.645,101.673,101.684,101.677,101.689,101.689,101.68,101.676,101.664,101.659,101.658,101.653,101.623,101.635,101.643,101.649,101.659,101.685,101.671,101.675,101.676,101.67,101.644,101.676,101.688,101.708,101.703,101.714,101.721,101.72,101.759,101.778,101.746,101.738,101.693,101.706,101.721,101.723,101.714,101.724,101.737,101.741,101.745,101.766,101.721,101.711,101.699,101.701,101.718,101.721,101.719,101.724,101.756,101.809,101.82,101.811,101.846,101.851,101.861,101.898,101.908,101.892,101.859,101.879,101.894,101.899,101.871,101.862,101.846,101.876,101.84,101.876,101.902,101.891,101.88,101.926,101.948,101.926,101.868,101.908,101.954,101.911,101.892,101.886,101.847,101.855,101.88,101.94,101.942,101.891,101.901,101.947,101.978,101.987,101.956,102.002,101.965,102.001,102.039,102.093,102.109,102.086,102.108,102.136,102.142,102.143,102.092,102.071,102.052,102.065,102.087,102.094,102.088,101.991,102.077,102.096,102.123,102.047,101.997,102.062,102.079,102.094,102.116,102.039,102.106,102.204,102.258,102.365,102.372,102.301,102.344,102.46,102.502,102.455,102.289,102.343,102.306,102.266,102.265,102.234,102.149,102.125,102.191,102.293,102.271,102.188,102.333,102.483,102.535,102.517,102.518,102.491,102.489,102.469,102.487,102.251,102.234,102.259,102.287,102.31,102.352,102.214,102.2,102.354,102.583,102.473,102.437,102.41,102.517,102.489,102.754,102.739,102.655,102.526,102.552,102.536,102.674,102.661,102.617,102.465,102.528,102.548,102.749,102.876,102.787,102.798,102.815,102.854,102.992,103.174,103.143,102.987,102.907,102.871,102.831,102.644,102.765,102.484,102.228,102.368,102.407,102.5,102.561,102.455,102.674,102.675,102.85,103.005,102.75,102.641,102.483,102.587,102.764,102.608,102.527,102.511,102.315,102.505,102.586,102.658,102.724,102.906,102.94,102.942,102.874,102.977,103.11,102.833,102.775,102.767,102.628,102.672,102.614,102.576,102.841,102.563,102.834,102.848,102.804,102.8,102.654,102.714,102.687,102.309,102.521,102.437,102.604,102.717,102.819,102.812,102.762,102.867,102.979,102.98,103.22,103.175,103.205,102.728,103.012,102.93,102.885,102.938,102.722,102.74,102.844,102.509,102.727,102.698,102.774,102.749,102.453,102.771,102.467,102.513,102.674,102.893,102.756,102.737,102.627,103.003,102.86,102.789,102.538,102.444,102.134,101.984,102.077,102.164,102.098,102.239,102.445,102.574,102.55,102.9,102.946,103.123,103.2,103.323,103.504,103.519,103.21,103.337,103.035,102.928,102.421,102.685,102.098,101.835,101.8,102.12,101.915,102.2,102.31,102.487,102.155,102.348,102.118,101.733,101.508,101.497,101.256,101.395,101.761,101.916,101.814,101.996,102.138,102.34,102.303,102.066,101.738,101.7,101.97,101.8,101.887,102.135,101.878,102.097,102.384,102.498,102.011,101.825,102.036,102.108,102.236,102.241,102.207,101.76,101.619,101.987,101.986,101.787,101.368,100.986,100.996,101.108,101.151,101.522,101.36,101.138,101.542,101.844,101.806,101.949,101.856,102.261,102.306,102.254,102.585,102.428,102.053,102.292,102.107,101.982,101.996,102.03,102.31,102.223,102.362,102.999,102.984,103.219,103.524,103.337,102.932,102.775,102.547,102.508,102.2,102.431,102.544,102.072,101.83,101.942,102.205,102.471,102.896,102.897,102.684,102.387,102.679,103.407,103.604,103.394,103.469,102.943,103.393,103.548,103.84,103.856,103.42,103.275,102.971,103.036,103.197,102.888,102.455,102.277,102.283,102.359,102.373,102.681,102.63,102.69,102.543,102.775,102.834,102.93,15.8598,-29.8197,60.0476,417.355,
F_3492A2/17_G_None_0.523_VS2,100.707,3.15562,-19.386,112.177,101.839,52.7362,452.001,175.762,0.0583697,-1.37988,19.6412,-80.7546,3106.32, ,33.3333,1750,467.949,28.481,78.4697,77.687,77.3443,77.0407,77.4651,77.9069,78.2852,79.1208,78.9696,78.5658,79.2983,79.787,79.6348,79.7812,79.296,79.0767,78.3716,79.031,78.9549,78.9836,78.9959,79.7925,79.6922,80.2442,80.3698,80.0294,79.6193,80.5671,80.016,79.8711,79.6303,79.2444,79.356,78.9797,79.1567,79.227,78.7706,79.2025,79.4213,79.5859,79.9033,79.2188,79.2208,79.1371,79.141,79.8521,79.8222,79.7462,79.4358,79.7397,79.9906,80.6058,80.5212,80.6022,79.8254,79.6379,80.1557,80.4133,80.0665,80.3806,80.4148,80.5374,80.3448,80.7589,81.0104,80.6987,80.6783,80.4387,80.0813,79.7781,79.8131,80.1467,79.8912,79.7263,79.6481,79.3587,79.9858,80.4147,80.3426,80.5225,80.1064,79.7793,79.6845,79.9696,80.2319,79.7955,79.2935,79.682,79.4982,79.6951,80.0889,80.3084,79.7177,79.5329,79.6396,79.7405,79.1176,78.6255,78.8471,78.9253,78.6501,79.0947,78.9517,79.5162,79.86,80.0075,80.7096,80.7342,80.2708,80.6385,80.3019,80.2325,79.2554,78.9751,78.658,78.8137,78.353,78.8122,78.6873,78.7434,78.9503,79.6178,79.2721,79.7818,79.8298,79.8954,79.6834,79.3723,79.3641,79.823,79.3994,80.4503,79.9779,80.0433,80.4975,80.2464,80.7995,80.2734,79.9893,79.8867,79.3695,79.6242,79.1201,78.4542,78.4659,78.3668,78.8608,78.6962,78.851,78.6428,78.5215,78.7705,79.1226,79.092,79.0644,78.8111,78.9162,78.7704,78.9038,79.1069,78.995,79.03,79.3113,79.2943,79.269,79.3086,79.6115,79.6239,79.7035,79.7737,80.083,80.0048,79.7853,80.0355,80.0321,80.1257,80.1693,80.0982,80.0608,80.0327,80.117,80.1574,80.18,80.267,80.2867,80.3763,80.5571,80.5647,80.4813,80.4997,80.6078,80.5701,80.5256,80.6685,80.9963,81.1784,81.4717,81.8254,82.2303,82.5309,82.8498,83.0292,83.1187,83.0537,83.0159,82.8483,82.6968,82.5038,82.2808,82.0853,81.9097,81.7057,81.5052,81.2948,81.0991,80.8645,80.6264,80.3692,80.0692,79.7453,79.4274,79.1048,78.7576,78.4335,78.1328,77.8432,77.5905,77.3613,77.14,76.93,76.7078,76.5302,76.3055,76.0746,75.8572,75.6537,75.5457,75.4867,75.4445,75.4988,75.6066,75.7264,75.8857,75.9571,76.0748,76.0167,75.9697,75.9567,76.0444,76.2478,76.4762,76.86,77.3227,77.7128,78.2269,78.6749,79.0873,79.2957,79.2575,79.3358,79.4655,79.7024,80.0552,80.7071,81.5915,82.4821,83.7186,84.9866,86.1243,87.3335,88.4098,89.6809,91.0924,92.9063,94.4279,95.9739,97.5137,99.2762,100.808,102.62,104.253,105.341,106.685,108.444,110.349,112.771,115.544,118.669,122.045,125.353,128.706,130.875,132.944,134.623,135.498,136.541,136.449,135.807,135.524,135.735,136.602,137.782,139.342,140.868,141.653,142.533,143.513,143.889,144.171,144.073,143.817,143.315,142.609,142.432,142.277,142.283,142.536,142.145,142.272,142.558,142.482,143.042,143.218,143.384,143.444,142.929,142.987,142.372,141.718,141.442,140.512,140.136,139.405,138.534,138.524,138.186,137.95,137.672,137.142,136.889,136.112,135.877,136.057,135.034,134.273,133.727,132.921,132.084,131.247,130.631,129.813,128.8,128.202,127.376,126.503,125.883,125.185,124.866,124.202,123.767,123.336,122.744,122.038,121.859,121.79,121.754,121.235,120.802,120.303,119.718,119.595,119.719,119.414,118.66,117.885,117.212,116.75,116.567,116.059,115.466,114.573,113.857,113.202,112.766,112.48,112.059,111.578,111.232,110.836,110.653,110.377,110.118,109.931,109.543,109.382,109.164,108.851,108.393,107.92,107.579,107.327,106.733,106.465,105.972,105.498,105.247,105.132,105.198,105.328,105.309,105.139,104.965,104.873,104.657,104.623,104.388,104.448,103.805,103.482,103.539,103.17,102.773,102.757,102.406,102.488,102.105,102.18,102.143,101.857,101.984,102.102,101.883,101.872,101.642,101.261,101.356,101.18,101.147,101.2,101.203,101.195,100.922,100.838,100.928,100.818,100.675,100.919,100.696,100.523,100.334,100.852,100.604,100.84,100.574,100.725,100.493,100.319,100.525,100.62,100.328,100.657,100.456,100.409,100.223,100.186,100.459,100.17,100.081,100.267,100.19,100.304,100.357,100.393,100.406,100.426,100.563,100.784,100.718,100.871,100.889,101.021,101.206,101.308,101.206,100.923,100.931,100.869,100.596,100.208,100.165,99.8352,99.5672,99.6425,99.9839,99.8375,99.4758,99.7007,100.018,100.169,100.475,100.786,100.863,100.938,100.853,101.128,101.144,101.078,101.026,100.909,100.94,100.781,100.781,101.138,101.047,101.284,101.45,101.53,101.532,101.542,101.709,101.769,101.458,101.587,101.093,100.902,100.665,100.698,100.624,100.777,100.666,101.302,101.457,101.744,102.205,102.393,102.79,103.034,102.768,102.963,102.673,102.707,102.761,102.863,102.705,102.411,102.171,102.404,102.244,102.401,102.566,102.302,102.26,102.583,102.774,103.041,102.94,103.076,103.172,102.673,103.048,102.838,102.494,102.751,103.153,103.516,103.808,103.466,104.357,104.7,104.598,104.948,104.902,104.483,104.242,103.902,103.826,103.096,102.899,103.174,103.442,103.708,104.351,104.272,104.308,104.832,105.048,105.707,105.862,105.928,105.949,105.407,105.746,106.054,105.85,106.147,105.65,105.865,106.402,106.338,106.344,106.933,106.717,106.949,106.82,107.077,106.959,106.027,105.623,105.679,105.136,104.829,104.825,104.456,104.137,103.893,104.331,104.747,105.108,105.49,105.902,106.111,107.643,107.947,107.97,107.267,107.204,107.074,107.194,107.367,107.318,106.416,106.406,106.715,107.105,108.261,108.631,107.742,107.828,107.512,107.268,107.286,107.536,108.217,106.622,105.773,107.808,107.672,108.174,109.337,108.967,108.154,108.989,109.512,110.641,108.268,109.776,108.712,108.391,109.448,109.529,109.233,111.004,110.251,111.637,110.966,111.785,110.767,110.33,111.398,110.437,107.764,109.859,110.179,109.739,111.223,112.474,112.413,112.898,112.988,114.558,112.688,111.996,112.273,110.269,110.616,111.444,110.184,110.01,109.163,109.723,109.775,109.408,109.066,110.79,111.486,111.622,111.874,114.819,114.093,115.307,117.285,117.712,114.849,114.146,114.932,116.968,114.8,115.895,114.246,112.362,112.768,114.18,116.588,117.669,116.397,115.996,117.157,116.948,117.547,119.54,118.533,114.091,113.925,112.939,114.015,113.833,116.556,117.619,116.746,118.998,120.592,120.986,122.598,123.462,122.866,121.524,121.05,121.05,122.389,125.322,124.461,124.751,123.614,123.669,122.867,122.789,123.928,119.567,116.26,118.28,118.012,119.755,119.207,119.969,123.02,126.055,127.463,130.052,127.965,129.575,130.384,132.552,135.208,132.546,131.684,134.512,132.902,135.642,131.445,128.765,128.53,124.919,128.112,126.914,122.879,123.556,123.073,125.998,126.833,126.021,127.719,126.236,126.004,124.201,125.389,130.213,127.828,124.639,124.891,127.064,128.779,127.873,134.897,134.117,126.726,127.366,132.814,130.933,128.511,127.014,131.211,134.743,136.669,138.051,148.436,150.989,155.884,159.462,159.08,154.217,146.364,138.354,129.537,120.609,115.274,117.65,111.645,109.409,108.68,111.369,114.129,127.973,128.886,134.306,123.413,125.546,128.696,129.781,128.868,129.436,119.534,122.819,121.908,122.553,125.292,120.851,114.313,111.707,112.718,114.932,113.171,110.593,116.584,115.298,118.271,129.186,127.429,126.617,130.813,131.875,128.254,122.878,122.804,120.197,110.962,110.008,105.468,101.697,101.312,101.261,101.642,99.8517,99.8522,103.756,102.263,104.624,107.35,104.931,110.345,116.055,116.097,111.643,112.061,115.394,114.93,113.482,111.758,106.734,100.846,106.756,110.948,107.131,102.424,100.502,100.811,101.45,102.363,103.18,100.169,98.7194,100.46,105.176,103.629,100.726,100.162,100.732,96.8046,94.139,92.6974,89.9328,86.5326,88.692,89.1729,91.695,90.2536,95.65,95.0117,95.3277,95.5554,94.7871,92.8658,91.6739,90.8565,88.3954,87.0566,85.4608,85.5609,86.6313,88.3851,88.7956,89.8311,88.5067,88.208,87.521,88.739,89.0573,88.4541,85.763,86.673,85.5259,83.8128,85.2543,84.9824,85.1164,83.7921,82.377,83.4923,81.6281,80.3917,82.3419,81.3579,80.6344,80.1936,81.0752,81.7606,80.4458,81.8019,82.0174,80.7894,81.8532,81.8631,82.1182,82.2575,82.519,83.894,83.1357,84.5114,84.2138,83.509,82.3865,81.6901,81.5889,81.1262,80.259,81.0189,80.9145,82.0652,79.724,81.2937,82.1351,81.3559,81.0234,82.8138,82.2592,81.0603,80.633,82.5589,81.3842,81.8769,82.0338,83.2988,81.8034,81.785,81.7581,81.1986,81.8863,83.0776,81.2678,82.8641,83.1161,83.1187,81.7224,82.9624,82.256,82.3953,82.8093,83.7621,84.0783,82.3332,81.4651,82.509,80.9798,81.0273,80.1382,79.3583,78.7146,77.2786,78.7902,80.2718,80.9896,81.8133,83.1422,84.467,84.4523,84.3872,84.2084,83.8607,82.1159,81.9477,80.8746,80.1363,78.5695,79.8223,81.1143,81.0158,80.8827,82.119,81.7624,82.5818,81.9582,83.2086,81.4449,80.6089,80.9314,80.2338,80.2165,80.5785,434.211,189.024,46.2963,
W_3523A2/200_I_Faint_0.533_VS1,99.6628,-1.22416,2.97031,93.5235,99.1305,103.178,569.626,86.0973,0.0265412,0.522612,3.21268,112.398,6285.77, ,125,430.471,1.00167,-48600,92.2009,91.4972,90.602,90.7286,90.7632,90.6371,90.4799,90.1241,90.6393,90.8895,91.0467,91.4341,91.8135,91.8924,91.8336,91.6301,92.2805,92.8087,92.2204,92.7382,92.8972,92.3643,92.6959,92.8567,92.7055,92.3241,91.9862,92.2887,92.2782,91.9626,92.2907,91.7058,91.7492,92.4628,92.7922,93.0252,93.3426,93.1272,93.5068,93.4634,94.3718,94.1474,93.8951,93.8853,93.1501,93.3922,93.2967,93.3181,92.77,92.4138,92.4003,92.2813,91.7797,92.0106,91.5178,91.5121,91.5572,91.8001,91.6925,91.7932,91.5627,92.0271,92.0131,91.9932,91.6899,91.1651,91.2204,90.9516,91.1069,91.476,91.1558,91.3603,91.6002,92.0259,92.2641,92.1567,92.3243,92.0238,92.0364,92.1947,92.0373,91.6264,91.8237,91.3904,91.3387,91.3883,91.665,91.6333,91.1873,90.9303,90.8035,90.8188,91.8658,91.846,91.6598,91.5436,90.9731,91.4095,91.5459,91.6409,91.5408,91.1268,91.2403,91.6339,91.574,91.7692,91.8121,91.7956,92.1112,91.9854,91.7014,91.5603,91.3257,91.4966,91.8542,92.0366,92.2905,92.3243,92.4562,92.4919,92.6557,92.5874,92.7685,92.6538,92.424,92.3241,92.3262,92.2909,92.4966,92.3228,92.1971,91.7448,91.6154,91.4595,91.3814,91.1861,90.9693,90.8705,91.4385,91.7847,91.9413,92.1145,92.2499,92.313,92.8719,93.0903,93.6309,93.6887,93.3309,93.7716,93.9483,94.0957,94.0095,93.765,93.5941,93.2818,93.1069,93.5129,93.1593,93.0581,93.2113,93.568,93.5196,93.7921,93.8902,93.9939,93.6592,93.7733,93.6831,93.4817,93.0282,92.6371,92.3825,92.4108,92.1785,92.2869,92.2588,92.133,91.9991,91.7206,91.8362,91.7407,91.2068,91.117,90.6812,90.2261,89.973,89.626,89.4458,88.9372,88.641,88.4238,87.6155,87.302,87.1966,87.0266,86.6,86.5337,86.3512,86.1167,85.547,85.3749,85.1689,84.3898,83.9191,83.9604,83.781,83.4202,83.0504,82.9049,82.4776,82.2275,82.1436,82.0364,81.3994,81.0401,80.9676,80.4943,80.2569,80.1238,79.9576,79.6323,79.1647,78.9,78.2699,77.3466,77.0142,76.3015,75.4582,74.6523,73.8689,73.0398,72.2191,71.3387,70.5262,69.4539,68.4996,67.5394,66.6096,65.4424,64.3424,63.061,61.7616,60.58,59.456,58.1817,57.2233,56.506,56.0036,55.7028,55.5744,55.5865,55.5416,55.4198,55.2657,54.9374,54.5281,54.2414,54.1543,54.3903,54.9386,55.8339,56.9169,58.081,59.2928,60.6196,62.0329,63.5018,64.928,66.1449,66.8443,66.804,66.2663,66.1456,66.7614,67.8189,69.1173,70.5551,72.2416,74.4825,77.4975,81.0084,83.9224,85.9009,87.2745,88.3983,89.3667,90.272,90.9593,91.6238,92.1819,92.7029,93.0942,93.574,93.9121,94.2459,94.5455,94.8286,95.0275,95.2633,95.3814,95.5179,95.5949,95.6912,95.7499,95.7859,95.823,95.8789,95.8912,95.9385,95.9663,95.9898,96.0167,96.0243,96.0195,96.0066,95.9478,95.8719,95.7846,95.7219,95.6512,95.5974,95.5916,95.5818,95.6008,95.6425,95.7258,95.8338,95.9087,95.9715,96.0287,96.0784,96.1121,96.1361,96.1796,96.1679,96.1726,96.1922,96.2185,96.2573,96.2792,96.3398,96.4065,96.4513,96.5228,96.572,96.6108,96.6587,96.6565,96.6016,96.4901,96.355,96.2055,96.0552,95.9267,95.8565,95.85,95.908,96.0592,96.2637,96.4722,96.747,97.0401,97.306,97.525,97.6917,97.8639,97.9756,98.0549,98.1628,98.241,98.2939,98.3343,98.3794,98.4399,98.4765,98.5268,98.592,98.6267,98.6439,98.6848,98.7566,98.8052,98.7996,98.8111,98.8177,98.8301,98.8609,98.8967,98.919,98.9163,98.926,98.9892,98.9764,98.9906,99.0181,99.0179,99.0168,99.0244,99.0276,99.0388,99.0377,99.0411,99.0265,99.022,99.016,99.0368,99.0183,99.027,99.0171,99.006,99.0339,99.0535,99.0522,99.0702,99.0597,99.0801,99.094,99.1095,99.1157,99.1155,99.1086,99.1147,99.1074,99.128,99.1167,99.1233,99.1082,99.1291,99.1325,99.1583,99.158,99.1679,99.164,99.187,99.1885,99.2218,99.2242,99.2365,99.2382,99.2396,99.2491,99.2346,99.237,99.2379,99.2307,99.2268,99.2199,99.2289,99.2374,99.2302,99.2379,99.2364,99.2314,99.2435,99.2442,99.2689,99.2676,99.2754,99.2914,99.2958,99.3024,99.3239,99.299,99.3128,99.2847,99.2869,99.2847,99.2862,99.3115,99.3172,99.3128,99.3362,99.3231,99.3382,99.333,99.3391,99.3388,99.3416,99.3471,99.3412,99.3286,99.3434,99.3405,99.3435,99.3624,99.3667,99.3704,99.372,99.3591,99.4154,99.3871,99.3841,99.4039,99.3979,99.4013,99.3934,99.4102,99.431,99.3868,99.4235,99.4478,99.4236,99.4169,99.4219,99.4446,99.4344,99.4452,99.4618,99.4594,99.459,99.467,99.4724,99.4807,99.4572,99.4458,99.4371,99.436,99.4234,99.4109,99.4342,99.4428,99.4322,99.4348,99.443,99.4383,99.4517,99.4434,99.4483,99.4529,99.4564,99.4626,99.467,99.4809,99.479,99.4817,99.5146,99.5237,99.5137,99.5229,99.5317,99.532,99.5278,99.5448,99.5268,99.5132,99.5091,99.5229,99.5273,99.5072,99.5015,99.4956,99.4866,99.5088,99.5231,99.5402,99.5354,99.5287,99.5384,99.5762,99.5768,99.5752,99.5698,99.5458,99.541,99.5257,99.5177,99.5227,99.4895,99.4907,99.5031,99.4815,99.487,99.4915,99.4848,99.5014,99.5011,99.4981,99.5122,99.511,99.5302,99.54,99.5049,99.5207,99.4834,99.4752,99.4721,99.4679,99.4456,99.4196,99.4128,99.4407,99.4289,99.4467,99.4412,99.4485,99.4352,99.4534,99.482,99.486,99.4695,99.4613,99.4666,99.4664,99.4641,99.4595,99.4629,99.427,99.4169,99.4162,99.4293,99.4211,99.4344,99.4107,99.3976,99.3849,99.4111,99.4213,99.4267,99.4337,99.423,99.4278,99.4442,99.4426,99.457,99.4677,99.4606,99.4788,99.4638,99.4557,99.4245,99.4364,99.4642,99.4663,99.4316,99.4346,99.4313,99.4298,99.4308,99.4434,99.4442,99.4211,99.3974,99.4277,99.4451,99.4226,99.415,99.4298,99.4401,99.3975,99.4239,99.4423,99.3963,99.365,99.3631,99.3665,99.4011,99.4088,99.4341,99.4179,99.4468,99.5016,99.5024,99.5068,99.5309,99.513,99.5064,99.5333,99.5261,99.491,99.4544,99.4654,99.5001,99.5183,99.4656,99.447,99.458,99.4943,99.455,99.4458,99.4332,99.3918,99.3834,99.4426,99.4284,99.3838,99.3456,99.3541,99.4182,99.3848,99.3972,99.3705,99.3628,99.4326,99.4427,99.5138,99.5564,99.4903,99.5416,99.5381,99.5734,99.576,99.5841,99.6403,99.5933,99.5934,99.6762,99.7043,99.7296,99.6937,99.7221,99.6244,99.609,99.5918,99.5986,99.5655,99.5803,99.5866,99.5639,99.5469,99.6148,99.5764,99.6428,99.6068,99.6107,99.5229,99.4463,99.4715,99.4942,99.5525,99.5626,99.4427,99.5415,99.6605,99.7738,99.8255,99.8157,99.7832,99.7808,99.8243,99.8171,99.7988,99.68,99.652,99.7164,99.7389,99.6786,99.6055,99.5497,99.6621,99.6346,99.7177,99.7147,99.6984,99.8078,99.8991,99.9616,100.117,100.048,100.077,100.116,100.023,99.9418,99.8125,99.8296,99.8819,99.7799,99.803,99.7869,99.6607,99.7201,99.8598,99.9558,99.9725,99.9693,100.068,100.117,100.193,100.267,100.291,100.297,100.305,100.303,100.166,100.09,100.189,100.043,100.012,100.125,100.04,100.157,100.248,100.238,100.4,100.516,100.66,100.635,100.724,100.801,100.559,100.553,100.597,100.537,100.387,100.473,100.404,100.432,100.592,100.759,100.64,100.821,100.792,100.817,100.968,101.155,100.976,100.641,100.546,100.456,100.548,100.447,100.414,100.32,100.292,100.226,100.319,100.341,100.553,100.653,100.844,101.063,100.932,100.947,101.237,101.486,101.625,101.585,101.419,101.416,101.486,101.387,101.117,101.077,101.005,100.92,100.859,100.891,100.899,100.619,100.483,100.8,100.629,100.575,100.79,100.769,101.033,100.998,100.813,101.075,101.018,100.938,100.92,100.823,101.013,100.642,100.474,100.865,100.585,100.898,101.013,100.863,100.842,101.057,101.201,101.196,101.286,101.353,101.124,101.188,101.613,101.588,101.397,101.484,101.563,101.425,101.561,101.338,101.302,101.138,101.138,100.793,100.455,100.261,100.303,100.235,100.236,100.593,100.514,100.711,100.716,100.825,101.105,100.847,101.022,101.339,101.035,101.585,101.673,101.946,102,101.827,102.025,101.828,101.845,101.513,101.227,101.256,100.581,100.368,100.644,100.715,100.579,100.074,100.201,99.7289,99.2468,99.7289,99.8555,99.7514,99.6014,99.7271,100.273,100.343,100.742,100.766,100.79,100.684,100.473,100.262,100.297,100.496,100.18,99.9475,99.9474,100.017,99.8084,99.7159,99.6814,99.4849,99.1728,99.4149,99.5417,99.6808,99.7974,100.075,100.04,100.04,100.155,100.235,100.659,100.177,100.176,99.8352,99.8694,99.7341,99.7796,100.107,99.4129,99.2891,99.7144,99.6592,99.7934,99.5824,99.6932,99.9273,99.4717,100.184,99.7056,99.5192,99.564,99.3789,99.6325,99.634,99.5487,99.6252,99.6271,99.8117,99.8336,99.6105,100.058,100.249,100.279,100.162,100.265,99.9533,99.9946,100.486,100.976,100.758,100.177,99.8941,99.7943,99.765,99.925,100.055,99.6274,99.1753,99.2967,99.6412,100.132,100.416,100.494,100.503,100.248,100.666,100.851,100.899,100.538,100.614,100.507,100.245,100.226,100.342,99.9566,99.6413,99.1464,99.4237,99.0467,98.7933,99.0755,99.3797,99.4566,99.4006,99.6298,99.9644,99.9741,61.1018,82.3856,99.1677,-203.306,
F_3523A2/200_I_Faint_0.533_VS1,102.432,9.23493,-60.9419,121.405,106.423,91.5517,462.129,318.973,0.191796,-0.95524,61.6376,-81.3831,3614.51, ,-33.3333,-7633.33,247.009,45.9916,54.0485,53.6411,53.4278,53.4815,53.5236,53.6008,53.964,54.4135,53.8427,53.561,54.0842,54.3382,53.9789,54.0053,53.7627,54.4435,54.7693,55.2584,55.4154,55.1846,54.8502,55.1272,54.9493,54.9128,54.4895,53.8607,53.5733,54.3178,54.3431,54.4304,54.5441,54.4587,54.6911,54.5383,54.617,54.4372,53.6641,53.6435,53.956,53.7497,54.0842,54.0448,54.2166,54.2994,54.2348,54.7275,54.3448,54.1161,54.4168,54.7506,54.8152,54.7506,54.9805,54.9302,54.2678,54.1192,54.2308,54.2428,53.9573,54.4967,54.634,54.3778,54.7606,55.0692,55.992,55.7375,55.8376,55.6261,55.1621,54.7533,55.025,54.6503,54.7136,54.4188,54.6374,54.1968,54.1566,54.3869,54.7763,54.273,54.3974,54.1092,53.9614,54.319,54.6338,54.9006,54.628,54.685,54.9213,55.0148,55.1326,55.2912,54.7006,54.1492,54.1492,54.0757,53.8028,53.523,53.711,54.3044,54.069,54.3021,54.3044,54.1361,54.6258,54.9774,55.4799,55.9162,55.3724,55.9044,55.8371,56.0074,56.3865,56.0546,55.4904,55.5163,54.7065,55.0428,54.3891,54.0096,54.5397,54.3324,54.3568,55.1727,55.2695,55.7344,55.6253,55.8909,56.5635,56.508,56.5965,56.8855,56.2867,56.5909,56.6263,56.8478,56.9267,56.6475,56.7984,56.6343,56.6471,56.5898,56.4867,56.4483,56.3455,56.3963,56.7433,56.5029,56.7138,56.351,56.3724,55.9855,55.8384,55.7655,55.6412,55.2991,55.3612,55.151,55.0978,54.9376,54.8876,54.8535,54.7508,54.5813,54.3514,54.1181,54.077,53.9076,53.9927,54.0204,53.9923,54.047,53.874,53.9493,53.9873,54.0849,54.3449,54.281,54.4112,54.5128,54.3968,54.4519,54.5324,54.7034,54.6783,54.6034,54.6809,54.73,54.7034,54.8201,54.8943,54.8849,54.8617,55.1393,55.5477,55.9686,56.4225,57.048,57.6133,58.1149,58.5228,58.8146,58.9506,58.8581,58.678,58.4031,58.0848,57.6505,57.215,56.7581,56.3127,55.862,55.4422,55.05,54.6464,54.228,53.8137,53.3492,52.8915,52.4156,51.9481,51.4723,50.9805,50.5339,50.1139,49.7326,49.4205,49.1025,48.8137,48.5497,48.3072,48.1013,47.8577,47.5867,47.3362,47.1456,47.0419,47.0489,47.101,47.2628,47.4124,47.5939,47.8137,47.9218,47.9642,47.9648,47.9169,47.9322,48.0334,48.3047,48.6671,49.1307,49.8449,50.5171,51.2552,51.9039,52.4481,52.9331,53.2458,53.6441,54.2409,54.8552,55.9708,57.4401,59.2167,61.4339,63.7733,66.4063,69.1292,71.8907,75.0966,79.2007,84.0799,89.4636,94.3427,99.5636,104.886,110.671,116.678,122.567,127.648,132.264,137.018,143.183,150.497,159.054,168.325,179.206,190.176,201.063,211.257,219.808,227.632,232.948,236.241,238.886,238.53,238.331,238.322,239.814,243.054,246.937,252.018,257.317,261.05,264.874,267.719,269.523,269.753,268.946,266.939,264.986,262.671,261.654,260.673,260.339,260.271,260.458,261.421,263.207,264.298,265.707,266.761,267.501,266.979,266.291,265.373,263.251,260.759,258.404,255.99,253.416,251.394,249.741,248.521,247.301,246.516,245.53,243.713,241.805,240.096,238.42,236.852,234.341,232.047,229.559,226.793,224.873,222.281,219.598,216.875,214.1,211.788,209.01,206.618,204.421,201.95,200.637,199.211,197.412,195.621,193.469,191.479,189.497,188.265,186.751,184.496,181.975,179.589,177.701,176.227,174.769,172.958,170.558,168.353,166.174,164.459,163.137,161.227,159.237,157.267,155.639,153.824,152.052,150.645,149.182,147.712,146.221,144.642,143.316,141.82,140.381,139.344,137.971,136.684,135.345,134.319,133.023,131.593,130.473,129.581,128.158,127.167,126.014,124.798,123.837,123.074,122.579,121.912,121.268,120.509,119.715,118.817,118.131,117.441,116.684,116.1,115.196,114.427,114.093,113.416,112.815,112.188,111.524,111.207,110.634,110.488,110.211,109.669,109.334,109.227,108.901,108.666,108.148,107.357,106.836,106.26,106.045,105.872,105.47,105.224,104.748,104.466,104.613,104.421,104.34,104.184,103.863,103.769,103.644,103.906,103.582,103.526,103.351,103.069,102.717,102.584,102.507,102.211,101.841,101.987,101.768,101.556,101.513,101.474,101.46,101.223,101.311,101.302,101.235,101.076,101.277,100.99,101.03,101.191,101.351,101.413,101.416,101.371,101.524,101.456,101.821,101.817,101.75,101.644,101.835,101.774,101.641,101.329,101.436,101.029,100.735,100.682,100.687,100.365,100.219,100.652,101.13,101.09,101.376,101.667,101.716,101.612,101.788,102.297,102.119,101.912,101.969,102.046,102.065,101.958,102.253,102.312,102.216,102.338,102.357,102.382,102.639,102.776,102.925,102.931,102.66,102.521,102.502,102.56,102.674,102.36,102.554,103.013,102.881,103.412,103.628,103.704,103.884,103.917,103.896,103.63,103.41,103.964,104.019,104.313,104.739,105.213,105.351,105.535,105.967,105.832,105.636,105.608,105.081,105.12,105.295,105.283,105.717,105.827,106.18,106.677,107.031,107.502,107.503,107.194,106.658,106.709,106.357,106.869,106.785,106.809,107.071,107.418,107.255,107.754,108.167,108.484,108.174,108.236,108.4,108.265,108.247,108.322,108.424,108.121,108.997,109.446,109.168,109.365,109.811,110.088,110.532,111.19,111.379,110.806,110.419,110.877,110.574,109.963,109.935,109.958,110.136,110.155,110.028,110.591,111.016,111.423,112.541,112.795,113.106,112.659,112.908,113.347,113.232,112.393,112.098,111.215,110.658,110.793,111.18,111.471,111.401,112.15,112.496,112.66,113.529,114.459,114.012,113.918,114.171,114.759,114.009,114.213,114.864,114.409,114.916,114.848,114.779,115.178,115.227,115.243,115.489,114.776,114.286,113.566,114.692,115.882,114.942,114.999,115.818,116.383,117.452,119.534,118.853,118.275,118.154,118.812,118.933,118.516,118.77,118.381,117.439,119.143,118.932,119.155,120.54,121.163,121.63,121.034,121.103,121.573,121.005,122.402,121.289,120.031,121.053,121.586,122.283,122.833,122.493,122.129,122.159,122.272,122.206,121.458,121.351,122.088,121.426,121.981,123.658,122.558,122.964,123.944,123.025,123.546,122.381,122.064,123.801,124.076,124.725,124.522,124.623,124.248,124.518,127.586,128.807,127.465,128.05,128.267,130.582,130.638,132.302,130.213,128.342,126.733,125.929,125.394,126.978,127.061,126.055,127.975,127.441,128.297,131.992,133.468,133.707,132.701,133.277,136.454,135.796,139.513,137.802,135.743,136.588,136.171,136.864,137.162,137.697,137.72,137.944,139.996,139.07,138.585,139.309,139.459,136.925,135.409,132.57,132.359,133.193,136.081,134.404,135.879,136.281,138.718,137.062,140.13,141.227,142.03,144.656,147.346,144.197,141.933,142.209,145.687,147.749,147.218,143.85,140.941,138.867,140.746,145.056,140.756,137.354,136.622,132.538,132.965,133.871,135.844,138.454,136.996,138.833,141.12,138.865,143.123,146.712,148.748,144.548,142.808,147.74,143.792,141.351,145.488,151.098,152.235,149.262,158.871,156.675,153.692,158.421,165.486,161.321,152.956,146.904,150.614,149.387,153.322,146.993,154.872,154.956,158.745,161.431,165.773,160.667,156.661,147.442,144.492,143.567,138.725,136.745,131.156,133.846,132.509,132.9,139.818,149.319,141.512,146.23,144.89,146.794,142.338,145.538,141.17,136.017,131.944,132.765,130.996,130.225,132.605,130.014,124.864,126.236,127.005,127.985,128.412,127.769,133.462,127.435,128.038,137.003,139.71,141.308,137.205,138.21,134.478,120.876,125.504,125.812,116.617,112.052,107.053,105.491,102.495,102.751,104.595,102.373,102.017,101.705,99.2428,100.273,101.976,102.639,103.993,105.222,101.962,97.9709,99.9358,99.9339,99.933,102.998,99.9339,94.0435,96.6508,100.263,102.285,101.256,99.936,100.574,98.3625,97.7183,100.25,94.2264,91.9894,92.4179,90.8918,91.1059,86.38,80.7643,81.8925,82.0225,81.2054,82.711,81.5737,79.0313,78.0829,81.6831,83.7445,82.6046,80.2042,83.8316,83.0497,80.5474,82.1129,81.176,77.0013,75.036,74.6184,72.3356,68.6891,67.4581,67.8891,68.0156,68.535,68.4671,69.663,69.0835,67.6045,68.125,68.7005,67.7479,65.2342,63.2629,63.5417,62.2794,61.9536,62.7383,62.8718,61.6801,60.7205,61.8433,62.2921,61.549,60.0262,60.0024,60.4671,61.1127,60.8064,62.4573,61.3211,61.425,62.5432,63.2057,62.0968,62.8801,62.0122,62.5147,62.918,63.3335,62.8669,62.1368,62.7861,62.5681,61.71,61.0541,60.438,58.7297,57.4569,57.8761,57.5825,58.0876,59.673,59.4123,60.104,60.1843,59.6601,61.1342,61.5995,61.0216,60.3332,60.3533,59.8438,59.0978,58.8971,59.8805,60.0435,59.6514,61.1863,59.8612,58.6304,58.3868,60.1862,59.7022,59.8612,60.3829,59.8633,58.3279,61.0338,60.7976,61.6515,60.6307,61.2024,60.8007,59.008,58.6941,59.5726,57.526,57.3802,56.4283,56.364,55.5494,55.5392,56.2362,56.9309,56.7552,57.388,58.6069,59.3595,58.47,58.8316,58.8205,59.4063,58.7444,59.6139,59.6884,58.5884,58.5819,59.6121,59.6643,60.2258,59.1271,59.9085,58.9193,58.3674,58.5392,58.5232,58.4358,58.4915,58.2777,58.4762,57.6784,85.6749,507.018,204.065,78.6008,
W_Calibration,100,0,0,95.0422,100,108.876,565.016,99.9909,1.74827e-05,0.00127928,0,0,6504.1, ,100,100,100,100,100,100,100,100,100,100,100,100,100,100,100,100,100,100,100,100,100,100,100,100,100,100,100,100,100,100,100,100,100,100,100,100,100,100,100,100,100,100,100,100,100,100,100,100,100,100,100,100,100,100,100,100,100,100,100,100,100,100,100,100,100,100,100,100,100,100,100,100,100,100,100,100,100,100,100,100,100,100,100,100,100,100,100,100,100,100,100,100,100,100,100,100,100,100,100,100,100,100,100,100,100,100,100,100,100,100,100,100,100,100,100,100,100,100,100,100,100,100,100,100,100,100,100,100,100,100,100,100,100,100,100,100,100,100,100,100,100,100,100,100,100,100,100,100,100,100,100,100,100,100,100,100,100,100,100,100,100,100,100,100,100,100,100,100,100,100,100,100,100,100,100,100,100,100,100,100,100,100,100,100,100,100,100,100,100,100,100,100,100,100,100,100,100,100,100,100,100,100,100,100,100,100,100,100,100,100,100,100,100,100,100,100,100,100,100,100,100,100,100,100,100,100,100,100,100,100,100,100,100,100,100,100,100,100,100,100,100,100,100,100,100,100,100,100,100,100,100,100,100,100,100,100,100,100,100,100,100,100,100,100,100,100,100,100,100,100,100,100,100,100,100,100,100,100,100,100,100,100,100,100,100,100,100,100,100,100,100,100,100,100,100,100,100,100,100,100,100,100,100,100,100,100,100,100,100,100,100,100,100,100,100,100,100,100,100,100,100,100,100,100,100,100,100,100,100,100,100,100,100,100,100,100,100,100,100,100,100,100,100,100,100,100,100,100,100,100,100,100,100,100,100,100,100,100,100,100,100,100,100,100,100,100,100,100,100,100,100,100,100,100,100,100,100,100,100,100,100,100,100,100,100,100,100,100,100,100,100,100,100,100,100,100,100,100,100,100,100,100,100,100,100,100,100,100,100,100,100,100,100,100,100,100,100,100,100,100,100,100,100,100,100,100,100,100,100,100,100,100,100,100,100,100,100,100,100,100,100,100,100,100,100,100,100,100,100,100,100,100,100,100,100,100,100,100,100,100,100,100,100,100,100,100,100,100,100,100,100,100,100,100,100,100,100,100,100,100,100,100,100,100,100,100,100,100,100,100,100,100,100,100,100,100,100,100,100,100,100,100,100,100,100,100,100,100,100,100,100,100,100,100,100,100,100,100,100,100,100,100,100,100,100,100,100,100,100,100,100,100,100,100,100,100,100,100,100,100,100,100,100,100,100,100,100,100,100,100,100,100,100,100,100,100,100,100,100,100,100,100,100,100,100,100,100,100,100,100,100,100,100,100,100,100,100,100,100,100,100,100,100,100,100,100,100,100,100,100,100,100,100,100,100,100,100,100,100,100,100,100,100,100,100,100,100,100,100,100,100,100,100,100,100,100,100,100,100,100,100,100,100,100,100,100,100,100,100,100,100,100,100,100,100,100,100,100,100,100,100,100,100,100,100,100,100,100,100,100,100,100,100,100,100,100,100,100,100,100,100,100,100,100,100,100,100,100,100,100,100,100,100,100,100,100,100,100,100,100,100,100,100,100,100,100,100,100,100,100,100,100,100,100,100,100,100,100,100,100,100,100,100,100,100,100,100,100,100,100,100,100,100,100,100,100,100,100,100,100,100,100,100,100,100,100,100,100,100,100,100,100,100,100,100,100,100,100,100,100,100,100,100,100,100,100,100,100,100,100,100,100,100,100,100,100,100,100,100,100,100,100,100,100,100,100,100,100,100,100,100,100,100,100,100,100,100,100,100,100,100,100,100,100,100,100,100,100,100,100,100,100,100,100,100,100,100,100,100,100,100,100,100,100,100,100,100,100,100,100,100,100,100,100,100,100,100,100,100,100,100,100,100,100,100,100,100,100,100,100,100,100,100,100,100,100,100,100,100,100,100,100,100,100,100,100,100,100,100,100,100,100,100,100,100,100,100,100,100,100,100,100,100,100,100,100,100,100,100,100,100,100,100,100,100,100,100,100,100,100,100,100,100,100,100,100,100,100,100,100,100,100,100,100,100,100,100,100,100,100,100,100,100,100,100,100,100,100,100,100,100,100,100,100,100,100,100,100,100,100,100,100,100,100,100,100,100,100,100,100,100,100,100,100,100,100,100,100,100,100,100,100,100,100,100,100,100,100,100,100,100,100,100,100,100,100,100,100,100,100,100,100,100,100,100,100,100,100,100,100,100,100,100,100,100,100,100,100,100,100,100,100,100,100,100,100,100,100,100,100,100,100,100,100,100,100,100,100,100,100,100,100,100,100,100,100,100,100,100,100,100,100,100,100,100,100,100,100,100,100,100,100,100,100,100,100,100,100,100,100,100,100,100,100,100,100,100,100,100,100,100,100,100,100,
F_Calibration,100,0,0,108.104,100,39.2965,491.07,99.9909,0.000170256,0.00127928,0,0,3000.62, ,100,100,100,100,100,100,100,100,100,100,100,100,100,100,100,100,100,100,100,100,100,100,100,100,100,100,100,100,100,100,100,100,100,100,100,100,100,100,100,100,100,100,100,100,100,100,100,100,100,100,100,100,100,100,100,100,100,100,100,100,100,100,100,100,100,100,100,100,100,100,100,100,100,100,100,100,100,100,100,100,100,100,100,100,100,100,100,100,100,100,100,100,100,100,100,100,100,100,100,100,100,100,100,100,100,100,100,100,100,100,100,100,100,100,100,100,100,100,100,100,100,100,100,100,100,100,100,100,100,100,100,100,100,100,100,100,100,100,100,100,100,100,100,100,100,100,100,100,100,100,100,100,100,100,100,100,100,100,100,100,100,100,100,100,100,100,100,100,100,100,100,100,100,100,100,100,100,100,100,100,100,100,100,100,100,100,100,100,100,100,100,100,100,100,100,100,100,100,100,100,100,100,100,100,100,100,100,100,100,100,100,100,100,100,100,100,100,100,100,100,100,100,100,100,100,100,100,100,100,100,100,100,100,100,100,100,100,100,100,100,100,100,100,100,100,100,100,100,100,100,100,100,100,100,100,100,100,100,100,100,100,100,100,100,100,100,100,100,100,100,100,100,100,100,100,100,100,100,100,100,100,100,100,100,100,100,100,100,100,100,100,100,100,100,100,100,100,100,100,100,100,100,100,100,100,100,100,100,100,100,100,100,100,100,100,100,100,100,100,100,100,100,100,100,100,100,100,100,100,100,100,100,100,100,100,100,100,100,100,100,100,100,100,100,100,100,100,100,100,100,100,100,100,100,100,100,100,100,100,100,100,100,100,100,100,100,100,100,100,100,100,100,100,100,100,100,100,100,100,100,100,100,100,100,100,100,100,100,100,100,100,100,100,100,100,100,100,100,100,100,100,100,100,100,100,100,100,100,100,100,100,100,100,100,100,100,100,100,100,100,100,100,100,100,100,100,100,100,100,100,100,100,100,100,100,100,100,100,100,100,100,100,100,100,100,100,100,100,100,100,100,100,100,100,100,100,100,100,100,100,100,100,100,100,100,100,100,100,100,100,100,100,100,100,100,100,100,100,100,100,100,100,100,100,100,100,100,100,100,100,100,100,100,100,100,100,100,100,100,100,100,100,100,100,100,100,100,100,100,100,100,100,100,100,100,100,100,100,100,100,100,100,100,100,100,100,100,100,100,100,100,100,100,100,100,100,100,100,100,100,100,100,100,100,100,100,100,100,100,100,100,100,100,100,100,100,100,100,100,100,100,100,100,100,100,100,100,100,100,100,100,100,100,100,100,100,100,100,100,100,100,100,100,100,100,100,100,100,100,100,100,100,100,100,100,100,100,100,100,100,100,100,100,100,100,100,100,100,100,100,100,100,100,100,100,100,100,100,100,100,100,100,100,100,100,100,100,100,100,100,100,100,100,100,100,100,100,100,100,100,100,100,100,100,100,100,100,100,100,100,100,100,100,100,100,100,100,100,100,100,100,100,100,100,100,100,100,100,100,100,100,100,100,100,100,100,100,100,100,100,100,100,100,100,100,100,100,100,100,100,100,100,100,100,100,100,100,100,100,100,100,100,100,100,100,100,100,100,100,100,100,100,100,100,100,100,100,100,100,100,100,100,100,100,100,100,100,100,100,100,100,100,100,100,100,100,100,100,100,100,100,100,100,100,100,100,100,100,100,100,100,100,100,100,100,100,100,100,100,100,100,100,100,100,100,100,100,100,100,100,100,100,100,100,100,100,100,100,100,100,100,100,100,100,100,100,100,100,100,100,100,100,100,100,100,100,100,100,100,100,100,100,100,100,100,100,100,100,100,100,100,100,100,100,100,100,100,100,100,100,100,100,100,100,100,100,100,100,100,100,100,100,100,100,100,100,100,100,100,100,100,100,100,100,100,100,100,100,100,100,100,100,100,100,100,100,100,100,100,100,100,100,100,100,100,100,100,100,100,100,100,100,100,100,100,100,100,100,100,100,100,100,100,100,100,100,100,100,100,100,100,100,100,100,100,100,100,100,100,100,100,100,100,100,100,100,100,100,100,100,100,100,100,100,100,100,100,100,100,100,100,100,100,100,100,100,100,100,100,100,100,100,100,100,100,100,100,100,100,100,100,100,100,100,100,100,100,100,100,100,100,100,100,100,100,100,100,100,100,100,100,100,100,100,100,100,100,100,100,100,100,100,100,100,100,100,100,100,100,100,100,100,100,100,100,100,100,100,100,100,100,100,100,100,100,100,100,100,100,100,100,100,100,100,100,100,100,100,100,100,100,100,100,100,100,100,100,100,100,100,100,100,100,100,100,100,100,100,100,100,100,100,100,100,100,100,100,100,100,100,100,100,100,100,
W_3523A2/335_I_None_0.53_VVS2,100.743,-1.16983,2.5525,96.206,101.934,106.812,568.851,90.8369,0.0223783,0.641975,2.8078,114.622,6323.99, ,12.5,87.9699,900,25.66,96.972,96.6679,96.9104,96.2029,95.8881,96.7029,95.9769,95.6971,95.7132,95.6234,96.2537,96.2275,97.159,97.8674,97.5363,97.8659,97.9941,98.0267,98.0865,98.0467,97.5784,97.5638,96.7603,97.0127,97.0603,96.683,96.6031,97.0705,96.8321,96.8215,96.5291,96.1476,95.3929,95.2283,95.1618,95.4351,94.4061,94.0623,94.2322,94.3495,94.5162,94.8472,95.0074,95.5042,95.0084,95.6871,96.0861,96.2521,95.9075,96.3804,96.7688,96.4889,96.3625,96.3764,96.6143,96.1384,96.0912,96.112,96.1552,95.7905,95.9806,95.8849,95.812,95.9437,96.2384,95.9691,96.0351,96.0729,96.2227,96.0448,95.9927,95.8691,95.3691,95.272,95.2719,95.7196,95.4438,95.6935,96.0347,96.4914,96.8085,97.1963,97.1746,97.4766,97.1926,97.319,96.9891,96.6307,96.3672,96.43,95.9896,95.9368,95.9373,96.0318,96.4401,96.4519,97.3226,96.9994,96.2415,96.0934,95.9468,95.6405,95.2105,94.9789,95.2493,94.69,94.6757,95.2477,95.7367,96.1419,96.5031,96.6357,96.8861,96.9825,96.9555,97.1204,96.8099,96.3641,96.4343,96.6498,96.7371,96.463,96.067,95.9088,95.803,96.2838,96.5814,96.5675,96.3416,96.3686,96.1818,96.4853,96.6125,96.7798,96.7719,96.5171,97.0171,97.1486,97.3452,97.2852,97.1757,97.2432,97.2982,97.1916,97.6558,97.3346,97.3003,97.5052,97.1041,97.0753,97.3474,97.186,97.4201,97.1787,96.8366,96.9356,96.7017,97.4103,97.5945,97.7179,97.7328,97.3063,97.6644,97.8963,97.6852,97.4309,97.0675,96.4687,96.1617,96.3193,96.2498,95.9023,95.8982,96.1588,96.0318,96.3237,96.7536,96.3643,96.3415,96.4809,96.4507,96.4098,95.7856,95.497,95.3616,95.0183,95.2522,94.9174,94.5967,94.3219,93.981,94.2729,94.0868,93.6217,93.5194,93.2856,93.0348,92.7347,92.0744,91.8116,91.3585,91.4661,91.631,91.371,91.0787,90.9466,91.0527,91.3894,91.1556,91.02,90.7681,90.3175,90.1729,89.8468,89.5758,89.1867,88.9363,88.8883,88.4133,88.1642,88.1226,87.6187,87.4419,87.1197,86.7849,86.3783,86.0434,85.5334,84.9898,84.1879,83.7632,83.1242,82.6248,81.9386,81.0549,80.2608,79.6403,78.8852,78.0939,77.237,76.4058,75.3919,74.3033,73.4633,72.5197,71.5951,70.8379,70.3055,69.9919,69.8091,69.8525,69.9633,70.0199,70.0297,69.9382,69.6955,69.3954,69.2064,69.1605,69.3394,69.8044,70.5587,71.4566,72.3904,73.3832,74.4663,75.5863,76.7691,77.8823,78.8114,79.288,79.1744,78.6532,78.4583,78.8883,79.6094,80.4388,81.4504,82.6603,84.2181,86.3889,88.9932,91.079,92.3001,93.1391,93.8286,94.4045,94.8401,95.3084,95.7012,96.0607,96.4058,96.662,96.9821,97.2131,97.4359,97.6763,97.8778,98.0227,98.1015,98.1787,98.2735,98.3229,98.4165,98.4511,98.4946,98.5182,98.5793,98.6349,98.6673,98.7136,98.7337,98.7303,98.7509,98.7549,98.7131,98.6405,98.5813,98.5458,98.4657,98.4434,98.4189,98.374,98.3749,98.4152,98.4947,98.5707,98.6282,98.751,98.8027,98.866,98.9515,98.9921,99.0273,99.0384,99.0777,99.0968,99.0935,99.1361,99.1976,99.2355,99.2951,99.353,99.4248,99.4949,99.5513,99.592,99.606,99.5948,99.546,99.4732,99.349,99.1849,99.0279,98.9117,98.8507,98.8536,98.8642,98.9994,99.1697,99.4225,99.7077,99.9706,100.245,100.507,100.698,100.906,101.051,101.137,101.196,101.263,101.333,101.378,101.404,101.448,101.476,101.493,101.548,101.61,101.645,101.676,101.697,101.714,101.714,101.736,101.755,101.76,101.757,101.784,101.8,101.835,101.865,101.887,101.892,101.91,101.952,101.954,101.983,101.991,101.982,101.991,102.019,102.025,102.026,101.993,102.016,101.998,101.985,102.004,101.983,101.975,101.982,101.985,102.003,102.01,102.011,102.034,102.01,102.023,102.034,102.048,102.046,102.038,102.041,102.051,102.051,102.064,102.068,102.062,102.053,102.065,102.073,102.091,102.087,102.073,102.088,102.092,102.106,102.098,102.1,102.115,102.095,102.084,102.096,102.094,102.103,102.1,102.123,102.109,102.112,102.108,102.132,102.147,102.152,102.148,102.139,102.137,102.154,102.165,102.18,102.149,102.143,102.138,102.112,102.098,102.063,102.064,102.04,102.03,102.08,102.074,102.079,102.089,102.094,102.117,102.108,102.098,102.093,102.054,102.053,102.051,102.078,102.089,102.103,102.086,102.091,102.095,102.102,102.134,102.139,102.119,102.11,102.106,102.129,102.117,102.114,102.099,102.061,102.046,102.053,102.061,102.038,102.039,102.05,102.054,102.08,102.095,102.098,102.079,102.072,102.09,102.078,102.074,102.062,102.057,102.04,102.03,102.05,102.061,102.06,102.069,102.07,102.09,102.086,102.091,102.082,102.08,102.074,102.06,102.05,102.038,102.025,102.02,102.041,102.059,102.048,102.025,102.019,102.021,102.04,102.05,102.068,102.047,102.065,102.051,102.052,102.062,102.07,102.079,102.071,102.053,102.071,102.061,102.083,102.118,102.148,102.132,102.138,102.138,102.134,102.118,102.107,102.111,102.106,102.072,102.094,102.074,102.082,102.091,102.093,102.091,102.099,102.096,102.111,102.125,102.132,102.142,102.143,102.168,102.179,102.186,102.203,102.199,102.185,102.189,102.161,102.157,102.138,102.13,102.104,102.079,102.073,102.058,102.053,102.069,102.064,102.062,102.06,102.05,102.07,102.101,102.116,102.109,102.107,102.118,102.116,102.121,102.143,102.115,102.101,102.088,102.073,102.087,102.071,102.067,102.051,102.048,102.059,102.061,102.042,102.057,102.053,102.039,102.052,102.065,102.061,102.063,102.013,102.03,102.043,102.027,102.048,102.059,102.047,102.075,102.071,102.107,102.108,102.113,102.115,102.124,102.096,102.132,102.1,102.093,102.092,102.121,102.081,102.075,102.106,102.164,102.168,102.202,102.204,102.205,102.219,102.254,102.265,102.274,102.223,102.235,102.228,102.248,102.271,102.213,102.196,102.225,102.209,102.217,102.21,102.2,102.231,102.209,102.244,102.3,102.347,102.308,102.325,102.275,102.262,102.198,102.256,102.269,102.265,102.207,102.246,102.218,102.288,102.351,102.36,102.341,102.352,102.363,102.339,102.335,102.361,102.327,102.28,102.369,102.345,102.303,102.295,102.32,102.269,102.269,102.285,102.26,102.171,102.163,102.214,102.197,102.248,102.314,102.342,102.346,102.433,102.541,102.574,102.477,102.466,102.392,102.373,102.339,102.312,102.257,102.211,102.174,102.274,102.303,102.372,102.384,102.431,102.465,102.521,102.548,102.634,102.606,102.557,102.509,102.47,102.377,102.368,102.319,102.179,102.168,102.264,102.283,102.274,102.321,102.48,102.461,102.459,102.497,102.497,102.359,102.428,102.457,102.473,102.49,102.546,102.577,102.735,102.691,102.678,102.617,102.589,102.591,102.419,102.388,102.447,102.362,102.309,102.402,102.398,102.481,102.582,102.715,102.702,102.586,102.552,102.464,102.415,102.415,102.285,102.335,102.232,102.04,102.129,102.128,102.401,102.404,102.377,102.458,102.295,102.526,102.749,102.759,102.884,102.737,102.77,102.699,102.878,102.781,102.604,102.787,102.75,102.77,102.881,103.102,103.183,103.002,103.111,103.191,102.956,102.986,102.985,103.031,102.843,102.854,102.81,102.976,102.798,102.954,102.895,102.763,102.722,102.684,102.856,102.86,102.692,102.829,102.836,102.575,102.755,102.493,102.698,102.752,102.882,102.943,103.106,102.937,103.204,102.823,103.055,102.824,102.754,102.686,102.584,102.449,102.794,102.849,103.313,103.098,102.973,102.833,102.7,102.582,102.281,102.063,102.112,101.718,101.661,102.022,102.011,102.229,102.336,102.216,102.327,102.209,102.344,102.751,102.538,102.821,102.851,103.217,103.881,104.168,104.127,104.005,103.493,103.726,103.614,103.556,103.287,102.996,102.652,102.571,102.665,103.02,102.677,102.467,102.485,102.139,101.918,101.661,101.487,101.812,101.999,102.012,102.043,101.787,102.05,102.104,102.469,102.901,102.72,102.562,102.667,102.951,102.901,103.04,103.198,103.289,103.027,102.781,102.257,102.295,102.456,102.857,102.894,102.492,102.302,102.326,102.354,102.872,103.113,102.832,102.785,102.744,103.361,103.406,103.467,103.138,102.78,102.697,102.414,102.423,102.189,101.893,101.821,102.055,102.347,102.588,102.353,102.629,102.437,102.672,102.909,102.483,102.394,102.445,102.454,102.338,102.48,102.657,102.498,102.298,102.465,102.166,102.375,102.46,102.581,102.187,101.957,101.771,101.555,102.015,102.089,102.095,102.093,102.36,102.456,102.444,102.657,102.687,102.416,102.602,102.406,102.175,101.883,102.097,102.72,102.9,102.837,102.994,103.242,103.122,103.239,103.135,103.055,102.292,102.139,102.3,102.276,101.744,101.497,101.13,101.095,101.041,101.312,101.102,100.927,101.014,101.113,101.239,101.557,101.541,101.692,101.963,102.364,102.673,102.217,102.789,103.235,103.543,103.621,103.817,103.448,103.302,103.051,103.228,103.131,102.705,102.412,102.611,102.437,102.626,102.424,102.609,102.983,102.861,103.045,103.259,103.27,103.147,103.178,-333.645,107.048,114.953,96.7546,
F_3523A2/335_I_None_0.53_VVS2,100.391,3.30731,-13.3924,111.376,101.016,48.1852,577.401,152.505,0.0436436,-3.00419,13.7947,-76.1281,3028.33, ,62.5,-200,34.3096,61.3065,70.8854,70.2504,70.1257,69.56,69.2726,69.2948,68.5029,68.332,68.0553,67.4584,67.6435,67.7242,67.5532,67.5833,67.7423,67.9598,68.3493,68.7271,68.3826,68.3383,68.2545,68.2888,68.7027,68.4673,68.4307,67.6832,67.0818,67.5805,67.6618,67.1636,67.6085,67.7777,68.3863,68.222,68.5895,69.1551,69.4029,69.0276,68.8338,68.5839,68.1473,67.37,67.9539,68.2166,68.0011,67.8573,67.4244,68.0084,67.7938,68.1474,68.5438,67.951,67.5536,67.3624,67.5489,67.8721,68.5275,68.5721,68.1017,67.746,67.7796,67.7812,68.1671,67.5312,68.0479,67.8369,68.0613,68.0329,67.9086,68.6729,68.9533,69.5554,70.5476,70.7118,70.295,70.5562,70.3803,70.32,70.064,70.3008,69.6027,69.0118,68.7419,68.965,68.7676,69.231,69.4279,69.2122,69.0725,69.0069,69.3407,69.4401,69.5524,70.1081,69.719,69.8006,69.7924,69.4729,69.6179,69.5629,69.467,69.1547,68.5048,68.8661,69.2599,69.4885,69.3499,69.1985,68.3529,68.3049,68.27,68.5062,68.5197,68.5603,68.1075,68.2319,68.4122,69.4309,69.239,69.4301,69.3033,68.8521,68.6026,68.9217,69.5956,69.4249,69.0588,69.4872,69.7808,69.5371,69.8508,69.9233,70.1304,69.9339,70.2481,70.4589,70.3062,69.9581,70.2469,70.2901,70.3768,70.2683,70.4073,69.9999,69.7297,69.7804,70.153,69.9792,70.2254,70.161,70.0612,69.9519,70.0279,70.1923,70.176,70.068,70.2283,69.9646,69.8812,69.6749,69.5106,69.6863,69.6001,69.3282,69.1488,69.1603,69.1035,69.0616,69.045,68.9424,68.8348,68.9334,69.0064,68.9969,69.1102,69.2166,69.2362,69.2108,69.4226,69.5046,69.5651,69.5413,69.612,69.5149,69.5558,69.5879,69.703,69.7352,69.6711,69.5498,69.6318,69.5558,69.6216,69.6654,69.841,70.2127,70.5904,71.1845,71.7271,72.1104,72.516,72.8452,73.0085,73.0367,72.9885,72.7939,72.5452,72.2536,71.8931,71.5402,71.2056,70.8705,70.5329,70.2133,69.8831,69.5531,69.1871,68.8258,68.4285,68.004,67.5855,67.1599,66.7042,66.2999,65.889,65.5359,65.2224,64.9332,64.6885,64.4319,64.2068,64.0212,63.8015,63.5821,63.39,63.1818,63.1181,63.0721,63.1427,63.2763,63.4104,63.553,63.7208,63.7951,63.8772,63.809,63.6603,63.5922,63.6644,63.8791,64.169,64.6095,65.1762,65.7246,66.3318,66.9277,67.3787,67.6023,67.7082,67.9877,68.4221,68.7713,69.4021,70.2191,71.4118,72.5703,74.1485,75.7597,76.8089,77.6436,78.5708,79.4178,80.3237,81.2591,82.5713,83.9068,85.5929,87.3323,89.3625,91.47,93.4096,95.1789,97.2748,99.1619,101.098,103.284,106.249,108.721,111.489,114.213,116.872,118.954,120.851,122.393,123.092,123.358,123.418,123.405,123.747,123.95,124.541,125.671,126.641,127.454,128.085,128.854,129.407,129.814,129.906,130.018,129.156,128.517,128.333,127.797,127.828,127.755,127.686,127.999,128.301,128.686,129.183,129.411,130.014,130.258,130.361,130.15,129.809,129.488,129.334,128.789,128.61,128.066,127.7,127.279,127.277,127.254,126.889,126.515,126.312,125.757,125.692,125.155,124.947,124.102,123.53,122.669,122.002,121.136,120.745,120.308,119.792,119.076,118.614,118.063,117.571,117.306,117.037,116.516,116.096,116.046,115.84,115.757,115.611,115.496,114.805,114.442,113.918,113.472,112.771,112.188,111.701,111.059,111.092,110.953,110.676,110.403,109.898,109.679,109.09,108.891,108.572,107.887,107.762,107.318,106.996,106.802,106.476,106.752,106.202,106.074,105.682,105.519,105.433,105.25,104.952,104.668,104.034,103.884,103.625,103.471,102.856,102.727,102.9,102.795,102.55,102.656,102.476,102.309,102.239,102.364,102.107,101.931,101.704,101.658,101.179,100.944,100.605,100.262,99.8419,99.7277,99.5939,99.6888,99.6839,99.6445,99.4567,99.7193,99.8232,100.021,99.8977,99.6211,99.6407,99.3151,99.4373,99.8727,99.7286,99.6984,99.7724,99.8118,99.8117,99.3773,99.5652,99.5544,99.3626,99.2855,99.3037,99.2009,99.1021,99.3462,99.5638,99.7017,99.6165,99.6352,99.9489,99.9381,99.9644,100.104,99.8132,99.8719,99.6271,99.2906,99.233,98.8129,98.8684,98.8382,98.9172,98.8967,98.6672,98.8269,99.1548,99.2925,99.4921,99.546,99.5776,99.6843,99.7116,99.8264,99.9018,100.144,100.086,99.9779,100.147,100.252,100.063,100.169,100.195,100.083,100.071,99.9322,100.284,100.092,100.035,99.9499,99.8183,99.8831,99.8024,99.6733,99.9211,99.7232,99.5779,99.6782,100.051,100.445,100.271,100.208,100.253,100.183,100.25,100.48,100.744,100.504,100.387,100.558,100.933,101.168,101.394,101.555,101.707,101.536,101.805,101.536,101.728,101.831,101.808,101.808,101.62,101.673,101.605,101.766,102.276,102.323,102.516,102.528,102.567,102.545,102.63,102.599,102.301,102.22,102.441,102.499,102.803,102.966,103.223,103.429,103.259,103.654,103.854,103.51,103.46,103.162,102.907,102.935,102.783,103.138,103.194,103.072,102.975,103.388,103.791,104.229,104.479,104.892,104.961,105.206,105.204,105.745,105.236,105.591,105.568,105.42,105.56,106.108,106.1,106.76,106.906,107.272,106.396,106.551,106.455,106.366,106.528,106.263,105.966,106.359,105.904,106.169,105.877,106.225,106.341,105.74,105.986,105.616,105.835,105.646,105.858,106.345,106.349,105.518,105.744,105.735,106.216,105.816,106.532,106.887,106.462,106.783,107.337,107.106,107.527,107.669,107.368,108.077,108.255,108.146,108.037,108.594,109.162,108.677,108.271,108.772,108.147,108.274,108.723,108.984,109.429,109.259,109.531,110.599,110.572,110.041,109.732,109.961,109.649,109.411,109.691,110.272,109.345,109.231,110.737,110.69,110.568,110.809,110.712,110.559,109.456,109.225,109.622,108.711,109.232,109.298,110.038,109.006,109.216,110.174,110.706,110.332,109.476,110.773,110.64,110.634,111.164,110.707,110.635,111.204,111.847,112.518,111.156,111.794,110.48,109.008,110.032,110.666,110.239,110.277,110.316,110.189,109.937,110.964,114.084,114.275,114.373,115.951,117.53,118.913,118.828,119.153,121.023,120.04,119.855,119.209,118.229,117.123,116.808,117.631,117.077,115.919,116.391,115.884,116.129,115.464,115.375,115.159,114.536,115.715,115.77,116.607,117.482,118.224,118.613,119.85,121.115,121.309,119.109,119.768,117.501,117.631,118.113,119.488,118.305,116.861,116.885,119.955,117.296,117.288,116.167,115.683,112.83,112.334,112.94,113.159,111.848,113.028,112.067,112.125,111.957,113.975,112.549,113.617,112.635,111.765,112.792,113.656,114.028,112.643,113.64,115.904,115.261,115.774,115.639,115.161,114.897,117.405,117.754,118.146,117.762,116.143,117.29,121.227,120.248,124.018,122.095,124.274,121.502,122.089,121.683,119.407,117.645,119.904,119.144,116.751,114.923,117.77,118.873,121.361,124.766,121.041,117.48,114.475,119.893,117.134,119.96,115.577,112.915,111.067,112.092,119.123,122.89,116.381,121.003,117.002,123.271,121.317,123.934,129.347,120.828,119.326,120.812,118.528,117.071,115.297,120.108,115.88,109.931,109.857,107.776,115.09,113.191,117.402,118.576,117.061,116.934,118.228,116.42,115.71,105.353,106.116,103.882,101.757,98.9436,100.519,101.722,103.742,106.039,105.501,104.334,101.373,102.207,102.254,103.616,104.465,98.4243,104.122,106.774,104.688,101.463,98.8381,101.483,98.4377,100.549,104.298,95.3528,87.8744,90.8348,92.8783,93.4349,89.448,95.9751,98.1896,95.4256,96.6143,105.067,106.515,112.042,110.812,111.89,106.603,100.918,101.293,99.3437,96.7415,95.9751,93.5921,93.3106,93.9764,89.6822,87.5382,91.0993,92.374,91.994,92.6081,87.7768,87.737,86.5662,85.9667,88.0102,86.332,84.5824,84.708,80.9016,82.5131,82.4323,82.8089,85.6469,86.5897,88.6182,85.3928,85.3046,89.3895,88.1492,87.5665,83.245,84.2867,83.1912,78.8541,83.0429,84.1346,81.1608,81.3497,82.4836,83.4729,79.6864,77.2302,77.5979,74.8568,74.147,74.4631,72.0761,70.4219,71.6608,71.5914,73.97,74.4248,75.1158,75.1125,75.2826,77.336,80.7404,80.8105,81.8186,78.3606,78.9972,80.9722,79.5499,79.3754,79.3092,77.404,76.9768,75.8572,76.7737,75.9752,74.4421,74.3177,73.9292,74.1094,73.357,71.6549,73.106,73.0818,73.4894,72.8081,74.2009,75.0158,74.227,74.3737,76.3909,75.1013,74.7875,73.5561,73.1675,70.691,69.9554,68.3039,67.1443,66.9247,67.2102,68.2097,67.5582,69.4508,68.96,69.0735,70.7699,73.089,72.354,73.1126,71.8636,73.359,71.9706,73.4608,72.9626,73.6804,72.5344,72.3474,71.8085,72.5625,72.3516,71.8058,73.077,73.4208,72.2164,72.5063,72.5465,71.1998,71.3824,70.2927,70.8834,68.7519,69.7914,69.9993,68.9542,69.1174,70.5698,70.4445,70.5423,70.9832,72.302,70.7831,71.1378,71.7805,71.672,70.8508,70.0854,71.7513,71.6576,71.8265,72.7379,72.8983,71.6502,71.3066,71.7389,71.859,71.4512,71.5291,72.2479,71.7308,70.2335,71.6531,72.6529,71.6921,72.6529,72.1076,71.0522,69.4654,68.4905,70.4841,69.8725,70.1647,70.7853,70.2641,70.4364,71.1772,71.9588,72.5126,71.9535,72.189,71.6997,71.9243,-48.1013,84.5188,51.046,-2.46914,
W_1743A2/109_F_None_0.51_SI1,99.0932,-0.499867,1.11462,92.5504,97.6731,104.56,569.061,92.7614,0.00993117,0.260709,1.22157,114.155,6421.4, ,-25,-264.662,984.615,125.871,94.2557,94.4067,95.1992,94.6016,94.372,94.9259,94.7922,94.2185,94.5139,94.7497,95.0601,94.4748,95.1572,95.8096,95.5157,95.3408,95.208,95.0334,95.038,95.0355,95.2291,95.3665,94.9852,94.8714,95.3657,95.9091,96.0879,96.138,96.1816,96.3345,95.8637,95.4872,95.2318,94.7343,94.4706,94.0653,94.0529,94.1668,94.1855,94.4531,94.962,95.698,95.9417,96.1573,96.1832,96.0181,96.1452,96.1236,96.0071,95.8016,95.5397,95.7961,95.6929,96.031,96.7517,96.1946,96.2066,95.9508,95.8186,95.6313,95.2982,95.3797,94.7769,94.5895,94.8496,94.9873,95.3405,95.8279,95.7385,95.913,95.7347,96.3568,96.5903,96.3784,96.285,96.1247,95.5814,95.9179,96.0491,96.4537,96.099,96.0939,96.5559,96.4179,96.5815,97.0634,96.4682,95.9314,95.0341,95.5763,95.1594,94.9029,94.4482,94.1182,93.9127,94.2433,94.9288,95.3959,94.5938,94.2466,94.2171,94.7544,95.3139,95.2468,95.4564,95.2375,95.2333,95.451,95.4697,95.8022,95.6416,95.5466,95.9575,95.8261,95.3892,95.3717,95.3845,95.0894,94.6433,95.0721,94.8737,94.6518,94.4454,94.539,94.6002,94.3764,94.9471,95.2237,94.9872,94.9313,95.0361,95.4638,95.7296,95.7369,96.4962,96.2293,96.378,96.2012,96.2523,96.6115,96.5449,96.07,96.3386,95.6012,96.4496,96.2118,96.706,96.6504,95.8116,95.6704,96.4747,96.2165,96.5673,95.9209,95.8275,95.5612,95.7361,96.3174,96.53,96.2925,96.0068,95.9898,96.1775,96.3275,96.0631,95.7218,95.3684,94.909,94.6953,95.0751,95.0345,94.9183,94.7248,95.1433,94.9492,95.223,95.6115,95.2326,95.2982,95.6169,95.7416,95.8437,95.5942,95.8039,95.8833,95.8787,96.0395,95.9043,95.5383,95.7213,95.5818,95.8171,95.6365,95.1875,94.9564,95.0539,94.869,94.695,94.175,94.1997,93.7733,94.0826,94.2321,94.2537,94.1218,94.3528,94.5766,94.7905,94.9674,94.9237,94.7583,94.4928,94.3805,94.3129,94.0696,94.0336,93.8757,93.6195,93.572,93.5309,93.7419,93.5709,93.7252,93.3832,93.1072,92.9168,92.9645,92.9501,92.7492,92.1946,92.1102,91.8146,91.9328,91.6843,91.3647,91.1324,90.932,90.7775,90.5938,90.299,90.0266,89.6978,89.4451,89.3086,89.0189,88.8999,88.626,88.615,88.6182,88.6352,88.7288,88.6691,88.6905,88.6965,88.6644,88.6555,88.6053,88.642,88.6317,88.645,88.7899,88.9651,89.1746,89.3691,89.5927,89.8342,90.0461,90.3047,90.5428,90.7412,90.8591,90.8548,90.8042,90.7844,90.9147,91.0633,91.1898,91.4058,91.6419,91.9206,92.3142,92.7844,93.1537,93.3002,93.4331,93.644,93.7421,93.8348,93.966,94.1273,94.2394,94.3608,94.4732,94.6307,94.6928,94.8269,94.8967,95.0198,95.0891,95.1259,95.2017,95.2671,95.2997,95.3677,95.3891,95.4647,95.4604,95.5036,95.5751,95.6031,95.6737,95.7123,95.7577,95.789,95.8322,95.8842,95.9279,95.9872,96.0396,96.0638,96.1302,96.1588,96.2179,96.2486,96.2944,96.3435,96.3536,96.3864,96.4232,96.4287,96.4581,96.4914,96.5223,96.5432,96.5368,96.5785,96.6043,96.631,96.6629,96.7008,96.7321,96.7616,96.801,96.8573,96.8936,96.9206,96.9417,96.9798,97.0114,97.0149,97.0536,97.0585,97.066,97.0857,97.09,97.0893,97.1075,97.107,97.1278,97.1393,97.1859,97.2102,97.2147,97.2626,97.335,97.3591,97.4124,97.4586,97.4698,97.4784,97.5091,97.515,97.5096,97.5239,97.5564,97.5637,97.569,97.5991,97.6287,97.6347,97.6778,97.6941,97.6683,97.6376,97.6317,97.6367,97.6261,97.6149,97.611,97.6023,97.6295,97.6525,97.6819,97.6758,97.6809,97.6888,97.6879,97.7172,97.7242,97.6968,97.6927,97.7072,97.7264,97.7476,97.7384,97.74,97.7333,97.7334,97.7475,97.745,97.7215,97.7246,97.7241,97.7499,97.7632,97.7513,97.7428,97.7263,97.7306,97.7341,97.7314,97.7126,97.6919,97.6839,97.6981,97.6966,97.7082,97.7089,97.7108,97.7066,97.7112,97.7164,97.7044,97.6799,97.6706,97.682,97.6754,97.6614,97.6558,97.6615,97.6648,97.6688,97.6713,97.673,97.6682,97.6749,97.688,97.7025,97.6991,97.6911,97.6922,97.7025,97.7171,97.7061,97.7062,97.699,97.6805,97.6646,97.6927,97.6998,97.6896,97.686,97.6987,97.6769,97.6788,97.6598,97.6604,97.6268,97.6074,97.6316,97.6126,97.6134,97.6174,97.6096,97.6298,97.643,97.6494,97.6523,97.637,97.6591,97.6608,97.6774,97.7003,97.7281,97.726,97.7365,97.7264,97.7209,97.7314,97.7299,97.7199,97.7067,97.6969,97.7054,97.6949,97.7178,97.7142,97.6918,97.6931,97.7051,97.7177,97.6907,97.6977,97.7012,97.7098,97.7391,97.7641,97.7753,97.7645,97.7493,97.7875,97.7833,97.7802,97.7813,97.7566,97.7407,97.7225,97.7349,97.7477,97.7292,97.7328,97.7304,97.7403,97.7574,97.7685,97.7673,97.778,97.7716,97.7798,97.7875,97.807,97.8112,97.8032,97.8221,97.8507,97.8426,97.8539,97.8488,97.835,97.8433,97.8354,97.8596,97.854,97.8739,97.8805,97.8755,97.8773,97.898,97.8985,97.9056,97.9199,97.9216,97.892,97.8918,97.901,97.9166,97.9044,97.9181,97.9106,97.8902,97.8662,97.8852,97.8912,97.9038,97.9002,97.9117,97.8713,97.8795,97.8907,97.8947,97.887,97.8855,97.8897,97.8912,97.8869,97.9143,97.9139,97.9005,97.9258,97.9152,97.9148,97.9077,97.8988,97.899,97.877,97.8438,97.8286,97.8187,97.807,97.7907,97.7538,97.7518,97.7335,97.7344,97.7612,97.7527,97.742,97.7444,97.7322,97.7447,97.7449,97.7429,97.7355,97.7107,97.7165,97.7092,97.7095,97.7072,97.6939,97.6832,97.6668,97.6539,97.6594,97.6349,97.6378,97.5998,97.5917,97.5849,97.5704,97.5623,97.5531,97.5371,97.5397,97.5402,97.5495,97.5491,97.5457,97.5413,97.5315,97.5328,97.53,97.5099,97.5112,97.5181,97.5235,97.5303,97.5251,97.5228,97.5177,97.5284,97.5524,97.523,97.5145,97.4973,97.4805,97.49,97.5208,97.5018,97.4916,97.4913,97.487,97.4681,97.4934,97.4949,97.4971,97.4776,97.5317,97.5247,97.533,97.4969,97.536,97.5272,97.5344,97.5264,97.4985,97.4653,97.4586,97.4554,97.4844,97.46,97.4577,97.4568,97.4564,97.4902,97.5097,97.5175,97.4754,97.4519,97.4452,97.4137,97.3669,97.3725,97.3813,97.3673,97.3807,97.4069,97.4053,97.4504,97.5111,97.5401,97.4898,97.4775,97.5334,97.5165,97.4964,97.5186,97.4812,97.4344,97.4489,97.4802,97.4741,97.418,97.4175,97.4003,97.4192,97.4409,97.4191,97.4323,97.4005,97.4324,97.4923,97.4957,97.546,97.5338,97.4878,97.5594,97.5673,97.6111,97.5514,97.5047,97.5512,97.5752,97.599,97.6479,97.6928,97.7174,97.7318,97.7958,97.801,97.8037,97.7925,97.8573,97.8712,97.8164,97.9055,97.9689,97.987,97.9741,97.9237,97.9384,97.9402,97.8649,97.9099,97.7971,97.7597,97.8306,97.7912,97.8124,97.8534,97.8056,97.9105,97.9324,97.9596,97.9494,97.7562,97.8479,97.9165,97.8347,97.8978,97.8603,97.7603,97.8026,97.8404,97.976,98.018,98.0273,98.1432,98.1227,98.1282,98.2691,98.3065,98.2093,98.2929,98.1627,98.1029,98.1108,98.0547,98.0668,97.9976,97.9382,97.947,97.9374,98.0967,98.0629,98.1749,98.2336,98.2256,98.3812,98.365,98.4015,98.339,98.2862,98.4351,98.2514,98.3384,98.464,98.343,98.4329,98.587,98.6418,98.549,98.5747,98.6697,98.5656,98.6194,98.5089,98.4936,98.4587,98.3703,98.3591,98.23,98.3412,98.4777,98.2971,98.4067,98.3127,98.2925,98.1108,98.1086,98.0204,97.9414,97.8392,97.9809,97.9675,98.1074,98.1968,98.3763,98.6348,98.7783,98.6283,98.5812,98.4454,98.1223,98.187,97.8911,98.1351,98.0572,98.2239,98.3796,98.648,98.8646,99.1405,98.9641,99.3989,99.2311,99.2476,99.0614,98.9507,98.6227,98.4173,98.5415,98.7059,98.5054,98.3199,98.538,98.5972,98.7931,98.9142,99.238,99.4095,99.127,99.1302,99.2331,98.8547,99.1664,99.1093,98.8309,98.6698,98.5235,98.9429,99.3129,99.5899,100.079,99.8718,99.9716,100.167,100.273,100.25,100.191,99.6321,99.314,99.2988,99.3747,99.3128,99.4658,99.4713,99.0978,98.964,99.3882,99.2974,99.0401,99.0822,98.9407,98.6434,98.4135,98.7081,98.8712,98.6654,98.7592,98.6702,98.5377,98.6628,98.99,98.7711,98.922,98.8217,98.94,99.2364,99.449,99.5358,99.4777,99.3868,99.342,98.8972,98.8602,98.449,98.2563,98.1744,98.3861,98.4518,98.2352,98.6221,98.9229,98.7716,98.9608,98.9342,98.7578,98.5497,98.4199,98.8318,99.0736,98.8508,98.7814,98.4009,98.3319,98.0554,97.8369,97.7574,97.2805,96.8689,96.9328,96.9983,97.3937,97.6865,98.1062,98.0674,98.1233,98.1559,98.021,98.2246,98.1601,98.1739,97.9669,97.9056,98.0159,97.8851,97.9701,98.2598,98.0327,98.3159,98.1373,98.2316,98.1807,97.8437,97.8157,98.0213,97.9225,97.6911,97.6746,98.2363,98.2383,98.1632,98.4653,98.4429,98.3332,98.1902,98.4488,98.2424,97.7744,97.6585,97.8086,98.1847,98.2653,97.7113,98.1833,98.0061,98.0246,98.043,98.022,97.9368,97.1551,97.761,98.3111,97.8116,97.7847,97.3262,97.1294,97.1019,97.242,97.681,97.1351,96.8297,97.216,97.6876,98.12,98.338,98.295,98.1839,98.4142,98.3964,98.5953,98.176,98.0804,98.4507,98.4659,98.6208,98.7266,98.3247,98.2817,98.1567,98.3189,98.3577,97.6929,97.4775,97.5658,97.7487,98.1906,98.3632,98.5288,98.8901,98.6744,99.0444,99.4489,99.4561,99.2962,99.0016,-343.925,207.93,-456.075,25.9635,
F_1743A2/109_F_None_0.51_SI1,98.8388,0.549596,3.55958,105.24,97.027,36.1086,583.303,82.7262,0.0460874,-1.65397,3.60176,81.2229,2948.67, ,62.5,-582.927,116.736,-40.7035,87.8305,87.9513,87.9975,87.8676,87.582,87.1593,87.2822,87.3139,87.1322,88.0533,87.8136,87.7955,87.5402,87.2232,87.6395,87.5183,88.2606,88.2685,87.0967,86.4985,86.4667,86.1528,86.6632,86.0653,85.7625,85.3414,85.0027,85.3479,85.7523,85.5448,86.1967,86.4351,86.9253,86.691,86.5339,87.3455,87.9996,88.5249,88.5306,88.4781,88.5044,87.9959,88.4958,88.5457,88.0697,87.1694,86.3069,86.5225,86.7399,86.122,86.3728,86.1029,86.4269,86.6795,87.5379,87.7783,87.5783,87.372,87.1901,87.2751,87.0443,86.303,85.6252,84.9555,85.1608,85.4384,85.4188,85.9873,85.4012,85.6305,86.235,87.1222,87.7669,87.6732,87.6589,87.7186,87.6896,88.2311,88.3066,88.4065,88.1985,87.4074,87.6148,87.566,87.16,86.7783,86.82,86.3941,85.6842,85.5378,86.0111,85.7113,85.8499,86.1059,86.016,86.0536,86.2653,86.318,86.7141,87.1367,86.7608,86.3706,86.6015,87.082,86.596,86.5336,86.5485,85.7454,84.7875,85.1928,85.1437,85.1161,84.8368,85.2176,85.4455,85.4648,86.1961,86.5947,87.1469,87.8209,88.2345,87.5426,87.7584,87.686,88.3739,87.9625,88.2558,87.5036,86.9963,86.408,86.8445,86.7376,86.6646,86.1698,86.2906,86.2287,86.2338,86.0751,85.9641,86.1171,86.1902,86.4474,86.7502,86.5546,86.382,86.4912,86.5267,86.593,86.4281,86.1851,86.3289,86.2661,86.1911,86.228,86.1987,86.4141,86.6355,86.5078,86.5138,85.9764,85.7534,85.7657,85.7444,85.7621,85.5868,85.816,86.219,86.3257,86.8239,86.9562,87.1791,87.173,87.2363,87.3016,87.1887,87.1193,87.1403,86.7836,86.9862,86.8175,86.7881,86.7357,86.7181,86.6562,86.5023,86.4454,86.5055,86.3058,86.3872,86.3237,86.3558,86.4702,86.5142,86.4974,86.4281,86.6463,86.8582,87.0538,87.1032,87.0775,87.0924,87.0781,87.1893,87.241,87.2048,87.147,87.0806,87.0627,87.0406,87.0518,87.0452,87.0321,87.007,86.9978,86.9893,86.9966,86.9776,86.9646,86.9163,86.8743,86.8243,86.789,86.7231,86.6761,86.6115,86.5551,86.5263,86.4751,86.4609,86.4241,86.3928,86.4309,86.3991,86.3752,86.4096,86.359,86.4592,86.4992,86.597,86.6832,86.6509,86.7388,86.8158,86.8656,86.938,86.9305,86.8557,86.8634,86.8261,86.9624,87.0476,87.1086,87.2673,87.3822,87.4987,87.7341,87.9043,88.0043,88.0034,88.0798,88.2417,88.1769,88.1704,88.3637,88.4204,88.4366,88.7236,88.8076,88.8323,88.5704,88.3466,88.2772,88.1419,88.0227,87.692,87.5334,87.902,87.9183,88.1067,88.5027,88.8744,89.084,89.4663,89.8577,90.1031,90.0464,90.4644,90.3833,90.6833,90.6544,90.6754,90.5619,90.5715,90.6735,90.5295,90.3876,90.5961,90.4108,90.693,90.6925,90.7758,91.0664,91.116,91.1438,91.2386,91.5276,91.636,91.5425,91.6357,91.8031,91.5273,91.1185,91.0953,90.8709,90.7978,90.7555,90.6532,90.8244,91.0139,90.9934,91.5429,91.9823,92.2745,92.2529,92.1762,92.1529,92.0911,92.0118,92.3016,92.1467,92.2703,92.193,92.3078,92.4947,92.6453,93.0378,92.9467,92.9597,93.0525,92.8364,93.0267,93.0485,93.2724,93.2585,93.0563,93.0699,92.8885,92.7238,92.8064,92.9141,92.9627,92.9212,93.2282,93.2041,93.4787,93.6141,93.9825,93.8124,93.8896,94.0664,93.951,93.9284,93.9594,93.9208,93.8652,93.6165,93.7933,93.721,93.3747,93.7162,93.4963,93.6921,93.6876,93.7125,93.7415,93.897,94.0283,94.1949,93.6459,94.0623,93.9859,94.0499,94.168,94.273,94.3877,94.3297,94.7458,95.2893,95.2253,95.3799,95.4861,95.5777,95.6652,95.6232,95.5953,95.5992,95.221,95.1537,95.0984,94.9942,95.103,95.2089,95.4803,95.4347,95.2463,95.7124,95.8672,95.8857,95.9519,95.9123,95.9542,95.8965,96.2025,96.199,95.7904,95.6998,95.5248,95.4874,95.5318,95.4281,95.4501,95.3718,95.428,95.476,95.6012,95.7603,95.7589,95.7388,95.6694,95.4979,95.5559,95.4613,95.6935,95.7792,95.7908,95.8547,96.1585,96.574,96.4213,96.4441,96.6286,96.6283,96.3467,96.4798,96.4647,96.0418,95.848,96.2415,96.0845,96.1054,96.1321,96.5129,96.7645,97.0514,97.4083,97.5509,97.4736,97.7754,97.8386,97.7092,97.7537,97.3933,97.4102,97.3819,97.2804,97.3035,97.1149,97.1825,97.2121,96.8022,96.9756,96.8948,96.9558,97.0955,97.0853,97.3027,97.3136,97.4455,97.8379,97.7486,97.7094,97.835,97.8048,97.8686,97.6486,97.4957,97.5658,97.5499,97.9559,97.659,97.4125,97.1796,97.0455,97.1168,97.0773,96.913,96.8357,96.5703,96.6877,96.8766,96.9691,97.3309,97.1938,97.1423,97.1717,97.1598,97.2512,97.5309,97.5684,97.7103,97.3629,97.5865,97.6231,97.8952,98.0974,98.2247,98.1263,98.1011,98.1562,98.3346,98.4676,98.51,98.3319,98.0221,97.8955,97.952,97.7751,97.832,97.8629,97.8001,98.2811,98.2223,98.4885,98.1541,98.2163,98.2166,98.2844,98.3527,98.1798,98.2216,98.2737,98.4017,98.628,99.0041,98.9701,99.1239,98.9097,98.9194,98.3879,98.5087,97.7723,98.0061,97.5362,97.5053,97.071,97.0327,97.1941,97.5718,97.6154,98.4942,98.6752,98.929,99.1228,99.5053,99.6419,99.5921,99.4416,100.134,100.03,99.8929,100.124,100.598,100.27,100.45,100.326,100.412,99.6358,99.6484,99.1221,98.7245,98.8611,99.1785,99.2041,99.5872,99.9272,100.092,100.187,101.354,101.53,100.566,100.218,100.18,100.69,100.205,100.541,100.169,99.5089,99.634,100.109,100.222,100.247,99.7039,99.6067,99.3896,99.6915,99.2792,99.1449,98.9118,98.9976,98.6766,98.7391,99.6332,99.8404,99.7837,100.385,100.475,101.055,101.473,101.94,101.788,101.296,101.071,101.085,101.161,102.075,102.191,102.134,102.963,102.81,103.057,103.554,103.881,103.511,102.422,102.797,102.761,101.882,102.41,102.535,101.655,101,101.132,101.317,100.959,100.59,100.942,100.739,100.353,101.491,102.032,102.353,102.188,101.743,102.725,101.664,101.532,100.874,101.305,101.216,101.571,102.483,102.004,101.91,102.625,103.146,103.376,102.155,102.959,101.538,100.62,102.104,101.959,101.128,101.349,101.853,103.015,103.516,105.651,107.142,107.465,108.701,110.099,111.828,112.859,112.346,111.492,112.164,111.472,111.306,110.355,111.451,110.102,110.4,110.825,110.921,109.105,109.221,109.164,110.45,109.49,110.848,110.519,110.491,111.576,111.774,112.647,113.196,112.274,112.046,110.476,111.403,112.29,110.068,112.103,111.19,111.397,112.176,113.182,114.529,112.68,113.338,117.65,115.412,117.096,117.154,116.686,114.455,114.434,116.818,115.318,113.349,117.141,116.661,115.292,115.329,117.779,117.493,115.907,115.3,115.553,111.863,111.656,115.42,115.102,115.936,118.106,120.069,121.012,120.898,123.255,122.754,123.255,120.978,124.882,125.872,125.758,126.161,129.287,129.113,135.289,135.423,143.325,140.188,143.74,149.277,153.188,153.224,159.119,156.268,150.552,150.115,151.794,149.966,148.599,152.526,150.757,148.724,149.963,156.669,151.41,155.919,150.608,149.964,145.091,145.814,148.352,151.754,148.173,154.313,152.775,157.865,152.607,155.81,162.652,156.125,153.678,157.371,155.968,151.943,151.902,164.175,162.254,151.188,154.108,156.158,157.255,161.485,168.661,177.179,172.66,177.511,189.502,190.406,183.468,185.568,180.265,176.595,170.261,166.344,164.649,167.27,165.403,171.24,170.183,169.682,172.66,172.132,175.352,181.659,180.874,181.038,186.639,187.523,192.178,183.177,184.265,186.074,176.522,170.059,172.848,161.3,151.68,146.058,148.05,143.087,135.559,142.982,144.535,143.099,148.395,155.093,159.943,164.194,167.883,166.324,162.291,162.79,159.87,157.988,153.714,153.916,156.49,153.742,159.564,151.822,150.328,149.418,148.905,150.137,150.814,142.826,143.291,139.971,138.236,138.189,140.035,136.866,142.264,141.012,143.489,138.236,140.676,142.423,141.48,140.034,137.812,133.512,131.229,130.592,131.758,128.179,131.919,133.21,130.219,132.314,131.913,129.23,127.972,127.625,129.534,126.005,124.86,125.414,121.748,118.858,119.944,114.435,113.341,112.205,109.358,108.25,104.611,106.97,108.909,106.41,108.583,110.504,108.48,110.582,108.959,110.917,110.073,107.575,109.893,109.251,107.69,107.263,106.012,104.819,103.282,101.761,101.2,100.264,100.259,99.4893,100.124,100.626,101.123,103.49,102.453,102.294,103.008,101.869,101.633,100.819,99.4254,97.839,96.2972,97.2012,96.6526,95.4059,94.4579,93.2698,94.625,94.4219,96.2496,95.4363,95.5707,95.1155,93.2114,93.8556,94.1741,92.7703,93.0129,92.3173,92.5679,92.0541,93.1788,95.2831,96.206,95.8087,95.2831,97.0017,96.0173,95.0316,93.9439,94.4228,93.4239,92.5069,92.6322,92.7509,90.0613,91.1087,91.0979,91.7414,88.6603,87.8098,87.1296,87.0517,87.8391,88.5899,87.3867,87.9239,88.3811,90.693,89.9639,90.4327,90.9981,91.4442,91.5808,91.9635,92.2874,93.29,92.5976,94.654,94.7037,93.5078,92.635,93.1333,93.5557,92.4648,91.1676,91.6374,90.7841,90.1614,91.2612,90.3759,88.5899,88.8808,90.2551,89.0983,88.3081,88.1842,89.2062,87.6837,88.3296,88.0281,87.3085,85.0668,85.5737,85.6912,85.3241,84.88,85.9561,85.62,87.7768,-153.165,66.5272,16.318,346.914,
W_Calibration,100,0,0,95.0422,100,108.876,565.016,99.9909,1.74827e-05,0.00127928,0,0,6504.1, ,0,100,100,100,100,100,100,100,100,100,100,100,100,100,100,100,100,100,100,100,100,100,100,100,100,100,100,100,100,100,100,100,100,100,100,100,100,100,100,100,100,100,100,100,100,100,100,100,100,100,100,100,100,100,100,100,100,100,100,100,100,100,100,100,100,100,100,100,100,100,100,100,100,100,100,100,100,100,100,100,100,100,100,100,100,100,100,100,100,100,100,100,100,100,100,100,100,100,100,100,100,100,100,100,100,100,100,100,100,100,100,100,100,100,100,100,100,100,100,100,100,100,100,100,100,100,100,100,100,100,100,100,100,100,100,100,100,100,100,100,100,100,100,100,100,100,100,100,100,100,100,100,100,100,100,100,100,100,100,100,100,100,100,100,100,100,100,100,100,100,100,100,100,100,100,100,100,100,100,100,100,100,100,100,100,100,100,100,100,100,100,100,100,100,100,100,100,100,100,100,100,100,100,100,100,100,100,100,100,100,100,100,100,100,100,100,100,100,100,100,100,100,100,100,100,100,100,100,100,100,100,100,100,100,100,100,100,100,100,100,100,100,100,100,100,100,100,100,100,100,100,100,100,100,100,100,100,100,100,100,100,100,100,100,100,100,100,100,100,100,100,100,100,100,100,100,100,100,100,100,100,100,100,100,100,100,100,100,100,100,100,100,100,100,100,100,100,100,100,100,100,100,100,100,100,100,100,100,100,100,100,100,100,100,100,100,100,100,100,100,100,100,100,100,100,100,100,100,100,100,100,100,100,100,100,100,100,100,100,100,100,100,100,100,100,100,100,100,100,100,100,100,100,100,100,100,100,100,100,100,100,100,100,100,100,100,100,100,100,100,100,100,100,100,100,100,100,100,100,100,100,100,100,100,100,100,100,100,100,100,100,100,100,100,100,100,100,100,100,100,100,100,100,100,100,100,100,100,100,100,100,100,100,100,100,100,100,100,100,100,100,100,100,100,100,100,100,100,100,100,100,100,100,100,100,100,100,100,100,100,100,100,100,100,100,100,100,100,100,100,100,100,100,100,100,100,100,100,100,100,100,100,100,100,100,100,100,100,100,100,100,100,100,100,100,100,100,100,100,100,100,100,100,100,100,100,100,100,100,100,100,100,100,100,100,100,100,100,100,100,100,100,100,100,100,100,100,100,100,100,100,100,100,100,100,100,100,100,100,100,100,100,100,100,100,100,100,100,100,100,100,100,100,100,100,100,100,100,100,100,100,100,100,100,100,100,100,100,100,100,100,100,100,100,100,100,100,100,100,100,100,100,100,100,100,100,100,100,100,100,100,100,100,100,100,100,100,100,100,100,100,100,100,100,100,100,100,100,100,100,100,100,100,100,100,100,100,100,100,100,100,100,100,100,100,100,100,100,100,100,100,100,100,100,100,100,100,100,100,100,100,100,100,100,100,100,100,100,100,100,100,100,100,100,100,100,100,100,100,100,100,100,100,100,100,100,100,100,100,100,100,100,100,100,100,100,100,100,100,100,100,100,100,100,100,100,100,100,100,100,100,100,100,100,100,100,100,100,100,100,100,100,100,100,100,100,100,100,100,100,100,100,100,100,100,100,100,100,100,100,100,100,100,100,100,100,100,100,100,100,100,100,100,100,100,100,100,100,100,100,100,100,100,100,100,100,100,100,100,100,100,100,100,100,100,100,100,100,100,100,100,100,100,100,100,100,100,100,100,100,100,100,100,100,100,100,100,100,100,100,100,100,100,100,100,100,100,100,100,100,100,100,100,100,100,100,100,100,100,100,100,100,100,100,100,100,100,100,100,100,100,100,100,100,100,100,100,100,100,100,100,100,100,100,100,100,100,100,100,100,100,100,100,100,100,100,100,100,100,100,100,100,100,100,100,100,100,100,100,100,100,100,100,100,100,100,100,100,100,100,100,100,100,100,100,100,100,100,100,100,100,100,100,100,100,100,100,100,100,100,100,100,100,100,100,100,100,100,100,100,100,100,100,100,100,100,100,100,100,100,100,100,100,100,100,100,100,100,100,100,100,100,100,100,100,100,100,100,100,100,100,100,100,100,100,100,100,100,100,100,100,100,100,100,100,100,100,100,100,100,100,100,100,100,100,100,100,100,100,100,100,100,100,100,100,100,100,100,100,100,100,100,100,100,100,100,100,100,100,100,100,100,100,100,100,100,100,100,100,100,100,100,100,100,100,100,100,100,100,100,100,100,100,100,100,100,100,100,100,100,100,100,100,100,100,100,100,100,100,100,100,100,100,100,100,100,100,100,100,100,100,100,100,100,100,100,100,100,100,100,100,100,100,100,100,100,100,100,100,100,100,100,100,100,100,100,100,100,100,100,100,100,100,100,100,100,100,100,100,100,100,100,100,100,
F_Calibration,100,0,0,108.104,100,39.2965,491.07,99.9909,0.000170256,0.00127928,0,0,3000.62, ,100,100,100,100,100,100,100,100,100,100,100,100,100,100,100,100,100,100,100,100,100,100,100,100,100,100,100,100,100,100,100,100,100,100,100,100,100,100,100,100,100,100,100,100,100,100,100,100,100,100,100,100,100,100,100,100,100,100,100,100,100,100,100,100,100,100,100,100,100,100,100,100,100,100,100,100,100,100,100,100,100,100,100,100,100,100,100,100,100,100,100,100,100,100,100,100,100,100,100,100,100,100,100,100,100,100,100,100,100,100,100,100,100,100,100,100,100,100,100,100,100,100,100,100,100,100,100,100,100,100,100,100,100,100,100,100,100,100,100,100,100,100,100,100,100,100,100,100,100,100,100,100,100,100,100,100,100,100,100,100,100,100,100,100,100,100,100,100,100,100,100,100,100,100,100,100,100,100,100,100,100,100,100,100,100,100,100,100,100,100,100,100,100,100,100,100,100,100,100,100,100,100,100,100,100,100,100,100,100,100,100,100,100,100,100,100,100,100,100,100,100,100,100,100,100,100,100,100,100,100,100,100,100,100,100,100,100,100,100,100,100,100,100,100,100,100,100,100,100,100,100,100,100,100,100,100,100,100,100,100,100,100,100,100,100,100,100,100,100,100,100,100,100,100,100,100,100,100,100,100,100,100,100,100,100,100,100,100,100,100,100,100,100,100,100,100,100,100,100,100,100,100,100,100,100,100,100,100,100,100,100,100,100,100,100,100,100,100,100,100,100,100,100,100,100,100,100,100,100,100,100,100,100,100,100,100,100,100,100,100,100,100,100,100,100,100,100,100,100,100,100,100,100,100,100,100,100,100,100,100,100,100,100,100,100,100,100,100,100,100,100,100,100,100,100,100,100,100,100,100,100,100,100,100,100,100,100,100,100,100,100,100,100,100,100,100,100,100,100,100,100,100,100,100,100,100,100,100,100,100,100,100,100,100,100,100,100,100,100,100,100,100,100,100,100,100,100,100,100,100,100,100,100,100,100,100,100,100,100,100,100,100,100,100,100,100,100,100,100,100,100,100,100,100,100,100,100,100,100,100,100,100,100,100,100,100,100,100,100,100,100,100,100,100,100,100,100,100,100,100,100,100,100,100,100,100,100,100,100,100,100,100,100,100,100,100,100,100,100,100,100,100,100,100,100,100,100,100,100,100,100,100,100,100,100,100,100,100,100,100,100,100,100,100,100,100,100,100,100,100,100,100,100,100,100,100,100,100,100,100,100,100,100,100,100,100,100,100,100,100,100,100,100,100,100,100,100,100,100,100,100,100,100,100,100,100,100,100,100,100,100,100,100,100,100,100,100,100,100,100,100,100,100,100,100,100,100,100,100,100,100,100,100,100,100,100,100,100,100,100,100,100,100,100,100,100,100,100,100,100,100,100,100,100,100,100,100,100,100,100,100,100,100,100,100,100,100,100,100,100,100,100,100,100,100,100,100,100,100,100,100,100,100,100,100,100,100,100,100,100,100,100,100,100,100,100,100,100,100,100,100,100,100,100,100,100,100,100,100,100,100,100,100,100,100,100,100,100,100,100,100,100,100,100,100,100,100,100,100,100,100,100,100,100,100,100,100,100,100,100,100,100,100,100,100,100,100,100,100,100,100,100,100,100,100,100,100,100,100,100,100,100,100,100,100,100,100,100,100,100,100,100,100,100,100,100,100,100,100,100,100,100,100,100,100,100,100,100,100,100,100,100,100,100,100,100,100,100,100,100,100,100,100,100,100,100,100,100,100,100,100,100,100,100,100,100,100,100,100,100,100,100,100,100,100,100,100,100,100,100,100,100,100,100,100,100,100,100,100,100,100,100,100,100,100,100,100,100,100,100,100,100,100,100,100,100,100,100,100,100,100,100,100,100,100,100,100,100,100,100,100,100,100,100,100,100,100,100,100,100,100,100,100,100,100,100,100,100,100,100,100,100,100,100,100,100,100,100,100,100,100,100,100,100,100,100,100,100,100,100,100,100,100,100,100,100,100,100,100,100,100,100,100,100,100,100,100,100,100,100,100,100,100,100,100,100,100,100,100,100,100,100,100,100,100,100,100,100,100,100,100,100,100,100,100,100,100,100,100,100,100,100,100,100,100,100,100,100,100,100,100,100,100,100,100,100,100,100,100,100,100,100,100,100,100,100,100,100,100,100,100,100,100,100,100,100,100,100,100,100,100,100,100,100,100,100,100,100,100,100,100,100,100,100,100,100,100,100,100,100,100,100,100,100,100,100,100,100,100,100,100,100,100,100,100,100,100,100,100,100,100,100,100,100,100,100,100,100,100,100,100,100,100,100,100,100,100,100,100,100,100,100,100,100,100,100,100,100,100,100,100,100,100,100,100,100,100,100,100,100,100,100,100,100,
W_3520A2/231_G_None_0.507_SI1,105.617,-0.550031,1.65917,109.183,115.241,122.514,571.014,108.327,0.0143294,0.0539408,1.74796,108.341,6376.84, ,0,-2250,-12.7119,-266.129,111.752,111.348,111.984,112.514,112.168,111.538,111.994,111.964,111.875,112.564,112.398,111.922,111.59,111.862,111.479,111.022,112.089,111.826,111.454,112.95,112.668,112.949,112.94,113.51,113.12,112.825,112.746,113.522,112.166,112.545,111.791,112.43,111.355,111.582,111.409,112.024,112.039,112.155,112.261,112.653,112.291,112.762,112.475,112.176,111.843,111.388,111.79,112.004,111.892,111.519,111.84,111.907,112.003,112.022,112.201,112.058,111.208,111.231,111.398,111.353,111.567,111.994,111.495,111.004,111.062,111.453,111.511,111.493,111.396,111.378,110.653,110.709,110.376,110.15,109.936,109.742,109.619,109.671,109.449,110.023,110.459,111.238,111.225,111.298,111.281,111.25,110.773,110.602,110.925,110.75,110.381,110.196,110.465,110.74,111.191,111.906,112.673,112.383,113.053,113.084,113.273,112.994,112.815,112.453,112.46,111.792,111.634,110.849,110.881,111.006,111.056,111.256,111.312,111.517,111.585,111.695,111.944,111.799,112.012,112.282,111.905,112.275,111.623,111.411,111.343,111.371,111.567,111.081,110.62,110.75,110.464,111.015,111.287,111.391,111.362,111.135,111.576,111.902,111.904,111.567,111.002,110.941,111.202,111.294,111.951,112.009,111.61,111.423,111.928,111.734,111.719,111.283,111.445,111.095,110.882,111.747,111.778,111.143,111.181,111.334,111.014,110.691,110.912,111.079,110.689,110.862,111.381,111.852,111.623,112.168,111.668,111.661,111.481,111.727,111.776,111.667,111.473,111.687,111.547,111.953,111.721,111.807,111.269,111.154,110.927,110.353,109.983,109.773,109.683,109.507,109.05,108.566,107.96,107.716,108.029,108.311,108.348,107.853,108.214,108.245,108.456,108.699,108.567,108.613,107.828,107.267,106.926,106.372,106.22,106.074,105.864,106.049,105.653,105.659,105.838,106.2,106.155,106.052,105.784,105.623,105.729,105.534,105.282,104.825,104.361,103.966,103.576,103.696,103.412,102.884,102.696,102.37,102.123,101.884,101.41,100.903,100.169,99.5678,98.9743,98.2744,97.5605,96.9327,96.2454,95.6938,95.0327,94.5039,94.1193,93.652,93.4184,93.4698,93.5817,93.6685,93.7207,93.762,93.7027,93.5513,93.3599,93.2614,93.2765,93.4657,93.9117,94.5295,95.2251,96.0021,96.71,97.5344,98.3715,99.2141,100.013,100.645,100.966,100.826,100.276,100.121,100.341,100.744,101.245,101.824,102.515,103.446,104.87,106.608,107.896,108.627,109.109,109.485,109.733,109.947,110.216,110.424,110.643,110.818,110.972,111.121,111.233,111.384,111.534,111.625,111.725,111.792,111.901,111.951,112.009,112.106,112.146,112.175,112.169,112.161,112.185,112.14,112.17,112.185,112.186,112.193,112.188,112.21,112.243,112.274,112.338,112.348,112.376,112.407,112.461,112.538,112.612,112.696,112.772,112.876,112.974,113.07,113.152,113.257,113.321,113.413,113.481,113.553,113.613,113.663,113.716,113.773,113.814,113.864,113.889,113.953,113.997,114.027,114.067,114.095,114.101,114.097,114.121,114.153,114.154,114.139,114.146,114.188,114.215,114.266,114.289,114.34,114.377,114.43,114.498,114.56,114.598,114.639,114.706,114.794,114.82,114.888,114.911,114.966,114.996,115.036,115.058,115.092,115.09,115.112,115.109,115.135,115.129,115.145,115.165,115.195,115.152,115.195,115.209,115.223,115.205,115.209,115.215,115.199,115.191,115.206,115.16,115.157,115.136,115.157,115.143,115.11,115.107,115.144,115.143,115.189,115.199,115.23,115.2,115.212,115.221,115.225,115.162,115.185,115.151,115.147,115.125,115.123,115.111,115.107,115.093,115.134,115.095,115.091,115.083,115.104,115.111,115.1,115.101,115.098,115.073,115.085,115.099,115.091,115.049,115.07,115.084,115.073,115.08,115.083,115.064,115.059,115.058,115.064,115.035,115.008,115.002,115,114.996,115.008,115.004,114.991,114.994,115.012,115.047,115.077,115.081,115.101,115.1,115.108,115.123,115.152,115.157,115.162,115.145,115.155,115.169,115.205,115.211,115.221,115.227,115.228,115.234,115.266,115.286,115.264,115.251,115.281,115.28,115.286,115.317,115.331,115.332,115.288,115.307,115.313,115.323,115.375,115.363,115.359,115.369,115.363,115.419,115.451,115.493,115.507,115.517,115.537,115.52,115.535,115.57,115.583,115.583,115.568,115.53,115.536,115.53,115.559,115.567,115.584,115.566,115.571,115.609,115.645,115.645,115.669,115.675,115.669,115.679,115.704,115.726,115.717,115.723,115.739,115.762,115.786,115.78,115.788,115.778,115.749,115.748,115.743,115.728,115.726,115.714,115.732,115.701,115.715,115.726,115.715,115.724,115.724,115.715,115.734,115.733,115.737,115.724,115.736,115.768,115.77,115.776,115.794,115.774,115.779,115.807,115.83,115.826,115.817,115.818,115.839,115.838,115.861,115.855,115.845,115.865,115.883,115.881,115.881,115.863,115.848,115.855,115.881,115.865,115.858,115.864,115.872,115.9,115.881,115.903,115.884,115.854,115.879,115.851,115.837,115.821,115.798,115.784,115.763,115.771,115.766,115.756,115.736,115.722,115.692,115.672,115.711,115.711,115.695,115.71,115.689,115.705,115.707,115.737,115.768,115.733,115.701,115.718,115.709,115.713,115.719,115.713,115.72,115.701,115.707,115.713,115.714,115.692,115.672,115.663,115.65,115.636,115.624,115.635,115.62,115.576,115.58,115.561,115.58,115.581,115.582,115.567,115.546,115.535,115.526,115.523,115.549,115.5,115.478,115.475,115.479,115.459,115.489,115.482,115.469,115.442,115.473,115.517,115.489,115.493,115.525,115.518,115.493,115.535,115.541,115.508,115.458,115.499,115.451,115.41,115.383,115.453,115.459,115.432,115.436,115.44,115.385,115.386,115.404,115.439,115.379,115.341,115.38,115.403,115.381,115.354,115.376,115.37,115.364,115.371,115.402,115.381,115.363,115.425,115.438,115.446,115.389,115.414,115.433,115.374,115.399,115.37,115.311,115.291,115.276,115.292,115.239,115.195,115.171,115.202,115.169,115.161,115.148,115.14,115.192,115.166,115.157,115.189,115.088,115.099,115.121,115.109,115.083,115.051,115.084,115.051,115.026,115.093,115.181,115.148,115.154,115.22,115.183,115.125,115.171,115.119,115.036,114.918,114.947,114.996,115.014,115.059,115.154,115.209,115.309,115.446,115.487,115.445,115.444,115.386,115.325,115.154,115.041,114.841,114.704,114.77,114.656,114.51,114.48,114.535,114.629,114.618,114.761,114.724,114.621,114.659,114.772,114.712,114.579,114.581,114.523,114.36,114.312,114.225,114.249,114.244,114.204,114.312,114.31,114.434,114.482,114.567,114.624,114.624,114.588,114.685,114.589,114.493,114.297,114.463,114.412,114.375,114.414,114.381,114.285,114.338,114.325,114.46,114.194,114.193,114.129,114.085,114.122,114.121,113.994,113.861,113.792,113.792,113.698,113.853,113.698,113.734,113.73,113.849,114.052,114.275,114.545,114.684,114.761,114.976,114.876,114.909,114.94,114.89,114.759,114.513,114.659,114.667,114.67,114.674,114.627,114.381,114.23,114.164,113.87,113.451,113.284,113.099,112.85,112.65,112.677,112.612,112.551,112.652,112.752,112.599,112.486,112.294,112.159,111.932,111.645,111.255,111.091,110.783,110.349,109.965,109.995,109.965,109.84,109.706,109.789,109.866,109.795,110.047,110.183,110.451,110.267,110.519,110.27,110.254,110.456,110.478,110.118,110.198,110.055,110.015,109.555,109.805,109.418,108.942,108.918,108.919,108.452,108.192,108.042,108.093,107.838,108.129,108.189,108.178,108.176,108.269,108.106,107.982,108.032,108.168,108.166,107.855,107.838,107.654,107.914,108.037,108.337,107.88,108.043,107.941,107.861,107.475,107.768,107.342,107.047,106.761,106.925,106.872,106.732,107.071,107.391,107.218,107.592,107.986,108.141,108.359,108.65,108.75,109.165,109.206,109.598,109.864,110.223,110.853,111.269,111.771,111.869,111.497,111.812,111.433,111.17,110.752,110.64,110.785,110.688,110.933,111.132,110.918,111.276,111.781,112.432,112.351,112.133,111.937,112.026,112.2,112.206,112.131,112.101,112.341,112.045,112.039,111.846,111.743,111.372,111.481,111.602,111.472,111.409,111.692,111.683,112.189,112.19,113.263,113.562,113.548,113.918,113.99,114.561,115.152,115.311,115.654,116.059,116.28,116.953,116.869,116.553,116.049,115.794,115.76,115.583,114.927,115.159,114.877,115.133,115.389,115.826,116.19,116.066,116.552,116.552,116.395,116.449,116.192,116.112,115.922,115.827,115.778,115.43,115.54,115.197,115.285,115.609,115.836,116.212,116.268,116.285,116.302,116.144,116.467,116.259,115.916,115.681,115.521,115.459,115.646,115.924,115.616,115.241,115.197,115.028,114.729,114.654,114.291,114.294,113.88,113.644,113.603,113.499,113.568,113.935,113.83,114.44,114.264,114.296,115.016,115.311,115.742,115.764,115.799,115.906,115.563,115.668,55.7851,-216.102,-169.355,61.4754,
F_3520A2/231_G_None_0.507_SI1,99.8342,1.57711,-1.00555,108.664,99.5719,39.7223,550.972,103.131,0.0115905,-2.51579,1.8704,-32.5212,2957.59, ,125,-7820,359.2,71.399,78.223,77.4403,77.1251,77.3323,76.7694,76.05,76.3919,76.7511,75.9961,75.9396,76.4051,76.2253,76.4302,76.7591,77.8189,77.4284,77.1138,77.4294,78.1837,78.2895,78.1428,77.5098,77.3468,76.9639,77.2314,77.0071,77.3607,77.0473,76.7041,77.1498,77.3015,77.3085,77.8155,77.4215,77.4441,77.0705,77.2067,77.62,77.6512,77.9316,78.5951,77.5983,77.8616,78.404,78.8984,78.5423,78.756,78.7662,78.4537,77.9933,78.1388,78.2079,78.2844,77.6156,77.446,76.923,76.9298,77.4147,77.5736,77.7026,78.1095,77.8656,78.1034,78.687,78.5789,78.3093,77.5724,77.5407,78.0815,77.8675,77.5569,77.6695,77.7325,77.6796,77.742,78.5447,78.2939,77.761,77.559,77.9323,77.3681,76.4199,77.4,77.5134,77.0001,77.3598,77.5201,77.4037,77.0476,77.8303,78.1872,77.2232,77.2368,77.3751,77.2709,77.3078,77.7704,78.0763,77.6133,77.2734,76.7262,76.6116,76.6019,76.5467,76.526,75.7224,75.7108,75.532,76.545,78.0015,77.8146,77.9493,78.0721,77.7881,77.8379,77.3141,77.235,76.6556,75.8491,76.2562,75.9796,75.6995,76.1818,76.8019,77.6227,77.9383,78.0675,78.1008,78.1105,78.3341,78.7212,78.8475,78.5469,78.0563,78.2429,78.1076,77.8189,77.7891,77.6031,77.3297,76.8807,76.9465,76.6651,76.3386,76.0955,76.1755,76.0408,76.1718,76.024,76.0508,75.6819,75.6812,75.7836,76.1164,76.2128,76.3897,76.1454,76.1479,76.3639,76.7591,77.0135,77.04,77.1121,77.2916,77.3566,77.491,77.4355,77.5393,77.657,77.664,77.8596,77.7036,77.6103,77.482,77.6561,77.8999,77.7942,77.9709,78.1391,78.0236,78.1405,78.0989,78.1412,78.1269,78.078,78.0095,77.8164,77.6821,77.7035,77.6384,77.7822,77.7291,77.6623,77.8291,77.8651,77.9956,78.1597,78.3663,78.5819,78.8964,79.1361,79.2139,79.2222,79.3092,79.2634,79.1889,79.1237,78.986,78.8561,78.7461,78.6508,78.5555,78.4567,78.3517,78.25,78.1184,77.9832,77.8396,77.6625,77.4553,77.2408,77.0212,76.8027,76.585,76.3665,76.1791,76.0112,75.8624,75.7788,75.689,75.5803,75.485,75.3694,75.2942,75.2615,75.1996,75.1902,75.1742,75.2061,75.2944,75.4239,75.5899,75.7248,75.7852,75.7393,75.7446,75.6996,75.755,75.7912,75.8885,75.9925,76.3247,76.6909,76.9654,77.3719,77.7263,77.8527,77.9165,77.9005,78.0576,78.2156,78.1078,78.5874,78.9458,79.545,80.1923,81.0363,81.8647,82.2236,82.639,82.9276,83.0987,83.3481,83.7116,84.1502,84.3952,85.0028,85.7852,86.5492,87.5748,88.3889,89.2017,89.6893,90.4096,91.2706,92.2032,92.922,93.798,94.8752,96.3313,97.114,98.3353,99.0095,99.5681,99.6504,99.8752,100.121,100.086,100.066,100.723,100.782,101.457,102.11,102.603,102.941,103.128,103.259,103.157,102.764,102.63,102.234,101.944,101.698,101.587,101.568,101.649,101.756,102.153,102.365,102.992,103.445,103.856,104.086,103.979,104.011,104.352,104.268,104.221,103.824,103.636,103.125,103.289,103.358,103.382,103.11,102.924,103.008,102.947,102.882,103.387,103.096,102.854,102.952,102.6,102.476,101.954,101.654,101.154,100.59,100.543,100.817,100.508,100.383,100.431,100.567,100.768,100.926,100.824,100.24,99.6465,99.5994,99.5933,99.2999,99.2228,99.0449,99.0186,98.8016,99.1477,99.3652,99.1821,98.9416,98.8657,98.7432,98.8213,98.5257,98.5434,98.3891,98.0921,97.9915,98.2049,98.5262,98.4606,97.8906,98.0657,98.0012,97.6799,97.9017,97.7321,97.7416,97.6008,97.6814,98.3449,98.392,98.5952,98.6629,98.7391,99.0863,99.0588,98.7031,98.56,98.1201,98.2383,98.2371,98.4703,98.3718,98.4537,98.5447,98.6467,98.5895,99.0041,98.773,98.7798,98.7013,98.8054,98.5015,98.2858,98.3329,98.5133,98.1672,98.2179,98.2672,98.4091,98.4812,98.6061,98.8417,98.8899,98.9859,98.9715,98.959,98.6411,98.1069,97.9375,98.0414,97.9237,98.0672,97.9459,98.0729,97.9725,98.3503,98.8921,98.8186,98.8545,98.8693,98.6662,98.6127,98.5215,98.6163,98.5426,98.5526,98.5464,98.3836,98.3875,98.4837,98.4659,98.6209,98.2799,98.2342,98.3289,98.3496,98.3085,98.2185,98.3583,98.3947,98.3865,98.6601,98.7102,98.6981,98.704,98.8028,98.8702,98.895,98.9806,98.7927,98.7454,98.6702,98.483,99.113,99.1127,99.018,98.8866,98.8248,98.991,98.9614,98.9705,99.1055,98.5209,98.5366,99.0278,99.0904,99.1992,99.3037,99.6895,99.7139,99.6856,99.9445,100.092,100.114,100.025,100.248,100.256,100.54,100.742,100.669,100.452,100.128,99.9978,100.291,100.197,99.9087,99.4227,99.5826,99.7763,99.7899,100.255,100.328,100.276,100.006,100.176,100.606,100.362,100.391,100.564,100.262,100.309,100.268,100.422,100.705,100.394,100.481,100.682,101.038,101.136,101.178,101.211,101.539,101.618,101.829,101.904,101.459,101.161,101.109,100.654,100.371,100.746,100.534,100.674,100.703,101.145,101.264,101.574,102.167,102.612,101.988,102.342,102.049,102.028,102.161,101.911,101.629,101.397,101.496,101.063,101.301,101.709,102.255,102.385,102.461,102.718,102.968,102.727,103.596,102.966,102.732,102.435,102.208,102.727,103.003,102.406,102.528,102.437,102.811,102.488,102.666,102.852,102.783,102.463,102.999,103.186,103.408,103.613,104.052,103.665,103.69,103.657,104.34,104.164,104.355,104.139,104.001,103.784,104.18,103.785,103.505,103.149,103.58,103.498,104.047,103.86,104.441,104.595,104.973,105.062,105.123,105.563,105.163,105.034,105.605,105.667,105.09,104.614,104.829,105.156,105.806,105.848,105.937,106.033,105.65,106.568,108.018,108.68,108.769,107.798,108.789,108.502,107.854,108.707,107.918,107.592,106.983,106.998,106.322,105.766,106.153,106.587,106.501,106.445,106.235,106.876,107.088,107.993,108.561,108.852,109.03,108.738,109.577,111.013,110.516,110.502,109.163,109.371,109.836,110.514,111.026,110.346,108.759,109.316,109.746,110.546,109.679,111.2,110.523,109.679,111.438,112.432,112.405,112.596,113.881,114.454,113.155,113.757,114.656,113.995,114.707,114.822,115.281,115.69,116.112,115.142,115.748,116.716,116.929,116.207,117.049,118.024,117.849,117.615,117.57,116.232,115.847,115.761,117.105,117.228,117.042,117.416,118.26,118.468,119.705,120.64,121.092,119.647,119.775,119.162,120.463,121.157,123.539,127.583,127.306,127.378,127.124,129.685,130.03,128.912,130.076,130.624,127.698,126.769,130.57,132.218,131.864,133.752,134.665,135.538,134.672,137.14,140.261,138.67,138.851,137.785,138.335,137.971,138.616,137.635,137.188,139.742,143.833,145.734,144.33,144.085,146.519,148.008,152.542,153.892,151.959,150.198,151.339,152.958,156.856,157.392,158.275,158.546,158.507,159.104,166.735,172.721,174.252,180,181.251,178.946,184.329,184.62,186.952,179.946,177.477,187.87,186.134,188.244,191.978,192.461,190.488,190.675,191.09,189.763,183.933,180.883,183.586,188.389,186.469,190.922,192.782,194.229,198.414,203.709,205.117,203.479,205.608,205.648,213.106,212.499,217.722,221.975,215.882,222.464,225.17,217.429,216.655,220.99,230.972,218.095,212.499,217.728,210.94,218.167,220.47,221.926,211.555,209.53,221.823,235.462,241.436,249.434,251.04,255.892,258.433,262.286,262.897,254.804,247.881,242.899,247.782,234.797,235.416,252.535,257.495,270.522,270.07,263.156,260.442,241.85,252.762,248.917,234.207,223.524,210.779,204.7,205.282,205.719,196.008,191.423,189.976,187.463,194.636,194.718,198.878,197.363,201.582,213.555,215.31,207.155,207.853,198.895,194.485,190.762,186.606,181.358,182.376,174.114,179.069,175.157,181.421,178.522,174.412,175.242,175.155,173.106,172.991,170.186,170.946,167.959,161.854,164.539,163.356,162.44,163.811,157.825,159.215,154.943,154.283,158.835,154.436,153.48,152.586,146.495,151,145.061,144.839,139.96,139.237,138.85,138.056,139.31,137.401,140.353,142.472,140.537,139.627,141.071,140.627,141.711,131.237,133.149,129.074,125.915,124.037,120.481,116.386,116.064,111.37,113.001,109.745,107.201,106.676,105.667,106.208,106.928,104.644,103.611,103.159,104.363,103.253,100.894,102.225,101.12,99.4568,99.5821,100.216,98.9685,97.7673,98.1424,97.5678,93.916,93.8804,95.0036,96.0962,95.0493,95.4963,94.4333,94.304,94.8875,97.5184,97.3227,95.8994,94.9653,94.8322,95.377,95.5811,94.7476,93.2489,91.5618,90.4859,89.6237,88.5685,88.4776,86.9298,87.4647,87.4647,87.2762,87.7428,88.0138,87.8343,87.5029,86.7055,85.9967,85.4872,85.5466,85.9414,84.2483,84.0396,84.2996,84.2841,84.7406,85.7076,85.5136,83.806,83.5846,83.7175,84.4915,84.8432,84.7817,84.942,85.8577,86.4557,89.5989,90.2111,91.8543,91.6177,90.6743,89.9868,89.5512,87.0132,86.2159,83.9034,83.4976,83.2848,82.544,82.4784,83.1939,83.8704,84.7109,85.0041,85.2993,85.6946,85.0225,84.8767,84.9809,84.8713,83.376,83.1169,82.3944,82.5992,82.1291,79.7561,80.3209,80.7262,80.448,81.1496,80.4112,80.5917,80.8046,81.324,84.9809,83.8854,82.0341,81.6138,80.9975,82.0397,82.0415,330.204,6.52632,71.2,24.7337,
W_3520A2/98_G_None_0.547_VS2,106.573,-0.932232,2.21425,111.539,117.981,124.457,569.501,108.819,0.0186292,0.393953,2.40249,112.832,6349.08, ,0,16000,-67.7966,225.806,113.035,112.507,113.173,113.956,113.776,113.672,113.793,114.386,114.932,115.454,115.601,115.46,114.978,114.777,113.762,113.995,114.193,112.767,112.786,113.942,113.227,112.49,112.736,113.475,112.781,113.287,114.67,114.592,113.8,114.257,114.408,114.23,112.974,113.093,112.805,112.07,112.058,111.887,111.527,111.454,111.458,112.24,112.597,112.323,112.545,112.912,112.956,113.464,113.215,113.782,113.702,113.83,113.917,113.706,113.406,113.541,112.747,113.136,112.762,112.824,112.57,113.013,112.895,112.706,112.912,113.186,113.524,113.712,113.447,113.204,112.679,112.375,112.153,112.082,112.587,112.381,111.781,112.197,112.261,112.112,112.582,112.998,112.506,112.331,112.585,112.962,112.332,112.268,112.622,112.611,112.339,112.389,112.444,112.106,111.989,112.741,113.172,113.601,114.361,114.127,114.405,114.098,114.311,114.159,113.85,113.222,112.367,111.192,111.777,112.037,112.048,112.364,112.569,113.042,113.192,113.675,113.92,113.694,112.91,112.861,112.198,112.619,112.377,112.326,112.141,112.494,111.857,111.973,111.868,112.031,111.82,111.98,111.959,112.238,112.511,113.01,113.788,113.976,114.129,114.589,114.352,114.694,114.781,114.581,115.013,114.12,113.981,113.741,113.251,112.978,112.867,112.455,112.476,112.043,112.715,113.082,112.777,112.298,112.464,112.523,112.607,112.23,112.316,112.002,111.923,112.32,112.811,112.823,112.863,113.08,112.903,112.89,112.877,113.21,113.214,112.702,112.658,112.323,112.178,112.348,112.276,112.504,111.837,111.518,111.689,111.115,110.911,110.54,110.158,109.757,109.142,108.574,108.072,107.6,107.858,107.668,107.637,107.7,107.913,108.127,108.308,108.43,108.19,108.111,107.62,107.082,106.488,106.082,105.623,105.442,105.137,105.2,104.742,104.924,105.231,105.415,105.203,105.175,104.904,104.72,104.716,104.366,103.893,103.255,102.827,102.442,101.754,101.677,101.213,100.239,99.9686,99.2808,98.5312,97.7027,97.0333,96.4079,95.4508,94.6897,93.9481,93.0766,92.1405,91.3007,90.4996,89.5275,88.5719,87.5558,86.9056,86.4245,86.1723,86.1087,86.3029,86.4204,86.4496,86.4353,86.3467,86.1134,85.8093,85.6075,85.603,85.8324,86.4334,87.334,88.3829,89.4596,90.58,91.7952,93.0238,94.3238,95.5422,96.4953,96.9967,96.798,96.1454,95.8911,96.2241,96.9033,97.6849,98.6214,99.8147,101.325,103.595,106.261,108.296,109.517,110.346,111.006,111.499,111.879,112.256,112.513,112.803,113.029,113.233,113.467,113.632,113.811,113.938,114.117,114.22,114.318,114.416,114.484,114.506,114.548,114.549,114.57,114.554,114.549,114.559,114.512,114.524,114.526,114.521,114.506,114.479,114.438,114.387,114.319,114.3,114.198,114.135,114.082,114.087,114.11,114.164,114.262,114.379,114.488,114.633,114.757,114.872,114.959,115.051,115.113,115.178,115.253,115.302,115.371,115.405,115.458,115.548,115.611,115.72,115.795,115.834,115.915,115.934,116.015,116.021,115.976,115.898,115.794,115.671,115.553,115.439,115.399,115.364,115.428,115.504,115.698,115.905,116.141,116.369,116.609,116.845,117.012,117.193,117.353,117.416,117.504,117.575,117.67,117.749,117.791,117.842,117.877,117.912,117.959,117.992,118.03,118.03,118.034,118.05,118.099,118.078,118.121,118.136,118.136,118.114,118.128,118.144,118.143,118.119,118.115,118.084,118.093,118.084,118.133,118.126,118.116,118.103,118.108,118.112,118.112,118.109,118.116,118.087,118.105,118.07,118.069,118.041,118.05,118.033,118.036,118.004,117.99,117.99,118.012,118.002,118.041,118.033,118.027,118.023,118.07,118.066,118.04,118.044,118.057,118.049,118.039,118.048,118.043,118.003,118,118.001,117.992,117.99,117.988,117.981,117.988,117.98,117.983,117.98,117.963,117.949,117.948,117.924,117.931,117.932,117.916,117.913,117.943,117.971,117.987,118,118.025,118.015,118.024,118.038,118.04,118.014,118.012,118.005,117.983,117.986,118,117.99,117.987,117.998,117.998,117.996,118.026,118.054,118.035,118.038,118.028,118.046,118.049,118.085,118.087,118.069,118.031,118.028,118.023,118.067,118.071,118.056,118.035,118.028,118.022,118.051,118.081,118.108,118.081,118.094,118.119,118.104,118.114,118.153,118.128,118.128,118.131,118.12,118.114,118.115,118.139,118.151,118.161,118.181,118.2,118.208,118.223,118.227,118.22,118.21,118.203,118.179,118.174,118.155,118.145,118.144,118.162,118.187,118.214,118.219,118.237,118.242,118.228,118.215,118.22,118.201,118.209,118.206,118.217,118.203,118.228,118.239,118.255,118.27,118.257,118.239,118.26,118.264,118.265,118.243,118.269,118.298,118.292,118.329,118.35,118.345,118.37,118.404,118.43,118.438,118.428,118.436,118.479,118.495,118.51,118.505,118.485,118.509,118.541,118.537,118.555,118.537,118.535,118.563,118.576,118.602,118.608,118.606,118.638,118.633,118.619,118.609,118.598,118.595,118.6,118.597,118.593,118.595,118.626,118.618,118.663,118.664,118.673,118.672,118.679,118.655,118.629,118.635,118.682,118.645,118.626,118.659,118.673,118.667,118.722,118.743,118.729,118.692,118.693,118.732,118.719,118.703,118.727,118.715,118.744,118.759,118.784,118.813,118.823,118.836,118.84,118.846,118.825,118.824,118.855,118.883,118.877,118.864,118.864,118.878,118.887,118.917,118.944,118.907,118.902,118.919,118.931,118.933,118.98,118.948,118.947,118.936,118.984,118.96,118.969,118.987,118.955,118.894,118.939,118.953,118.948,118.948,118.97,118.998,118.942,119.016,119.066,118.99,118.968,119.01,118.987,118.979,118.942,119.014,119.002,118.97,119.063,119.093,119.033,119.017,119.027,119.07,119.046,119.065,119.067,119.089,119.092,119.079,119.127,119.158,119.139,119.112,119.052,119.04,119.007,119.026,119.076,119.059,119.046,119.061,119.114,119.125,119.18,119.208,119.16,119.109,119.066,119.077,119.066,119.049,119.011,119.005,118.93,118.937,118.973,118.958,118.933,118.869,118.798,118.804,118.752,118.765,118.72,118.641,118.669,118.718,118.735,118.777,118.835,118.848,118.832,118.863,118.874,118.864,118.757,118.749,118.669,118.586,118.536,118.513,118.513,118.589,118.655,118.789,118.873,118.927,118.994,119.102,119.133,119.095,119.027,119.003,118.766,118.574,118.482,118.354,118.166,118.171,118.097,118.11,118.043,118.142,118.211,118.248,118.217,118.164,118.038,118.072,117.987,117.86,117.722,117.708,117.59,117.502,117.597,117.517,117.406,117.262,117.341,117.342,117.307,117.41,117.512,117.382,117.486,117.459,117.47,117.338,117.24,117.14,116.941,117.015,117.136,116.936,117.025,117.195,117.211,117.287,117.455,117.704,117.505,117.529,117.532,117.556,117.313,117.146,116.954,116.662,116.396,116.331,116.108,116.237,116.007,116.049,116.183,116.307,116.548,116.647,116.916,117.162,117.198,117.361,117.404,117.572,117.571,117.458,117.415,117.214,117.179,117.176,116.995,116.813,116.659,116.834,116.432,116.392,116.058,115.61,115.524,115.488,115.513,115.055,114.816,114.875,114.67,114.608,114.678,114.418,114.142,113.763,113.789,113.185,112.713,112.303,112.345,112.289,111.933,111.609,111.568,111.394,111.673,111.761,111.854,111.569,111.223,111.359,111.378,111.448,111.482,111.395,111.288,111.293,111.535,111.693,111.128,111.165,111.136,110.943,110.645,110.626,110.238,109.776,109.493,109.865,109.27,109.2,109.255,109.276,109.059,109.121,109.137,109.163,108.957,109.382,109.104,108.873,108.484,108.605,108.824,108.428,108.527,108.268,108.596,108.549,108.594,108.535,108.376,108.118,108.543,108.052,108.165,107.588,107.48,107.501,107.451,107.547,107.567,107.551,107.956,108.137,108.483,108.423,108.639,109.214,109.486,109.507,110.038,110.279,110.717,110.733,111.21,111.472,111.854,112.362,112.678,112.599,112.918,112.284,112.263,112.19,112.107,112.308,112.229,112.037,111.89,111.677,112.039,112.43,112.847,113.03,113.009,113.021,113.586,113.998,113.9,114.309,114.599,115.122,114.813,114.66,114.473,114.422,113.701,113.759,113.825,113.646,113.365,113.406,113.107,113.433,113.313,114.747,114.983,115.141,115.521,115.525,116.442,116.878,117.293,117.735,117.703,118.337,118.81,118.747,119.092,118.516,118.854,119.014,118.839,118.444,118.116,117.755,117.813,117.609,117.795,118.039,117.867,118.39,118.664,118.893,119.005,119.04,119.48,119.629,119.531,119.358,118.824,118.402,118.187,118.055,118.109,117.978,118.208,118.351,118.03,118.158,118.422,118.833,118.697,118.507,118.445,118.055,117.604,117.871,118.296,117.754,117.002,116.918,117.047,116.399,116.633,116.97,116.798,116.154,116.016,116.181,116.279,116.062,116.589,116.456,116.302,116.502,116.509,117.09,117.218,117.416,117.538,117.507,117.616,117.669,117.716,82.6446,-322.034,129.032,360.656,
F_3520A2/98_G_None_0.547_VS2,99.7196,2.92667,-8.43394,109.222,99.2767,44.1717,575.735,131.828,0.0328351,-3.19817,8.92731,-70.8627,2986.86, ,-25,-5380,-311.2,84.0415,73.168,73.4508,73.477,73.1338,73.1972,72.5336,73.5392,72.9851,72.8011,72.5793,72.0989,71.9664,72.8543,72.9462,73.3936,73.0431,72.9745,72.7613,73.1385,73.9374,73.5097,72.4079,72.3697,71.8752,71.9591,72.2002,72.5586,72.2626,71.5972,71.4429,71.5354,70.9747,71.5759,71.5111,71.6834,71.6581,71.9827,71.9289,71.7415,72.1791,72.6507,72.5423,72.7243,72.8722,73.3513,72.9917,73.1376,73.6531,73.2924,73.0003,72.6862,72.6755,72.252,71.5007,71.2019,71.7305,71.7876,71.8026,71.6317,71.5775,71.7626,71.8922,72.4413,72.7998,72.8589,72.8845,72.8246,73.4083,73.9726,74.3551,74.1381,74.1854,74.3428,74.1066,74.1138,74.3804,74.0227,73.2941,73.1455,73.4172,73.278,72.7642,72.9431,73.2095,72.7714,72.7098,73.0108,72.5574,72.9406,72.8715,72.8399,72.6708,72.3221,72.8153,72.9327,73.0589,73.1809,72.7841,72.5516,72.7419,71.956,72.1299,71.9948,71.998,71.9193,71.7308,71.5376,71.2945,71.6791,72.7367,72.7943,72.6983,72.9307,73.1857,73.0978,73.4909,73.649,73.7543,73.1947,72.6488,72.379,71.9111,71.918,72.0001,71.5631,71.7963,71.4697,71.7723,72.1432,72.9104,73.6438,73.3288,73.1026,73.1174,73.4831,73.8833,73.4862,73.6173,73.3222,73.0007,73.2441,73.134,73.2077,73.2607,73.0882,73.0154,72.7191,72.3634,72.4123,72.256,72.1802,72.1475,71.9313,71.9584,72.0081,72.11,72.24,71.9576,71.8581,72.2058,72.4436,72.4272,72.3373,72.3222,72.3271,72.399,72.6566,72.7836,72.6888,72.4749,72.5888,72.6805,72.6974,72.6335,72.6209,72.5681,72.437,72.5115,72.6406,72.4406,72.5833,72.6116,72.7805,72.8111,72.9196,73.0618,72.9322,72.9601,73.0681,73.011,73.1326,73.0829,73.0937,73.3299,73.5525,73.9461,74.3418,74.8335,75.3174,75.8501,76.207,76.4491,76.5278,76.5624,76.4325,76.2572,75.9989,75.7289,75.3947,75.1075,74.7991,74.5355,74.2796,74.0064,73.7551,73.4782,73.1732,72.8623,72.521,72.159,71.7699,71.3527,70.9716,70.5693,70.1953,69.8658,69.5651,69.2726,69.0564,68.8271,68.64,68.4346,68.2177,68.0133,67.8037,67.6488,67.5656,67.5086,67.5612,67.6368,67.7584,67.9126,68.0857,68.1995,68.1775,68.1338,68.0396,67.982,68.0243,68.2022,68.4376,68.7799,69.2673,69.676,70.268,70.7597,71.1433,71.5028,71.5727,71.7157,72.0054,72.0849,72.8259,73.4366,74.3266,75.3963,76.437,77.5412,78.5324,79.1498,79.9217,80.4801,81.1226,82.1317,82.8638,83.8345,85.0697,86.2776,88.0592,89.8416,91.3151,92.9258,93.9102,95.4327,96.7038,98.5611,100.17,102.099,104.111,106.383,108.025,110.007,111.013,112.066,112.387,112.761,112.585,112.477,112.395,112.825,113.296,114.434,115.508,116.4,116.861,117.2,117.624,117.624,117.276,116.754,116.3,115.801,115.236,115.034,115.05,115.207,115.546,115.994,116.504,116.84,117.093,117.466,117.697,117.843,117.431,117.295,117.081,116.4,116.215,115.996,115.584,115.804,115.663,115.629,115.576,115.463,115.625,115.219,115.259,115.424,114.874,114.372,114.165,113.456,112.823,112.362,111.923,111.247,110.998,110.692,110.507,109.999,109.836,109.633,109.266,109.293,108.975,108.187,107.831,107.42,107.311,107.058,106.998,106.93,106.73,106.565,106.534,106.37,106.227,105.923,105.611,105.289,105.012,104.528,104.163,103.74,103.426,103.034,103.074,102.888,103.075,102.992,102.61,102.313,102.199,101.821,101.992,101.465,101.621,101.121,100.715,101.061,101.078,100.942,100.879,100.875,100.808,100.494,100.247,100.061,99.3838,99.5367,99.414,99.2959,98.9875,98.9386,98.7553,98.8309,98.8346,99.2852,98.9969,99.085,99.2601,99.16,98.9104,98.7988,98.5888,98.6183,98.3622,98.3777,98.3869,98.2178,98.3152,98.6454,98.7858,98.5545,98.4015,98.3825,98.3615,98.0707,97.6815,97.4487,97.1138,96.8978,97.2939,97.608,97.561,97.4503,97.5877,97.8902,97.7986,98.128,98.3065,98.1032,97.7845,97.7313,97.7965,97.6313,97.7411,97.7054,97.4399,97.2988,97.6046,97.4028,97.3914,97.2811,97.6006,97.3695,97.4676,97.4085,97.3712,97.2187,97.3758,97.2946,97.321,97.2719,97.4415,97.4089,97.5952,97.5156,97.2136,97.3879,97.5748,97.5033,97.3355,97.3094,97.5762,97.6831,97.9954,98.1028,97.9935,98.1225,98.0761,98.2742,98.4227,98.3704,98.1844,98.3355,98.4502,98.6571,98.5241,98.9599,98.9134,98.7407,98.5993,98.8902,98.8064,98.898,99.2619,99.5148,99.497,99.5431,99.7684,100.119,99.7433,99.5383,99.6005,99.4063,98.8834,98.8241,99.0757,99.1416,99.1732,99.6693,99.9257,100.004,99.8441,100.199,100.473,100.361,100.113,100.089,99.8254,99.9529,100.031,100.014,100.247,100.068,100.188,100.643,100.896,101.277,101.388,101.521,101.695,101.775,101.727,101.8,101.529,101.264,101.139,101.023,100.702,101.027,101.025,101.193,100.982,101.336,101.631,101.76,101.453,102.019,101.719,102.179,102.46,102.7,102.868,102.691,102.563,102.809,103.142,103.087,102.798,102.522,103.067,103.034,103.09,103.132,103.6,102.786,103.019,102.62,102.651,102.305,102.641,102.839,103.017,102.688,102.627,102.759,102.93,103.009,103.194,102.724,102.707,102.881,103.181,103.976,104.595,105.069,105.653,105.319,105.122,105.25,105.481,105.088,104.713,104.286,104.15,103.362,103.617,103.872,103.685,103.633,104.19,104.454,105.069,104.972,105.751,106.057,106.403,106.969,107.145,107.672,107.522,106.833,106.775,106.676,105.994,105.528,105.816,105.455,105.74,106.094,106.696,107.709,107.281,108.467,109.626,109.37,110.18,109.799,110.098,109.718,108.594,108.892,108.41,108.983,108.431,107.51,106.716,106.167,106.23,106.877,107.094,106.613,105.48,105.654,106.943,107.424,107.938,107.167,106.894,107.747,107.272,108.657,108.402,108.203,107.995,108.931,111.045,112.612,111.995,113.364,112.874,113.883,113.032,113.317,112.529,113.219,112.038,111.997,113.272,113.701,113.562,114.467,115.154,115.746,115.255,115.831,116.158,114.288,114.079,113.955,114.164,113.525,111.926,111.096,112.058,111.814,112.508,112.37,113.5,114.543,115.037,116.03,116.897,116.313,116.98,115.747,116.496,116.912,116.129,116.09,116.303,114.835,115.303,115.161,116.04,113.727,112.413,111.918,111.827,111.905,114.237,114.708,114.975,116.022,118.094,118.379,118.749,119.574,120.809,119.366,119.337,118.318,118.236,118.179,118.874,118.592,116.431,115.912,113.778,116.746,118.277,118.195,119.1,116.956,118.294,119.932,122.094,123.284,119.478,120.77,124.492,123.597,123.295,121.683,121.876,120.005,122.785,125.14,123.048,121.123,121.734,120.327,122.292,124.857,123.374,121.906,120.421,120.237,121.357,119.072,121.443,121.187,119.694,120.428,123.686,121.052,121.842,115.671,118.665,123.595,125.331,125.19,125.788,122.851,119.531,119.766,124.197,121.935,120.127,118.712,118.394,119.457,119.884,125.281,125.045,124,125.61,127.308,128.697,127.121,124.963,123.733,124.493,127.794,130.325,130.145,123.412,126.259,131.445,129.599,129.599,132.431,132.387,124.566,128.66,133.203,125.543,122.691,123.526,120.091,112.141,110.114,114.479,114.237,114.046,118.09,121.39,123.797,128.273,132.851,132.192,129.748,127.971,130.931,134.898,130.898,133.337,139.278,142.014,148.106,144.754,142.855,136.611,123.688,123.751,117.689,109.62,103.346,99.3767,100.233,99.3658,99.8032,94.9925,93.1736,92.4795,97.9248,99.8267,97.5533,98.2926,98.3056,101.378,110.798,115.088,111.301,107.648,107.01,106.485,104.829,100.189,100.526,101.884,98.5766,100.848,98.8712,101.201,101.193,98.8524,101.834,97.9168,97.5544,96.1786,96.867,97.8686,98.2168,98.2949,102.075,101.77,104.28,100.776,100.742,98.9872,98.4047,95.2679,95.6558,93.013,92.5503,87.6464,88.2966,87.1687,86.9751,87.1196,89.4695,87.2098,89.7757,90.1035,91.8595,90.9459,93.5586,93.2493,91.5318,88.1023,90.2677,88.7726,88.0909,84.4696,84.8238,84.0697,85.2102,86.3104,86.6604,86.5178,85.7516,84.7518,86.5384,86.5415,86.6929,85.8589,84.7983,84.6787,85.0749,86.0172,84.1981,84.4912,84.1115,82.0964,81.7976,81.6886,81.5291,80.8685,79.9335,80.1617,79.0648,78.4719,78.3336,78.739,76.449,76.1942,75.1392,75.7064,76.3956,76.2269,75.8984,74.5232,74.4431,76.0245,74.8299,74.6654,74.071,73.9521,74.9686,76.627,78.2181,77.0217,77.1496,77.1317,76.1593,76.1253,75.842,74.0787,72.9114,73.8264,73.2578,73.884,75.3276,76.7036,75.7364,76.16,76.565,76.947,75.6093,75.6867,74.52,73.833,72.1621,73.3185,73.5772,73.7081,73.7586,71.9054,71.566,71.3194,71.0291,72.7266,71.0291,70.7598,72.2065,72.5449,75.0442,76.3377,77.7582,77.9437,77.5862,78.2599,76.3694,74.2268,73.1009,72.8364,72.2881,73.2768,73.2713,71.699,71.6904,73.3997,72.972,72.4393,72.1813,72.523,71.0739,70.4945,71.6414,71.5868,70.3934,71.6524,72.7761,72.6186,72.4727,70.0736,70.7469,70.8244,71.6082,72.0829,71.6839,71.5574,71.519,72.167,74.14,73.7016,72.9596,72.2167,72.6529,73.1953,72.9801,86.1224,157.684,168.8,10.7692,
W_Calibration,100,0,0,95.0422,100,108.876,565.016,99.9909,1.74827e-05,0.00127928,0,0,6504.1, ,100,100,100,100,100,100,100,100,100,100,100,100,100,100,100,100,100,100,100,100,100,100,100,100,100,100,100,100,100,100,100,100,100,100,100,100,100,100,100,100,100,100,100,100,100,100,100,100,100,100,100,100,100,100,100,100,100,100,100,100,100,100,100,100,100,100,100,100,100,100,100,100,100,100,100,100,100,100,100,100,100,100,100,100,100,100,100,100,100,100,100,100,100,100,100,100,100,100,100,100,100,100,100,100,100,100,100,100,100,100,100,100,100,100,100,100,100,100,100,100,100,100,100,100,100,100,100,100,100,100,100,100,100,100,100,100,100,100,100,100,100,100,100,100,100,100,100,100,100,100,100,100,100,100,100,100,100,100,100,100,100,100,100,100,100,100,100,100,100,100,100,100,100,100,100,100,100,100,100,100,100,100,100,100,100,100,100,100,100,100,100,100,100,100,100,100,100,100,100,100,100,100,100,100,100,100,100,100,100,100,100,100,100,100,100,100,100,100,100,100,100,100,100,100,100,100,100,100,100,100,100,100,100,100,100,100,100,100,100,100,100,100,100,100,100,100,100,100,100,100,100,100,100,100,100,100,100,100,100,100,100,100,100,100,100,100,100,100,100,100,100,100,100,100,100,100,100,100,100,100,100,100,100,100,100,100,100,100,100,100,100,100,100,100,100,100,100,100,100,100,100,100,100,100,100,100,100,100,100,100,100,100,100,100,100,100,100,100,100,100,100,100,100,100,100,100,100,100,100,100,100,100,100,100,100,100,100,100,100,100,100,100,100,100,100,100,100,100,100,100,100,100,100,100,100,100,100,100,100,100,100,100,100,100,100,100,100,100,100,100,100,100,100,100,100,100,100,100,100,100,100,100,100,100,100,100,100,100,100,100,100,100,100,100,100,100,100,100,100,100,100,100,100,100,100,100,100,100,100,100,100,100,100,100,100,100,100,100,100,100,100,100,100,100,100,100,100,100,100,100,100,100,100,100,100,100,100,100,100,100,100,100,100,100,100,100,100,100,100,100,100,100,100,100,100,100,100,100,100,100,100,100,100,100,100,100,100,100,100,100,100,100,100,100,100,100,100,100,100,100,100,100,100,100,100,100,100,100,100,100,100,100,100,100,100,100,100,100,100,100,100,100,100,100,100,100,100,100,100,100,100,100,100,100,100,100,100,100,100,100,100,100,100,100,100,100,100,100,100,100,100,100,100,100,100,100,100,100,100,100,100,100,100,100,100,100,100,100,100,100,100,100,100,100,100,100,100,100,100,100,100,100,100,100,100,100,100,100,100,100,100,100,100,100,100,100,100,100,100,100,100,100,100,100,100,100,100,100,100,100,100,100,100,100,100,100,100,100,100,100,100,100,100,100,100,100,100,100,100,100,100,100,100,100,100,100,100,100,100,100,100,100,100,100,100,100,100,100,100,100,100,100,100,100,100,100,100,100,100,100,100,100,100,100,100,100,100,100,100,100,100,100,100,100,100,100,100,100,100,100,100,100,100,100,100,100,100,100,100,100,100,100,100,100,100,100,100,100,100,100,100,100,100,100,100,100,100,100,100,100,100,100,100,100,100,100,100,100,100,100,100,100,100,100,100,100,100,100,100,100,100,100,100,100,100,100,100,100,100,100,100,100,100,100,100,100,100,100,100,100,100,100,100,100,100,100,100,100,100,100,100,100,100,100,100,100,100,100,100,100,100,100,100,100,100,100,100,100,100,100,100,100,100,100,100,100,100,100,100,100,100,100,100,100,100,100,100,100,100,100,100,100,100,100,100,100,100,100,100,100,100,100,100,100,100,100,100,100,100,100,100,100,100,100,100,100,100,100,100,100,100,100,100,100,100,100,100,100,100,100,100,100,100,100,100,100,100,100,100,100,100,100,100,100,100,100,100,100,100,100,100,100,100,100,100,100,100,100,100,100,100,100,100,100,100,100,100,100,100,100,100,100,100,100,100,100,100,100,100,100,100,100,100,100,100,100,100,100,100,100,100,100,100,100,100,100,100,100,100,100,100,100,100,100,100,100,100,100,100,100,100,100,100,100,100,100,100,100,100,100,100,100,100,100,100,100,100,100,100,100,100,100,100,100,100,100,100,100,100,100,100,100,100,100,100,100,100,100,100,100,100,100,100,100,100,100,100,100,100,100,100,100,100,100,100,100,100,100,100,100,100,100,100,100,100,100,100,100,100,100,100,100,100,100,100,100,100,100,100,100,100,100,100,100,100,100,100,100,100,100,100,100,100,100,100,100,100,100,100,100,100,100,100,100,100,100,100,100,100,100,100,100,100,100,100,100,100,100,100,100,100,100,100,100,100,100,100,100,100,100,100,100,100,100,100,100,100,100,100,100,100,100,100,100,
F_Calibration,100,0,0,108.104,100,39.2965,491.07,99.9909,0.000170256,0.00127928,0,0,3000.62, ,100,100,100,100,100,100,100,100,100,100,100,100,100,100,100,100,100,100,100,100,100,100,100,100,100,100,100,100,100,100,100,100,100,100,100,100,100,100,100,100,100,100,100,100,100,100,100,100,100,100,100,100,100,100,100,100,100,100,100,100,100,100,100,100,100,100,100,100,100,100,100,100,100,100,100,100,100,100,100,100,100,100,100,100,100,100,100,100,100,100,100,100,100,100,100,100,100,100,100,100,100,100,100,100,100,100,100,100,100,100,100,100,100,100,100,100,100,100,100,100,100,100,100,100,100,100,100,100,100,100,100,100,100,100,100,100,100,100,100,100,100,100,100,100,100,100,100,100,100,100,100,100,100,100,100,100,100,100,100,100,100,100,100,100,100,100,100,100,100,100,100,100,100,100,100,100,100,100,100,100,100,100,100,100,100,100,100,100,100,100,100,100,100,100,100,100,100,100,100,100,100,100,100,100,100,100,100,100,100,100,100,100,100,100,100,100,100,100,100,100,100,100,100,100,100,100,100,100,100,100,100,100,100,100,100,100,100,100,100,100,100,100,100,100,100,100,100,100,100,100,100,100,100,100,100,100,100,100,100,100,100,100,100,100,100,100,100,100,100,100,100,100,100,100,100,100,100,100,100,100,100,100,100,100,100,100,100,100,100,100,100,100,100,100,100,100,100,100,100,100,100,100,100,100,100,100,100,100,100,100,100,100,100,100,100,100,100,100,100,100,100,100,100,100,100,100,100,100,100,100,100,100,100,100,100,100,100,100,100,100,100,100,100,100,100,100,100,100,100,100,100,100,100,100,100,100,100,100,100,100,100,100,100,100,100,100,100,100,100,100,100,100,100,100,100,100,100,100,100,100,100,100,100,100,100,100,100,100,100,100,100,100,100,100,100,100,100,100,100,100,100,100,100,100,100,100,100,100,100,100,100,100,100,100,100,100,100,100,100,100,100,100,100,100,100,100,100,100,100,100,100,100,100,100,100,100,100,100,100,100,100,100,100,100,100,100,100,100,100,100,100,100,100,100,100,100,100,100,100,100,100,100,100,100,100,100,100,100,100,100,100,100,100,100,100,100,100,100,100,100,100,100,100,100,100,100,100,100,100,100,100,100,100,100,100,100,100,100,100,100,100,100,100,100,100,100,100,100,100,100,100,100,100,100,100,100,100,100,100,100,100,100,100,100,100,100,100,100,100,100,100,100,100,100,100,100,100,100,100,100,100,100,100,100,100,100,100,100,100,100,100,100,100,100,100,100,100,100,100,100,100,100,100,100,100,100,100,100,100,100,100,100,100,100,100,100,100,100,100,100,100,100,100,100,100,100,100,100,100,100,100,100,100,100,100,100,100,100,100,100,100,100,100,100,100,100,100,100,100,100,100,100,100,100,100,100,100,100,100,100,100,100,100,100,100,100,100,100,100,100,100,100,100,100,100,100,100,100,100,100,100,100,100,100,100,100,100,100,100,100,100,100,100,100,100,100,100,100,100,100,100,100,100,100,100,100,100,100,100,100,100,100,100,100,100,100,100,100,100,100,100,100,100,100,100,100,100,100,100,100,100,100,100,100,100,100,100,100,100,100,100,100,100,100,100,100,100,100,100,100,100,100,100,100,100,100,100,100,100,100,100,100,100,100,100,100,100,100,100,100,100,100,100,100,100,100,100,100,100,100,100,100,100,100,100,100,100,100,100,100,100,100,100,100,100,100,100,100,100,100,100,100,100,100,100,100,100,100,100,100,100,100,100,100,100,100,100,100,100,100,100,100,100,100,100,100,100,100,100,100,100,100,100,100,100,100,100,100,100,100,100,100,100,100,100,100,100,100,100,100,100,100,100,100,100,100,100,100,100,100,100,100,100,100,100,100,100,100,100,100,100,100,100,100,100,100,100,100,100,100,100,100,100,100,100,100,100,100,100,100,100,100,100,100,100,100,100,100,100,100,100,100,100,100,100,100,100,100,100,100,100,100,100,100,100,100,100,100,100,100,100,100,100,100,100,100,100,100,100,100,100,100,100,100,100,100,100,100,100,100,100,100,100,100,100,100,100,100,100,100,100,100,100,100,100,100,100,100,100,100,100,100,100,100,100,100,100,100,100,100,100,100,100,100,100,100,100,100,100,100,100,100,100,100,100,100,100,100,100,100,100,100,100,100,100,100,100,100,100,100,100,100,100,100,100,100,100,100,100,100,100,100,100,100,100,100,100,100,100,100,100,100,100,100,100,100,100,100,100,100,100,100,100,100,100,100,100,100,100,100,100,100,100,100,100,100,100,100,100,100,100,100,100,100,100,100,100,100,100,100,100,100,100,100,100,100,100,100,100,100,100,100,100,100,100,100,100,100,100,100,100,100,100,100,
W_3492A2/135_J_Faint_0.502_VS1,99.8064,-1.15894,2.78703,93.9099,99.5001,103.858,569.569,87.2877,0.0248515,0.505883,3.01838,112.579,6299.42, ,40,226.538,123.421,-104.091,93.4653,93.0846,93.3671,93.4693,94.1549,94.0137,94.0052,93.7662,94.3478,95.0868,95.1695,95.3273,95.4074,95.0136,94.6205,93.7032,94.0806,93.8798,93.4447,93.8535,93.3359,93.1448,92.8537,93.4908,94.8798,94.5001,94.6034,94.6265,94.4938,94.771,94.5135,94.5132,93.9409,93.5404,93.3181,93.727,93.4441,93.394,93.1001,94.1061,93.9199,94.2273,94.0482,93.7277,93.0324,93.3805,93.2603,93.2493,92.5224,92.8031,92.2162,91.9434,92.6413,93.0969,92.8628,92.6296,92.7402,92.8949,92.6659,93.0844,93.833,93.6913,93.5699,93.1384,93.1071,93.463,93.293,93.0821,92.7873,92.2507,92.4726,92.0201,92.9533,93.0817,93.0177,93.0296,93.272,93.4656,93.8156,93.1603,93.404,93.2621,93.4149,93.1985,93.1601,93.1153,93.0837,92.4907,93.1015,93.0371,92.8041,92.8135,93.0249,93.2545,93.4963,93.5636,93.9116,93.2459,93.6526,93.5647,93.5937,93.2015,92.8775,92.6636,92.8433,93.1484,93.6288,93.4431,93.511,93.5356,93.6657,94.1681,94.1525,93.8222,93.3016,93.3756,93.3207,93.2483,92.8541,92.542,92.2845,92.4114,92.4977,92.6752,92.4002,92.5022,92.5412,92.9242,93.1433,93.2536,93.0324,93.1288,93.0001,93.1099,93.6145,94.2548,94.1503,94.154,93.7219,93.9561,94.2335,94.4169,94.6842,94.2649,93.838,94.1733,94.5296,94.9954,95.264,95.2857,95.6329,95.5738,95.5499,95.3536,95.4483,95.4844,95.115,94.807,94.7623,94.4637,94.7562,94.7791,94.8286,94.6176,94.3374,94.7377,94.7544,94.7512,94.8866,94.3902,94.2325,94.0856,93.8575,93.8261,93.5684,93.4226,93.3637,93.3541,93.444,93.3537,93.3475,93.1266,92.9798,92.5473,92.2122,91.7185,91.5943,91.1061,90.9241,90.9118,90.7961,90.7023,90.9207,90.9885,90.7388,90.5572,90.6023,90.3678,90.0781,89.7154,89.3545,88.9278,88.7676,88.7942,88.3108,87.9822,87.5439,87.3336,87.3396,87.3225,87.2738,86.8966,86.5954,86.3563,86.4672,86.4832,85.9923,85.4442,85.102,84.7425,84.2875,83.9818,83.5892,83.0781,82.7808,82.3773,82.0555,81.5105,81.1919,80.8675,80.3742,79.8479,79.065,78.3939,77.5703,76.7677,76.0637,75.0047,74.0289,73.1727,72.2418,71.0954,70.258,69.3303,68.4645,67.6079,66.9041,66.3793,65.968,65.8813,65.8888,65.9163,66.0147,65.9508,65.85,65.6028,65.2716,65.0279,64.964,65.2276,65.732,66.5298,67.5319,68.5516,69.6387,70.7817,72.02,73.2787,74.4568,75.4741,76.0069,75.8408,75.2571,75.0518,75.4998,76.2806,77.1703,78.2171,79.4511,81.1367,83.4973,86.289,88.4611,89.8743,90.7609,91.5377,92.1745,92.6805,93.1251,93.5013,93.8177,94.1227,94.3214,94.592,94.8092,95.0162,95.2221,95.3528,95.5323,95.6143,95.6985,95.7705,95.8238,95.9059,95.9051,95.9319,95.9659,95.9685,96.0286,96.0401,96.0744,96.0929,96.0925,96.0897,96.0745,96.0541,96.0227,95.9333,95.8813,95.798,95.715,95.649,95.6117,95.6147,95.6187,95.6591,95.7335,95.7894,95.8864,95.9753,96.0478,96.1249,96.1615,96.1977,96.1902,96.219,96.2397,96.2604,96.2868,96.3202,96.3891,96.4549,96.5258,96.6173,96.6968,96.7632,96.8016,96.8316,96.8262,96.7551,96.6237,96.4975,96.324,96.1172,95.9676,95.8881,95.8715,95.9334,96.0691,96.2573,96.5097,96.8238,97.1812,97.515,97.7659,97.9727,98.1504,98.3053,98.4457,98.5273,98.6165,98.6572,98.7128,98.796,98.8642,98.903,98.9314,99.0079,99.0799,99.098,99.1451,99.1736,99.1959,99.2349,99.2676,99.3048,99.2991,99.3144,99.3427,99.329,99.3203,99.3303,99.3351,99.3663,99.3632,99.387,99.3931,99.3903,99.434,99.4334,99.4401,99.4443,99.4228,99.4271,99.4389,99.4431,99.459,99.4711,99.4923,99.5204,99.518,99.5473,99.5532,99.5463,99.5251,99.529,99.5375,99.5577,99.5679,99.5834,99.5816,99.5953,99.5891,99.6081,99.6062,99.6129,99.6135,99.5656,99.5618,99.5471,99.5466,99.5564,99.5737,99.583,99.5581,99.5639,99.5822,99.5921,99.6296,99.6334,99.6472,99.6582,99.6641,99.6937,99.6948,99.7123,99.7061,99.6803,99.6907,99.7001,99.6678,99.6523,99.6434,99.6549,99.6538,99.6629,99.6871,99.6777,99.6712,99.6719,99.6963,99.6722,99.6576,99.6528,99.6549,99.6291,99.6505,99.6514,99.67,99.6389,99.6607,99.6601,99.6784,99.6977,99.7124,99.685,99.6941,99.6711,99.7004,99.7105,99.7205,99.703,99.6918,99.7012,99.7021,99.6956,99.7175,99.7261,99.7433,99.7365,99.7433,99.7363,99.7269,99.7487,99.7519,99.739,99.7199,99.6789,99.6756,99.6922,99.6854,99.6966,99.6925,99.6832,99.7095,99.7256,99.7382,99.7614,99.7556,99.7649,99.7518,99.7511,99.7651,99.7765,99.779,99.785,99.7781,99.7659,99.7648,99.784,99.7923,99.7848,99.7561,99.7538,99.7473,99.7332,99.7494,99.7468,99.7318,99.7287,99.7035,99.7283,99.7153,99.7179,99.7208,99.7238,99.7371,99.7393,99.7305,99.7549,99.741,99.7662,99.7691,99.7764,99.7841,99.7858,99.761,99.7701,99.7802,99.7922,99.7712,99.7772,99.7813,99.7665,99.7928,99.8309,99.8309,99.8121,99.8013,99.8131,99.8254,99.8219,99.8335,99.7896,99.7896,99.8037,99.8229,99.8367,99.8534,99.8532,99.8551,99.8421,99.8695,99.8649,99.8654,99.8735,99.8943,99.8964,99.8655,99.8767,99.8893,99.8924,99.9053,99.8899,99.8885,99.8683,99.8678,99.8997,99.8954,99.8726,99.8555,99.8568,99.8757,99.8909,99.8774,99.8569,99.8652,99.8681,99.9015,99.9145,99.9019,99.8946,99.8867,99.8952,99.9106,99.9022,99.9083,99.902,99.8996,99.9176,99.9101,99.9198,99.9338,99.9571,99.9653,99.9746,99.989,100.001,99.9867,100,100.009,100.021,100.008,99.9999,99.9785,99.9449,99.9151,99.9159,99.9277,99.906,99.8948,99.9047,99.9193,99.953,99.9841,100.003,100.02,100.026,100.018,100.051,100.055,100.043,100.022,100.037,100.053,100.072,100.073,100.076,100.045,100.038,100.062,100.069,100.061,100.069,100.066,100.074,100.123,100.137,100.142,100.121,100.145,100.134,100.134,100.107,100.144,100.107,100.084,100.063,100.096,100.103,100.138,100.134,100.191,100.132,100.143,100.159,100.188,100.188,100.185,100.124,100.139,100.121,100.144,100.132,100.17,100.14,100.122,100.105,100.173,100.179,100.168,100.161,100.176,100.227,100.296,100.369,100.388,100.36,100.362,100.359,100.371,100.426,100.321,100.287,100.241,100.258,100.271,100.314,100.401,100.409,100.373,100.438,100.371,100.372,100.446,100.466,100.489,100.427,100.38,100.432,100.417,100.514,100.521,100.462,100.479,100.468,100.491,100.566,100.655,100.706,100.711,100.789,100.846,100.826,100.919,100.809,100.836,100.731,100.73,100.743,100.715,100.597,100.631,100.52,100.652,100.602,100.601,100.606,100.644,100.609,100.716,100.738,100.729,100.643,100.77,100.823,100.83,100.871,100.847,100.691,100.74,100.701,100.808,100.679,100.659,100.712,100.583,100.638,100.73,100.727,100.769,100.731,100.729,100.759,100.66,100.743,100.703,100.823,100.794,100.809,100.889,100.976,100.901,101.104,101.167,101.167,101.126,101.166,101.149,101.004,101.041,101.104,100.992,100.972,101.202,101.187,101.271,101.31,101.361,101.312,101.116,100.999,101.033,100.861,100.821,100.744,100.795,100.864,100.962,101.285,101.397,101.448,101.34,101.456,101.607,101.759,101.766,101.701,101.913,101.865,101.709,101.807,101.723,101.691,101.749,101.844,101.851,101.462,101.404,101.415,101.436,101.495,101.185,100.936,100.792,100.715,100.865,100.919,101.055,101.147,101.402,101.59,101.59,101.798,101.861,101.769,101.757,101.84,101.825,101.34,101.306,101.263,101.325,101.571,101.719,101.584,101.405,101.453,101.635,101.534,101.51,101.312,101.382,101.238,101.518,101.547,101.202,101.167,101.214,101.442,101.346,101.109,101.23,101.033,100.974,101.393,101.349,101.581,101.722,101.743,101.767,101.717,101.654,101.585,101.572,101.434,101.438,101.354,101.625,101.388,101.489,101.498,101.719,101.402,101.688,101.301,100.789,100.352,100.437,100.439,100.661,100.539,100.667,100.469,100.673,101.178,101.379,101.646,101.598,101.547,101.493,101.645,101.656,101.863,101.967,102.271,101.914,101.535,101.542,101.9,101.788,101.917,102.017,101.9,101.778,102.25,102.442,102.145,101.656,101.311,101.09,100.379,99.7065,99.9148,99.6363,99.8102,100.404,100.416,100.639,100.791,101.075,101.687,101.401,101.518,101.434,101.08,101.301,101.71,101.648,101.785,101.88,101.754,101.295,101.611,101.537,101.698,101.265,100.951,100.938,100.523,100.486,100.383,100.121,99.9395,99.3843,99.2616,99.7697,99.4429,99.4783,99.4564,99.8726,99.9402,100.21,100.679,100.79,100.788,101.326,101.436,101.522,101.559,101.395,100.948,100.859,100.999,100.789,100.438,100.555,100.79,100.594,100.325,100.568,100.691,100.687,100.329,100.774,100.532,100.15,100.221,100.384,100.627,100.462,100.491,101.074,100.548,100.666,100.304,100.373,100.617,100.496,100.397,100.365,99.8619,99.9297,100.15,100.651,100.419,100.41,100.17,100.575,100.334,100.44,100.547,100.837,100.973,101.176,100.91,100.784,100.629,100.868,100.964,100.723,100.178,99.911,99.7765,99.7678,100.131,-97.6316,28.6842,155,77.8571,
F_3492A2/135_J_Faint_0.502_VS1,100.361,4.52949,-26.8249,112.1,100.937,57.7973,451.637,202.512,0.0819204,-2.1148,27.2046,-80.4158,3156.59, ,216.667,149.493,82.4611,-39.4813,65.3803,65.8432,66.2699,65.9834,66.3347,66.1943,66.1267,64.9986,65.2647,64.6835,64.4782,63.9901,63.8344,63.9452,64.1005,64.2636,64.6417,64.5436,64.3486,64.7,64.7999,65.2149,64.5052,63.9126,63.5299,63.5606,63.426,63.9733,63.8168,63.9356,63.6625,64.1421,64.7383,64.8911,65.1718,65.4487,65.0335,64.5434,64.3681,65.1908,65.3482,65.2138,66.0328,65.9862,66.0052,66.3744,66.7185,66.9501,66.1377,65.893,65.5393,64.928,65.2945,64.6716,64.949,65.4524,65.3862,65.4064,64.9886,65.2039,65.6283,65.2971,65.8184,66.0707,65.9626,66.3796,66.2195,66.3926,66.3835,66.3474,66.5447,66.0471,65.51,65.5197,64.9277,65.2323,65.2712,65.0364,64.8959,64.8979,65.5979,65.5997,64.7428,65.263,65.0467,64.7268,64.7698,64.6615,64.7442,64.4108,64.5727,65.4841,65.3132,65.585,65.9536,66.0635,65.7157,65.5945,65.3459,64.8665,64.3065,64.5178,64.6998,64.7246,64.6332,64.7603,64.2405,64.9687,64.9557,65.284,64.9438,64.7029,64.9438,64.7663,65.6041,66.2898,65.7631,66.4662,66.6503,66.9035,66.9797,66.7192,66.8208,66.2187,65.8585,65.8677,65.3959,65.2508,65.3442,65.3185,66.0823,66.6,66.8557,67.3438,67.3857,67.7534,67.9235,67.9253,68.1292,67.5171,67.4477,67.5061,67.3113,67.5472,67.5112,67.1667,66.8952,67.0189,67.0962,66.9599,66.7988,66.7311,66.5923,66.422,66.5145,66.3222,65.8409,65.5635,65.4306,65.1906,64.9041,64.678,64.6944,64.6108,64.6699,64.6686,64.7433,64.9857,65.1574,65.2465,65.4456,65.4049,65.5294,65.398,65.3108,65.4617,65.3572,65.4868,65.502,65.6817,65.7068,65.7259,65.7461,66.0215,65.9584,66.055,66.1357,66.2976,66.1971,66.2732,66.288,66.4927,66.4129,66.5247,66.6361,66.9713,67.3707,67.859,68.2749,68.8296,69.2149,69.5589,69.7166,69.7401,69.5816,69.406,69.0759,68.7404,68.3361,67.9639,67.5844,67.2385,66.9019,66.5739,66.2212,65.87,65.4939,65.097,64.6742,64.2425,63.7887,63.3245,62.8692,62.4331,62.0285,61.6511,61.3328,61.0474,60.7816,60.5396,60.3124,60.0829,59.8331,59.5859,59.373,59.1903,59.0495,58.9951,59.0161,59.1182,59.2397,59.4281,59.6224,59.7554,59.8128,59.7781,59.712,59.6956,59.7983,60.0096,60.351,60.7668,61.365,61.957,62.6869,63.3442,63.8728,64.0979,64.2014,64.4491,64.8488,65.3618,66.1395,67.1617,68.4867,69.8528,71.4666,73.3996,75.0632,76.7768,78.3289,80.0799,82.272,84.475,86.6572,89.0228,91.5417,93.9573,96.4597,98.9135,101.589,103.677,105.771,108.688,111.912,115.533,120.382,125.075,130.427,134.952,139.559,143.539,146.338,148.144,149.252,149.248,149.168,148.964,149.147,149.442,150.565,152.279,155.047,156.624,158.251,159.731,160.527,160.715,160.739,160.726,160.081,158.863,158.95,158.523,157.948,158.006,158.14,158.815,159.02,159.824,160.302,160.237,160.271,160.604,160.415,160.012,159.17,158.199,156.958,156.052,155.695,154.947,154.054,153.066,152.439,152.31,152.351,152.002,151.615,150.815,150.543,150.016,149.723,149.191,147.884,146.809,145.94,144.923,143.757,142.754,141.851,140.698,139.608,138.383,137.031,136.405,135.692,135.15,134.18,133.599,132.926,132.417,132.037,131.666,130.435,129.508,128.665,128.097,127.213,126.248,125.537,124.864,123.696,123.368,122.811,121.994,121.592,120.543,119.948,119.233,118.598,118.522,117.642,116.942,116.56,115.682,115.416,115.185,114.509,113.901,113.105,112.501,112,111.395,111.12,110.607,109.903,109.7,109.214,108.787,108.411,107.972,107.694,106.916,106.414,106.071,105.345,105.16,104.887,104.948,104.728,104.206,104.107,103.987,103.691,103.689,103.256,103.007,102.47,102.247,102.286,102.01,102.008,101.778,101.657,101.423,101.333,101.2,101.102,100.942,100.708,100.56,100.559,100.346,100.491,100.392,100.288,100.093,99.799,99.8135,99.5781,99.4918,99.4156,99.5141,99.5071,99.4346,99.5598,99.7727,99.6892,99.8066,99.6388,99.553,99.2928,99.3105,99.2699,98.9384,99.0181,99.1199,98.8755,98.882,98.8458,98.6745,98.3873,98.2705,98.209,98.0689,98.0593,98.0386,98.105,98.1838,98.2751,98.5019,98.909,98.8626,98.7046,98.6958,98.7404,98.8218,98.7188,98.7353,98.8221,98.735,98.8291,98.5467,98.4671,98.3253,98.3567,98.3955,98.2188,97.9176,97.9235,98.0474,97.9599,98.1303,98.5926,98.7893,98.7255,98.6344,98.785,98.6259,98.6397,98.8881,99.1395,98.8988,98.621,98.7142,99.2487,99.3891,99.413,99.4753,99.8317,99.5951,99.7445,99.7653,99.888,99.6424,99.7902,100.022,100.128,100.253,100.122,99.8049,99.9042,100.186,100.163,99.9974,99.8108,100.06,99.7699,100.173,100.67,100.791,100.675,101.147,101.536,101.935,101.954,102.166,101.897,101.995,102.113,102.404,102.338,102.255,102.056,102.08,102.449,102.547,102.024,101.784,101.66,101.738,101.365,101.76,101.788,101.994,102.377,103.095,103.039,103.157,103.641,104.201,104.041,103.986,103.675,103.632,103.862,104.828,104.887,104.692,104.749,104.947,104.99,105.504,105.377,104.857,105.019,104.811,104.779,104.979,105.343,105.46,105.172,105.577,106.242,105.66,106.302,106.496,106.267,105.762,106.167,106.411,106.419,106.09,106.399,106.526,106.576,106.977,107.393,107.375,106.935,107.119,107.854,108.107,107.468,107.273,106.876,106.896,107.006,107.443,107.671,107.751,107.302,107.164,107.678,108.47,109.236,109.334,109.881,109.592,108.799,109.052,109.775,109.749,109.555,108.593,108.872,108.32,108.831,109.52,109.392,109.359,109.106,109.133,109.985,109.454,110.224,111.027,110.719,111.196,110.685,111.644,111.992,111.809,112.38,113.036,111.855,111.449,111.533,112.104,111.185,111.186,110.741,110.703,110.073,110.626,110.826,111.164,112.34,112.153,112.248,113.094,113.421,114.277,113.447,114.335,114.013,112.91,115.261,116.424,116.787,117.357,116.227,117.802,117.777,118.87,120.007,118.705,118.267,117.695,118.583,117.119,116.929,117.984,118.903,119.073,119.244,119.082,119.277,119.49,120.726,120.887,120.044,118.623,117.798,116.401,114.92,115.455,114.638,116.89,115.921,115.801,114.614,115.43,115.87,118.575,117.914,118.85,118.757,118.724,121.178,122.392,122.028,124.264,122.28,122.534,121.169,121.398,122.771,119.617,121.493,122.672,121.255,122.597,125.886,127.773,126.292,125.819,128.731,126.715,127.012,128.329,129.024,127.373,125.868,126.389,126.034,125.705,126.696,125.774,127.318,125.18,124.745,127.23,128.885,131.559,131.225,133.898,137.188,132.766,133.695,136.122,135.138,135.317,135.224,132.261,132.878,132.187,135.759,140.664,135.377,136.152,135.247,134.739,145.048,144.136,144.136,144.507,142.268,147.754,150.052,150.052,148.775,142.651,145.417,146.53,150.222,152.757,154.752,149.73,149.721,153.016,156.455,154.923,149.891,141.983,139.563,135.707,137.522,142.178,137.852,137.192,135.212,142.751,147.2,156.389,155.604,158.277,154.393,163.907,163.158,162.573,154.599,154.664,148.403,144.904,145.301,140.845,138.175,137.812,137.287,140.438,140.781,147.256,152.825,145.789,153.638,150.082,143.4,146.736,144.704,146.4,132.507,135.188,139.95,139.852,146.075,145.659,144.844,147.05,148.084,155.621,148.227,143.862,139.454,140.036,149.229,149.449,150.077,146.028,147.73,151.442,154.947,157.266,151.304,150.803,153.154,151.54,152.482,146.187,144.557,143.358,139.776,140.039,133.618,128.792,124.688,125.17,121.659,121.421,117.555,114.853,115.249,114.853,111.977,110.924,105.985,111.369,110.258,111.433,112.253,108.314,106.654,111.484,112.209,110.069,108.257,107.952,107.979,107.161,102.049,103.895,98.4594,96.7624,97.8903,95.0575,95.0004,93.6041,95.262,95.97,91.827,94.7738,93.9408,93.5554,94.2497,92.7553,89.6857,88.4848,91.1677,90.6522,88.7355,86.2356,89.1958,90.9251,89.6501,92.121,92.6082,89.7977,92.2786,89.9219,93.0728,91.2411,89.0707,88.9934,88.0181,86.2209,88.0244,84.2671,86.7397,84.968,84.8398,84.4326,84.5574,83.06,83.4142,82.5405,83.8067,82.3527,82.6393,80.9324,80.8708,80.1159,80.3649,78.9046,77.7555,75.8929,76.5834,75.3515,75.4139,74.7581,75.0829,75.4972,76.1038,75.9174,77.9959,76.5738,76.294,75.9072,76.108,74.8275,73.6231,72.7542,72.5719,71.664,71.5023,71.2793,70.7092,70.2303,70.3707,71.4992,71.9391,72.6519,71.4134,71.0601,71.7963,71.0864,71.0496,71.2815,71.252,71.074,70.5091,71.6207,70.8846,69.4119,69.7684,69.7522,68.6839,68.5171,68.0185,67.7764,67.9715,69.179,69.8029,70.4904,70.8699,70.6964,68.9077,68.8057,68.7698,68.2534,67.2302,66.578,66.6393,66.6706,68.2625,69.2322,69.0874,68.3496,68.1157,68.5436,68.2717,68.1715,67.5007,66.2404,65.4495,66.238,66.7636,65.4428,65.9345,67.6446,67.281,66.5785,67.0007,66.9998,66.8797,66.4928,67.8787,67.1411,66.2872,66.3741,66.9989,67.1279,67.7448,67.5236,67.65,67.715,67.2558,67.3559,66.3593,66.4234,65.9989,65.2702,64.4169,64.7959,64.8105,65.1143,-29.3362,151.101,-3561.54,37.9898,
W_3498A2/94_I_None_0.501_VS1,100.097,-1.07867,2.57086,94.6654,100.25,104.996,569.512,89.0151,0.0228468,0.480206,2.78798,112.762,6315.56, ,-80,-193.846,183.158,-98.1818,96.3033,95.7785,95.5754,95.6913,95.3991,95.2251,94.8359,94.8964,94.8752,95.4899,95.6725,95.6288,95.5326,95.6334,95.2864,95.2395,95.2199,95.1558,95.0761,94.9289,95.3096,95.112,94.8738,95.2517,95.3988,95.6977,95.6071,95.1128,95.5527,95.367,95.287,95.6006,94.8829,94.5645,93.8914,94.4997,94.939,94.5963,94.4446,94.8235,94.9181,95.4633,95.3579,95.0754,94.6409,94.7499,94.85,95.2751,95.371,95.2548,94.7281,94.9702,95.8848,95.7716,95.5398,95.6354,95.5593,95.2289,95.2262,95.608,96.4182,95.9083,95.8264,95.9038,95.6289,95.7155,95.9067,95.5842,95.2023,94.3415,94.6298,94.5405,94.5164,94.3794,94.4347,94.6169,95.0803,95.5608,95.7828,95.4388,95.7102,95.6779,95.9788,95.6055,95.1637,94.9569,94.6457,94.4867,94.4282,94.2892,94.0621,93.8421,94.0484,94.3995,94.1608,94.2716,94.2404,94.1949,94.2254,94.2727,94.3121,94.3696,94.0516,94.0705,93.9015,94.3097,94.6828,94.6093,94.5529,94.2813,93.8989,94.183,94.5144,94.614,94.1868,94.0862,94.2827,94.3638,94.6784,94.9431,94.6884,94.6579,94.4938,94.7928,94.5234,94.5312,94.8839,95.0514,94.8429,94.9983,94.7977,94.9008,94.8385,94.9482,94.9129,94.9915,94.6106,94.7601,94.6166,94.983,95.3517,95.0931,95.4641,95.8066,95.4796,95.8165,96.2512,96.4525,96.4146,96.6169,96.8575,96.43,96.106,96.1384,96.3582,96.0598,95.9034,95.4907,95.3679,95.3923,95.8471,95.9651,95.7481,95.2224,95.1706,95.2149,95.5733,95.5809,95.6186,95.7403,95.5312,95.4276,95.7549,95.4621,95.3881,95.1584,94.8365,94.7085,94.2185,94.2473,94.3041,94.0166,93.984,94.0043,93.9265,93.8665,93.5885,93.3053,93.0939,93.1244,92.7152,92.4877,92.202,92.1646,91.6658,91.3598,91.46,91.0387,90.8566,90.6859,90.5392,90.3354,89.8474,89.929,89.7305,89.5747,89.4704,89.1047,89.228,89.448,89.4072,89.4324,89.1872,89.2223,89.0946,89.1393,89.2448,88.8909,88.5759,88.1825,87.5415,87.4029,86.8792,86.5185,86.1918,85.4565,85.2408,84.346,84.1812,84.1899,83.4596,83.1072,82.3071,81.7407,81.0602,80.3029,79.806,79.0195,77.9833,77.3252,76.4229,75.6706,74.8284,73.9357,73.206,72.3665,71.6343,71.1798,70.804,70.7453,70.7626,70.793,70.9049,70.8528,70.8527,70.6539,70.4236,70.2294,70.2081,70.4657,70.9409,71.6965,72.5937,73.5185,74.4925,75.5052,76.6269,77.7513,78.7991,79.6957,80.1461,80.0429,79.5407,79.3609,79.7191,80.2997,81.0101,81.8556,82.8861,84.3053,86.2568,88.5679,90.36,91.5149,92.2549,92.8662,93.3633,93.7297,94.02,94.3364,94.576,94.8361,94.9981,95.2251,95.4084,95.5988,95.7762,95.9228,96.0358,96.1475,96.2084,96.2883,96.3727,96.4508,96.4611,96.4991,96.5556,96.591,96.652,96.702,96.751,96.7595,96.7802,96.8076,96.8403,96.8548,96.8484,96.8067,96.771,96.7152,96.6698,96.6404,96.6275,96.6215,96.6222,96.6963,96.7509,96.8355,96.9246,97.0073,97.089,97.1775,97.2137,97.2784,97.2809,97.3294,97.3458,97.3853,97.4479,97.4974,97.5382,97.6203,97.6666,97.7325,97.7827,97.8527,97.9014,97.9199,97.9004,97.859,97.7728,97.6789,97.5425,97.4054,97.3018,97.2422,97.2326,97.2656,97.3796,97.5447,97.7596,98.013,98.2838,98.5398,98.739,98.8964,99.0768,99.2033,99.3084,99.3784,99.4451,99.4926,99.5358,99.6021,99.6608,99.6776,99.7188,99.7616,99.816,99.8592,99.9127,99.9394,99.9464,99.9914,100.021,100.001,100.01,100.01,100.02,99.9963,99.9917,100.021,100.046,100.07,100.097,100.115,100.131,100.141,100.171,100.203,100.206,100.189,100.198,100.204,100.226,100.226,100.249,100.273,100.264,100.281,100.3,100.316,100.339,100.323,100.322,100.33,100.336,100.361,100.358,100.366,100.368,100.364,100.355,100.377,100.354,100.354,100.35,100.35,100.337,100.316,100.315,100.326,100.323,100.327,100.323,100.32,100.306,100.316,100.341,100.337,100.339,100.348,100.347,100.343,100.347,100.378,100.373,100.379,100.403,100.42,100.382,100.387,100.404,100.418,100.411,100.433,100.437,100.412,100.418,100.448,100.471,100.466,100.459,100.445,100.426,100.416,100.447,100.456,100.458,100.428,100.416,100.421,100.422,100.431,100.418,100.405,100.376,100.351,100.353,100.352,100.349,100.355,100.353,100.369,100.368,100.402,100.415,100.429,100.447,100.436,100.419,100.432,100.423,100.434,100.415,100.413,100.434,100.399,100.402,100.429,100.413,100.421,100.415,100.392,100.405,100.398,100.423,100.432,100.423,100.438,100.435,100.431,100.454,100.46,100.454,100.446,100.454,100.44,100.444,100.459,100.475,100.465,100.461,100.478,100.481,100.478,100.516,100.51,100.511,100.519,100.516,100.541,100.524,100.534,100.52,100.498,100.504,100.497,100.494,100.507,100.479,100.483,100.473,100.499,100.513,100.503,100.49,100.493,100.509,100.535,100.542,100.575,100.56,100.564,100.601,100.62,100.619,100.621,100.605,100.606,100.608,100.599,100.605,100.583,100.576,100.597,100.583,100.588,100.601,100.591,100.607,100.595,100.594,100.602,100.585,100.621,100.638,100.645,100.637,100.641,100.651,100.662,100.664,100.667,100.652,100.608,100.595,100.607,100.613,100.612,100.611,100.623,100.621,100.622,100.652,100.651,100.65,100.643,100.649,100.652,100.637,100.63,100.643,100.654,100.66,100.674,100.695,100.708,100.697,100.706,100.701,100.716,100.718,100.748,100.755,100.758,100.768,100.773,100.781,100.805,100.789,100.807,100.804,100.785,100.784,100.754,100.764,100.76,100.772,100.74,100.728,100.722,100.724,100.743,100.756,100.744,100.772,100.761,100.808,100.847,100.838,100.858,100.826,100.833,100.858,100.826,100.818,100.812,100.768,100.78,100.773,100.8,100.8,100.815,100.847,100.878,100.854,100.879,100.857,100.857,100.856,100.856,100.843,100.851,100.889,100.906,100.926,100.965,100.989,101.038,101.064,101.092,101.102,101.034,101.051,101.017,101.036,101.02,100.984,100.949,100.945,100.952,100.997,101.016,101.068,101.032,101.072,101.042,101.1,101.072,101.036,101.022,101.01,100.995,101.041,101.013,101.037,100.992,100.992,101.011,101.03,101.073,101.045,101.029,101.109,101.127,101.142,101.2,101.233,101.224,101.158,101.159,101.155,101.084,101.131,101.164,101.211,101.197,101.158,101.292,101.351,101.333,101.363,101.307,101.331,101.29,101.294,101.379,101.347,101.31,101.345,101.396,101.514,101.574,101.586,101.54,101.537,101.523,101.653,101.637,101.644,101.488,101.401,101.44,101.541,101.553,101.496,101.427,101.466,101.374,101.448,101.422,101.42,101.317,101.331,101.494,101.532,101.573,101.656,101.637,101.719,101.652,101.798,101.672,101.582,101.525,101.308,101.319,101.362,101.441,101.522,101.429,101.529,101.43,101.427,101.605,101.56,101.609,101.426,101.382,101.517,101.428,101.505,101.732,101.823,101.849,101.865,102.012,102.019,101.808,101.842,101.889,101.714,101.692,101.773,101.605,101.568,101.419,101.477,101.599,101.481,101.406,101.439,101.441,101.611,101.782,102.07,102.161,102.119,102.265,102.362,102.303,102.117,102.109,101.876,101.842,101.887,101.941,102.067,101.969,101.918,102.016,101.826,101.955,101.812,101.852,101.835,101.591,101.545,101.693,101.798,102.151,101.883,101.907,101.605,101.571,101.835,101.784,101.788,101.812,101.638,101.942,101.699,102.019,101.94,101.655,101.687,101.817,101.711,101.541,101.405,101.602,101.599,101.739,101.621,101.432,101.317,101.323,101.497,101.19,101.34,101.104,101.178,101.134,101.271,101.601,101.294,101.183,101.576,101.387,101.643,101.515,101.781,101.622,101.2,101.494,101.537,101.572,101.687,101.584,101.464,101.312,101.545,101.31,101.072,100.931,100.77,100.567,100.639,100.606,100.904,100.635,100.828,101.123,101.275,101.231,101.043,100.383,100.457,100.346,100.952,100.81,100.604,100.217,100.113,100.337,100.543,100.622,100.408,100.116,100.324,100.403,101.092,101.486,101.822,102.058,101.847,101.92,102.212,102.299,101.72,101.392,101.432,101.315,101.652,101.88,101.874,101.541,101.296,101.834,101.708,101.237,100.9,100.869,100.751,100.845,101.01,101.281,101.399,101.516,101.768,101.605,101.237,101.319,101.271,101.419,101.266,101.244,101.16,101.077,101.52,101.649,101.307,101.17,100.865,100.853,100.493,99.9505,99.6979,99.7331,99.5749,99.7803,100.155,100.053,100.269,100.392,100.971,101.081,100.864,100.986,101.088,101.098,101.322,101.094,101.093,101.2,101.695,101.659,101.711,101.681,100.911,100.653,100.477,101.021,100.908,100.633,100.867,100.736,100.541,100.814,100.959,101.028,100.603,100.413,100.66,100.605,100.724,100.68,101.107,101.46,101.351,101.611,101.96,101.961,101.965,101.624,101.738,101.375,100.741,100.719,100.743,100.277,99.8531,99.9204,100.545,100.707,101.19,101.614,101.954,101.549,101.828,102.293,102.422,102.529,102.654,102.161,101.985,101.596,101.845,101.74,101.593,101.53,101.098,100.789,100.949,100.985,56.8421,-37.8947,151.579,240,
F_3498A2/94_I_None_0.501_VS1,98.6485,1.996,6.01956,105.639,96.5454,34.5774,585.995,71.5919,0.0804566,-4.69907,6.34185,71.6552,2879.82, ,100,-17.8499,29.4201,163.689,67.5147,68.0443,68.0581,68.5166,68.9026,68.8906,68.5234,67.6562,67.7656,68.3002,67.9662,68.1909,68.3026,68.1614,68.4929,68.6353,68.7358,68.3907,68.3158,68.3265,68.1584,67.7453,67.4749,66.9205,67.0187,67.7879,68.0047,67.6169,67.5672,67.426,67.9707,67.765,68.1301,67.9699,67.9251,67.6712,67.8767,68.0874,68.1731,67.9449,68.2519,68.3743,68.6719,68.5465,68.938,68.6785,68.5345,69.1228,68.6249,68.8102,68.5947,68.3451,68.5869,68.3489,68.4906,68.5118,68.0624,67.9937,67.5184,67.818,68.3353,68.1605,68.3632,68.7831,68.8285,69.0857,69.221,69.5781,69.7635,69.1711,69.2408,69.1756,68.9519,69.1566,68.5813,68.8921,68.7034,68.3421,68.8445,68.7108,68.8318,68.5796,68.1989,68.5983,68.3766,68.0975,67.8303,67.708,68.0461,67.6985,67.5636,68.0559,68.1003,68.0992,68.3912,68.874,68.6495,68.2475,68.424,68.5549,68.2978,68.1624,68.281,68.2823,67.9448,67.9742,67.865,67.7505,67.966,68.1971,68.3272,68.6732,68.9048,68.4959,68.9763,69.4774,69.6333,69.8023,69.9235,69.7821,69.4979,69.0081,69.752,69.0342,68.6264,68.1925,67.9129,67.3731,67.0332,66.7815,67.3912,67.286,67.5152,67.7324,68.3452,68.4979,68.6492,69.1402,69.4416,69.3567,69.4178,69.6369,69.4085,69.2809,69.1778,69.082,68.9577,68.791,68.7093,68.5319,68.4767,68.767,68.8792,69.0622,69.1445,68.9628,68.9315,68.7522,68.8722,68.7344,68.54,68.3192,68.2301,68.0763,68.0935,68.1768,68.1975,68.2129,68.251,68.273,68.4879,68.4006,68.3359,68.4116,68.3818,68.4818,68.6997,68.9719,69.1714,69.283,69.4189,69.6792,69.7298,69.9139,69.9208,69.8711,69.7756,69.7442,69.6805,69.6657,69.5815,69.6302,69.594,69.7532,69.8129,70.1383,70.5173,70.9671,71.4443,71.9732,72.3203,72.6039,72.7656,72.7749,72.7169,72.5558,72.3268,72.0535,71.7253,71.4694,71.1798,70.928,70.6875,70.4316,70.1683,69.8835,69.5866,69.2816,68.9263,68.5732,68.1913,67.7835,67.3834,66.9941,66.6425,66.3115,66.0015,65.7464,65.5089,65.2786,65.0772,64.8764,64.6609,64.4529,64.2742,64.1551,64.0222,63.9485,63.9726,64.0613,64.1744,64.3716,64.5194,64.6545,64.7119,64.7477,64.7719,64.781,64.9395,65.0866,65.4046,65.7349,66.1529,66.6483,67.252,67.6898,67.9059,67.9734,68.1803,68.1832,68.4546,68.7146,69.1221,69.4892,70.1397,71.0016,72.0589,72.8404,73.6501,74.1518,74.2454,74.0937,73.615,73.5857,73.733,73.8838,74.6049,75.2325,75.9628,76.7738,78.2156,79.8789,81.0065,81.7444,82.7671,83.3273,83.814,84.7535,85.5073,85.8931,86.302,86.7626,86.9946,86.9411,86.7838,86.7033,86.5699,86.681,86.8366,87.0314,87.0092,87.1842,87.6258,87.729,87.9008,88.0546,87.791,87.3792,87.3581,87.5597,87.49,87.2871,87.5045,87.6628,87.386,87.7707,87.9847,88.2516,88.2345,88.4866,88.5359,88.7084,88.5396,88.7604,88.6043,88.8438,88.5709,88.6645,88.5396,88.7173,88.7802,88.9566,88.5841,88.5287,88.3366,88.5224,88.5074,88.6335,88.5136,88.3842,88.4682,88.8026,89.0233,88.998,88.9831,88.9968,88.9929,89.2584,89.2809,89.2342,89.2164,89.1407,89.2934,89.2824,89.1956,89.2786,89.0115,89.2927,89.3478,89.5718,89.6097,89.6572,89.5183,89.6895,89.734,89.8173,89.6971,89.8891,90.0334,89.9946,90.4168,90.5962,90.6856,90.9795,91.1768,91.0767,91.287,91.0344,91.2998,91.1302,91.277,91.1951,90.8456,90.8408,91.1762,91.1249,91.5186,91.788,91.8728,91.8966,91.9796,92.2649,92.4961,92.2825,92.4124,92.2197,92.2369,92.3574,92.4941,92.5886,92.5504,92.6242,92.9588,92.7284,92.8185,92.7035,92.3766,92.6074,92.9951,93.3851,93.5234,93.2694,93.403,93.5059,93.4585,93.8824,93.6278,93.2808,93.0708,93.2666,93.8582,93.8649,93.8756,94.1211,94.03,94.1474,94.3657,94.4338,94.3833,94.3442,94.3104,94.4062,94.2574,94.2555,94.4589,94.5619,94.4653,94.3506,94.1865,94.2114,94.2318,94.3437,94.3703,94.4925,94.6235,94.6946,94.729,94.9545,95.1012,95.248,95.3438,95.4545,95.4272,95.389,95.4513,95.3264,95.3907,95.6215,95.5818,95.5431,95.7137,95.6612,95.6123,95.6644,95.8188,95.6482,95.4954,95.3288,95.5352,95.5035,95.6643,95.8613,96.0072,96.0831,96.047,96.3879,96.559,96.7343,96.9149,96.7054,96.7827,96.9487,96.9554,96.8424,96.5572,96.4895,96.4441,96.4311,96.4769,96.3885,96.5913,96.8592,96.8611,97.1361,97.5611,97.5461,97.6291,97.592,97.6056,97.1005,97.009,97.2436,97.2092,97.3421,97.2935,97.0691,97.2696,97.3055,97.7023,97.765,98.0718,98.1964,98.1322,98.1761,98.4853,98.489,98.7442,98.8352,98.7252,98.9023,98.7339,98.5142,98.6228,98.9654,99.0649,98.8444,98.5836,98.9701,98.8049,99.2026,99.6407,99.7218,99.099,99.4935,99.7508,100.274,99.8954,100.138,100.119,99.9331,99.9008,100.52,100.429,100.565,100.471,101.121,101.079,100.826,100.892,100.712,100.696,100.499,100.031,99.6397,99.1423,99.071,99.2347,99.5446,99.9814,100.034,100.627,101.09,101.384,101.475,101.349,101.422,101.59,102.046,101.86,101.65,101.793,102.243,102.696,103.212,103.462,103.365,103.309,103.22,103.227,103.321,103.357,103.056,102.546,102.712,103.116,102.981,103.239,102.901,102.697,102.342,102.623,103.11,103.306,103.357,103.392,104.148,104.279,104.879,105.33,105.891,105.821,105.507,105.512,105.565,104.614,104.713,104.414,104.012,103.911,104.148,104.451,104.118,104.056,104.071,104.714,105.484,106.358,106.016,106.136,106.065,106.008,106.45,107.826,107.674,107.728,107.716,107.946,108.15,108.522,108.756,108.094,106.818,107.451,106.49,107.041,106.554,106.542,107.394,106.943,107.112,107.074,107.508,107.86,106.797,107.272,107.854,106.97,107.162,107.965,108.63,107.88,107.321,107.389,107.69,106.786,106.742,106.463,106.676,107.412,106.38,107.293,107.601,107.647,108.495,107.81,108.599,107.704,107.13,109.042,109.915,109.992,109.152,107.996,109.155,108.419,109.203,108.927,108.016,108.154,109.352,110.687,111.241,112.31,113.91,113.531,114.965,114.915,114.779,112.634,112.398,112.747,111.913,111.318,112.04,111.103,110.408,108.681,110.981,111.601,112.625,111.611,111.059,108.918,108.764,109.557,111.078,109.188,108.921,109.084,109.768,111.4,114.17,114.184,114.407,113.85,115.331,114.469,116.153,116.389,114.587,113.805,115.592,116.724,116.774,117.522,117.708,115.232,113.497,115.052,115.693,114.781,115.287,116.398,116.818,117.152,116.029,115.578,114.056,113.574,112.652,110.945,111.39,109.292,110.871,112.464,116.544,116.886,120.665,122.782,121.581,119.139,119.18,119.346,121.004,121.17,122.533,119.947,119.947,123.318,126.56,124.344,122.474,120.042,117.919,120.915,120.969,116.599,115.353,112.136,116.371,120.818,119.379,122.321,117.478,120.455,124.101,125.667,129.821,130.405,125.438,131.81,129.364,133.054,127.902,123.626,117.364,115.524,112.443,112.73,111.601,106.46,106.46,105.8,113.8,118.484,124.003,119.768,117.393,113.749,119.198,120.926,117.687,110.405,106.461,102.435,102.795,106.326,105.009,101.701,101.37,100.983,99.8293,102.717,104.163,107.568,102.822,104.255,108.11,103.696,106.506,107.88,109.02,104.843,105.776,111.519,116.938,116.87,117.03,121.285,122.624,121.392,117.875,110.034,101.144,97.3232,100.632,102.798,103.182,100.237,96.9942,101.955,104.785,113.228,110.322,106.104,105.987,104.516,109.455,109.365,106.685,110.863,107.88,108.146,108.984,106.409,105.451,99.8353,99.4541,97.9983,94.371,94.5776,91.8164,90.9205,91.8164,87.7575,86.3268,85.8704,85.7698,87.9919,86.2162,87.483,88.8563,87.0385,88.2529,89.3397,87.2204,86.6127,84.4224,86.0534,86.3295,81.5228,83.3065,84.1799,85.5526,88.0283,86.7367,86.8723,86.9604,84.4706,85.0239,81.6107,79.3294,79.5762,77.0465,76.9351,77.295,75.2182,78.6118,81.0556,78.341,78.2434,77.8925,79.6537,80.4331,77.7057,78.4778,78.3578,76.1827,78.1412,77.1278,77.9734,77.3298,74.8388,76.7811,77.9966,76.3696,77.1006,77.3323,79.194,78.2704,79.836,81.2128,80.8056,79.0837,79.6361,79.3295,79.0141,78.7593,80.322,78.0289,78.3871,77.7952,77.4599,76.0568,76.4054,75.0397,75.0097,72.0074,71.2074,69.7731,68.8477,70.518,70.8132,70.1884,71.4985,71.1792,70.737,71.3321,72.555,72.1321,70.975,70.1796,70.1351,69.9982,69.5081,70.6427,70.9017,70.617,71.0582,71.3868,71.9266,70.724,69.6854,69.9587,70.0975,69.7791,69.7131,69.6294,68.5726,68.5844,69.6662,71.0885,68.508,67.0643,67.0286,66.6584,67.0874,67.7135,69.1896,69.3251,69.4227,71.2458,72.0655,71.9473,72.6154,71.8437,71.4844,69.463,69.3304,68.9062,68.5245,67.954,68.6932,68.5562,69.5876,69.505,70.1113,69.4573,69.2349,70.3412,71.2375,69.3792,68.873,68.9016,68.8263,68.8214,67.9612,67.457,66.567,67.6332,68.5515,69.0508,68.0705,67.4378,68.124,69.2347,69.2823,69.6013,68.8402,69.2074,70.3927,70.959,72.061,71.991,71.2197,71.8509,71.6804,71.2694,70.6426,69.0067,68.3684,67.5418,66.4532,66.8914,66.0195,65.0941,-6.85225,-66.9604,-676.923,14.9915,
W_Calibration,100,0,0,95.0422,100,108.876,565.016,99.9909,1.74827e-05,0.00127928,0,0,6504.1, ,100,100,100,100,100,100,100,100,100,100,100,100,100,100,100,100,100,100,100,100,100,100,100,100,100,100,100,100,100,100,100,100,100,100,100,100,100,100,100,100,100,100,100,100,100,100,100,100,100,100,100,100,100,100,100,100,100,100,100,100,100,100,100,100,100,100,100,100,100,100,100,100,100,100,100,100,100,100,100,100,100,100,100,100,100,100,100,100,100,100,100,100,100,100,100,100,100,100,100,100,100,100,100,100,100,100,100,100,100,100,100,100,100,100,100,100,100,100,100,100,100,100,100,100,100,100,100,100,100,100,100,100,100,100,100,100,100,100,100,100,100,100,100,100,100,100,100,100,100,100,100,100,100,100,100,100,100,100,100,100,100,100,100,100,100,100,100,100,100,100,100,100,100,100,100,100,100,100,100,100,100,100,100,100,100,100,100,100,100,100,100,100,100,100,100,100,100,100,100,100,100,100,100,100,100,100,100,100,100,100,100,100,100,100,100,100,100,100,100,100,100,100,100,100,100,100,100,100,100,100,100,100,100,100,100,100,100,100,100,100,100,100,100,100,100,100,100,100,100,100,100,100,100,100,100,100,100,100,100,100,100,100,100,100,100,100,100,100,100,100,100,100,100,100,100,100,100,100,100,100,100,100,100,100,100,100,100,100,100,100,100,100,100,100,100,100,100,100,100,100,100,100,100,100,100,100,100,100,100,100,100,100,100,100,100,100,100,100,100,100,100,100,100,100,100,100,100,100,100,100,100,100,100,100,100,100,100,100,100,100,100,100,100,100,100,100,100,100,100,100,100,100,100,100,100,100,100,100,100,100,100,100,100,100,100,100,100,100,100,100,100,100,100,100,100,100,100,100,100,100,100,100,100,100,100,100,100,100,100,100,100,100,100,100,100,100,100,100,100,100,100,100,100,100,100,100,100,100,100,100,100,100,100,100,100,100,100,100,100,100,100,100,100,100,100,100,100,100,100,100,100,100,100,100,100,100,100,100,100,100,100,100,100,100,100,100,100,100,100,100,100,100,100,100,100,100,100,100,100,100,100,100,100,100,100,100,100,100,100,100,100,100,100,100,100,100,100,100,100,100,100,100,100,100,100,100,100,100,100,100,100,100,100,100,100,100,100,100,100,100,100,100,100,100,100,100,100,100,100,100,100,100,100,100,100,100,100,100,100,100,100,100,100,100,100,100,100,100,100,100,100,100,100,100,100,100,100,100,100,100,100,100,100,100,100,100,100,100,100,100,100,100,100,100,100,100,100,100,100,100,100,100,100,100,100,100,100,100,100,100,100,100,100,100,100,100,100,100,100,100,100,100,100,100,100,100,100,100,100,100,100,100,100,100,100,100,100,100,100,100,100,100,100,100,100,100,100,100,100,100,100,100,100,100,100,100,100,100,100,100,100,100,100,100,100,100,100,100,100,100,100,100,100,100,100,100,100,100,100,100,100,100,100,100,100,100,100,100,100,100,100,100,100,100,100,100,100,100,100,100,100,100,100,100,100,100,100,100,100,100,100,100,100,100,100,100,100,100,100,100,100,100,100,100,100,100,100,100,100,100,100,100,100,100,100,100,100,100,100,100,100,100,100,100,100,100,100,100,100,100,100,100,100,100,100,100,100,100,100,100,100,100,100,100,100,100,100,100,100,100,100,100,100,100,100,100,100,100,100,100,100,100,100,100,100,100,100,100,100,100,100,100,100,100,100,100,100,100,100,100,100,100,100,100,100,100,100,100,100,100,100,100,100,100,100,100,100,100,100,100,100,100,100,100,100,100,100,100,100,100,100,100,100,100,100,100,100,100,100,100,100,100,100,100,100,100,100,100,100,100,100,100,100,100,100,100,100,100,100,100,100,100,100,100,100,100,100,100,100,100,100,100,100,100,100,100,100,100,100,100,100,100,100,100,100,100,100,100,100,100,100,100,100,100,100,100,100,100,100,100,100,100,100,100,100,100,100,100,100,100,100,100,100,100,100,100,100,100,100,100,100,100,100,100,100,100,100,100,100,100,100,100,100,100,100,100,100,100,100,100,100,100,100,100,100,100,100,100,100,100,100,100,100,100,100,100,100,100,100,100,100,100,100,100,100,100,100,100,100,100,100,100,100,100,100,100,100,100,100,100,100,100,100,100,100,100,100,100,100,100,100,100,100,100,100,100,100,100,100,100,100,100,100,100,100,100,100,100,100,100,100,100,100,100,100,100,100,100,100,100,100,100,100,100,100,100,100,100,100,100,100,100,100,100,100,100,100,100,100,100,100,100,100,100,100,100,100,100,100,100,100,100,100,100,100,100,100,100,100,100,100,100,100,100,100,100,100,100,100,100,100,100,100,100,100,100,100,100,100,100,100,100,100,100,
F_Calibration,100,0,0,108.104,100,39.2965,491.07,99.9909,0.000170256,0.00127928,0,0,3000.62, ,100,100,100,100,100,100,100,100,100,100,100,100,100,100,100,100,100,100,100,100,100,100,100,100,100,100,100,100,100,100,100,100,100,100,100,100,100,100,100,100,100,100,100,100,100,100,100,100,100,100,100,100,100,100,100,100,100,100,100,100,100,100,100,100,100,100,100,100,100,100,100,100,100,100,100,100,100,100,100,100,100,100,100,100,100,100,100,100,100,100,100,100,100,100,100,100,100,100,100,100,100,100,100,100,100,100,100,100,100,100,100,100,100,100,100,100,100,100,100,100,100,100,100,100,100,100,100,100,100,100,100,100,100,100,100,100,100,100,100,100,100,100,100,100,100,100,100,100,100,100,100,100,100,100,100,100,100,100,100,100,100,100,100,100,100,100,100,100,100,100,100,100,100,100,100,100,100,100,100,100,100,100,100,100,100,100,100,100,100,100,100,100,100,100,100,100,100,100,100,100,100,100,100,100,100,100,100,100,100,100,100,100,100,100,100,100,100,100,100,100,100,100,100,100,100,100,100,100,100,100,100,100,100,100,100,100,100,100,100,100,100,100,100,100,100,100,100,100,100,100,100,100,100,100,100,100,100,100,100,100,100,100,100,100,100,100,100,100,100,100,100,100,100,100,100,100,100,100,100,100,100,100,100,100,100,100,100,100,100,100,100,100,100,100,100,100,100,100,100,100,100,100,100,100,100,100,100,100,100,100,100,100,100,100,100,100,100,100,100,100,100,100,100,100,100,100,100,100,100,100,100,100,100,100,100,100,100,100,100,100,100,100,100,100,100,100,100,100,100,100,100,100,100,100,100,100,100,100,100,100,100,100,100,100,100,100,100,100,100,100,100,100,100,100,100,100,100,100,100,100,100,100,100,100,100,100,100,100,100,100,100,100,100,100,100,100,100,100,100,100,100,100,100,100,100,100,100,100,100,100,100,100,100,100,100,100,100,100,100,100,100,100,100,100,100,100,100,100,100,100,100,100,100,100,100,100,100,100,100,100,100,100,100,100,100,100,100,100,100,100,100,100,100,100,100,100,100,100,100,100,100,100,100,100,100,100,100,100,100,100,100,100,100,100,100,100,100,100,100,100,100,100,100,100,100,100,100,100,100,100,100,100,100,100,100,100,100,100,100,100,100,100,100,100,100,100,100,100,100,100,100,100,100,100,100,100,100,100,100,100,100,100,100,100,100,100,100,100,100,100,100,100,100,100,100,100,100,100,100,100,100,100,100,100,100,100,100,100,100,100,100,100,100,100,100,100,100,100,100,100,100,100,100,100,100,100,100,100,100,100,100,100,100,100,100,100,100,100,100,100,100,100,100,100,100,100,100,100,100,100,100,100,100,100,100,100,100,100,100,100,100,100,100,100,100,100,100,100,100,100,100,100,100,100,100,100,100,100,100,100,100,100,100,100,100,100,100,100,100,100,100,100,100,100,100,100,100,100,100,100,100,100,100,100,100,100,100,100,100,100,100,100,100,100,100,100,100,100,100,100,100,100,100,100,100,100,100,100,100,100,100,100,100,100,100,100,100,100,100,100,100,100,100,100,100,100,100,100,100,100,100,100,100,100,100,100,100,100,100,100,100,100,100,100,100,100,100,100,100,100,100,100,100,100,100,100,100,100,100,100,100,100,100,100,100,100,100,100,100,100,100,100,100,100,100,100,100,100,100,100,100,100,100,100,100,100,100,100,100,100,100,100,100,100,100,100,100,100,100,100,100,100,100,100,100,100,100,100,100,100,100,100,100,100,100,100,100,100,100,100,100,100,100,100,100,100,100,100,100,100,100,100,100,100,100,100,100,100,100,100,100,100,100,100,100,100,100,100,100,100,100,100,100,100,100,100,100,100,100,100,100,100,100,100,100,100,100,100,100,100,100,100,100,100,100,100,100,100,100,100,100,100,100,100,100,100,100,100,100,100,100,100,100,100,100,100,100,100,100,100,100,100,100,100,100,100,100,100,100,100,100,100,100,100,100,100,100,100,100,100,100,100,100,100,100,100,100,100,100,100,100,100,100,100,100,100,100,100,100,100,100,100,100,100,100,100,100,100,100,100,100,100,100,100,100,100,100,100,100,100,100,100,100,100,100,100,100,100,100,100,100,100,100,100,100,100,100,100,100,100,100,100,100,100,100,100,100,100,100,100,100,100,100,100,100,100,100,100,100,100,100,100,100,100,100,100,100,100,100,100,100,100,100,100,100,100,100,100,100,100,100,100,100,100,100,100,100,100,100,100,100,100,100,100,100,100,100,100,100,100,100,100,100,100,100,100,100,100,100,100,100,100,100,100,100,100,100,100,100,100,100,100,100,100,100,100,100,100,100,100,100,100,100,100,100,100,100,100,100,100,100,100,100,100,
W_1737A2/162_H_None_0.501_VS1,109.431,-0.816709,2.04378,119.614,126.426,133.781,569.867,118.164,0.0168766,0.285192,2.20092,111.782,6361.15, ,33.3333,-41.3223,-2.73973,259.574,120.516,120.781,120.569,120.958,121.344,120.808,120.583,120.607,121.323,121.433,121.73,121.626,121.723,121.809,122.493,121.824,122.665,121.774,122.111,122.462,122.842,122.323,122.316,121.565,122.074,121.999,122.452,122.183,121.414,122.068,122.008,122.29,122.185,122.175,122.04,122.461,121.943,122.129,121.638,122.34,121.576,121.786,121.836,121.742,121.852,122.181,122.202,122.154,121.706,121.759,121.317,122.292,121.743,121.908,121.786,122.003,121.737,121.948,122.287,122.52,121.006,121.566,121.149,121.052,121.507,121.993,121.97,122.106,121.983,122.391,122.199,121.745,122.291,121.511,121.016,120.986,121.165,120.972,121.437,121.682,122.314,122.109,121.964,122.289,121.772,122.1,122.567,122.164,121.767,121.266,120.815,120.714,120.149,120.813,120.012,120.095,120.49,121.13,121.517,121.675,121.558,122.071,121.748,122.242,121.93,121.521,121.172,120.918,120.958,121.63,121.365,121.425,120.85,120.902,121.535,122.007,122.226,122.429,121.817,122.431,122.793,122.801,122.794,122.238,121.31,120.86,120.996,121.432,121.068,120.304,120.484,120.875,120.935,121.237,121.894,121.824,121.97,121.868,122.443,122.389,122.425,122.871,122.731,122.789,122.275,121.694,121.763,121.809,121.7,121.522,120.901,121.278,121.324,122.371,122.908,123.597,123.637,123.963,123.561,124.193,123.916,123.467,122.659,122.529,122.278,122.155,122.129,121.947,121.159,121.076,121.281,121.758,121.913,122.152,122.503,122.394,123.166,123.278,123.24,122.647,122.056,122.066,121.471,121.054,120.801,120.447,120.873,120.787,120.881,120.649,120.097,119.896,119.409,118.866,118.285,117.724,117.461,117.495,117.459,117.69,117.155,117.084,117.451,117.38,116.983,116.542,116.305,115.932,115.68,116.11,116.242,116.083,116.068,116.106,116.35,116.043,116.23,115.761,115.531,115.354,114.951,114.606,114.519,114.35,113.928,113.711,113.278,112.687,111.98,111.701,111.03,110.297,109.725,109.29,108.425,107.705,107.029,106.405,105.326,104.709,103.872,102.683,101.96,101.292,100.614,99.7843,99.1514,98.8357,98.5032,98.4469,98.5864,98.7706,98.8075,98.8846,98.8933,98.6448,98.4165,98.2436,98.2061,98.5065,98.9502,99.7083,100.558,101.461,102.433,103.428,104.487,105.605,106.586,107.42,107.834,107.664,107.07,106.8,107.128,107.727,108.395,109.188,110.184,111.499,113.427,115.752,117.565,118.62,119.278,119.809,120.263,120.584,120.914,121.172,121.393,121.576,121.711,121.971,122.166,122.313,122.507,122.599,122.705,122.757,122.79,122.864,122.847,122.867,122.845,122.823,122.837,122.815,122.769,122.798,122.758,122.74,122.719,122.701,122.671,122.609,122.579,122.53,122.485,122.439,122.433,122.418,122.422,122.468,122.538,122.641,122.788,122.897,123.047,123.16,123.299,123.419,123.53,123.636,123.712,123.795,123.865,123.931,124.023,124.091,124.157,124.232,124.288,124.373,124.432,124.498,124.559,124.596,124.598,124.634,124.593,124.518,124.398,124.302,124.249,124.203,124.189,124.212,124.277,124.411,124.618,124.838,125.05,125.237,125.396,125.548,125.696,125.802,125.886,125.99,126.042,126.112,126.205,126.272,126.297,126.358,126.425,126.434,126.435,126.467,126.508,126.5,126.538,126.564,126.597,126.59,126.66,126.664,126.674,126.679,126.654,126.664,126.652,126.618,126.616,126.585,126.576,126.572,126.545,126.541,126.494,126.509,126.512,126.525,126.484,126.491,126.511,126.484,126.473,126.485,126.496,126.485,126.491,126.504,126.487,126.465,126.492,126.459,126.455,126.443,126.418,126.406,126.416,126.42,126.413,126.394,126.442,126.441,126.408,126.414,126.391,126.354,126.344,126.336,126.327,126.319,126.302,126.32,126.317,126.32,126.34,126.329,126.308,126.291,126.282,126.318,126.328,126.352,126.349,126.369,126.397,126.428,126.47,126.468,126.473,126.475,126.484,126.463,126.46,126.446,126.433,126.439,126.446,126.436,126.427,126.416,126.449,126.448,126.457,126.47,126.459,126.48,126.465,126.477,126.486,126.474,126.507,126.49,126.465,126.47,126.477,126.495,126.496,126.506,126.507,126.461,126.496,126.488,126.49,126.467,126.48,126.476,126.457,126.474,126.502,126.493,126.547,126.528,126.538,126.514,126.519,126.509,126.503,126.497,126.514,126.491,126.539,126.543,126.539,126.571,126.588,126.621,126.634,126.614,126.642,126.644,126.666,126.691,126.686,126.691,126.677,126.697,126.712,126.717,126.699,126.701,126.719,126.696,126.682,126.703,126.702,126.689,126.689,126.717,126.698,126.695,126.705,126.738,126.737,126.747,126.788,126.773,126.794,126.837,126.869,126.912,126.919,126.953,126.965,126.964,127.013,127.027,127.036,127.024,127.007,127.026,127.019,127.04,127.053,127.056,127.058,127.052,127.073,127.092,127.098,127.081,127.083,127.115,127.121,127.115,127.129,127.14,127.155,127.153,127.189,127.19,127.184,127.21,127.223,127.234,127.24,127.25,127.263,127.265,127.25,127.261,127.276,127.282,127.319,127.328,127.352,127.395,127.408,127.409,127.404,127.398,127.422,127.426,127.439,127.45,127.442,127.42,127.447,127.454,127.46,127.454,127.446,127.433,127.444,127.445,127.482,127.492,127.522,127.545,127.578,127.577,127.561,127.528,127.53,127.521,127.53,127.548,127.537,127.525,127.503,127.568,127.58,127.6,127.654,127.688,127.664,127.659,127.665,127.688,127.68,127.718,127.728,127.704,127.685,127.714,127.76,127.765,127.814,127.793,127.779,127.773,127.826,127.864,127.884,127.856,127.832,127.788,127.82,127.822,127.862,127.828,127.809,127.803,127.787,127.799,127.819,127.845,127.892,127.882,127.881,127.903,127.889,127.931,127.977,128.044,128.068,128.075,128.105,128.16,128.227,128.214,128.21,128.253,128.177,128.121,128.063,128.009,127.967,127.91,127.987,127.986,127.916,127.959,127.947,128.004,127.98,127.957,127.995,127.922,127.928,127.896,127.878,127.86,127.829,127.828,127.816,127.693,127.705,127.714,127.728,127.661,127.719,127.694,127.713,127.664,127.685,127.605,127.562,127.542,127.556,127.552,127.508,127.453,127.433,127.416,127.466,127.396,127.383,127.386,127.388,127.479,127.577,127.722,127.806,127.767,127.97,128.036,128.087,127.933,127.855,127.81,127.687,127.561,127.527,127.317,127.169,127.032,127.07,126.985,126.812,126.764,126.696,126.609,126.598,126.717,126.81,126.699,126.739,126.806,126.8,126.756,126.853,126.754,126.635,126.553,126.544,126.488,126.562,126.454,126.488,126.355,126.383,126.441,126.401,126.509,126.309,126.092,125.937,125.974,126.166,125.989,126.106,126.008,125.861,125.974,126.153,126.488,126.511,126.269,126.529,126.378,126.501,126.61,126.561,126.337,125.916,125.769,125.694,125.623,125.435,125.052,125.041,124.942,124.974,125.137,125.243,125.377,125.397,125.494,125.78,125.71,125.749,125.91,125.655,125.476,125.506,125.532,125.703,125.74,125.672,126.003,125.554,125.812,125.748,125.457,125.201,124.558,124.481,124.679,124.302,124.701,124.583,124.548,124.176,123.707,123.537,123.282,122.705,122.571,122.104,121.736,121.468,121.834,121.894,122.112,122.167,122.474,122.366,122.145,122.02,121.929,121.522,121.425,120.808,120.388,120.117,120.104,120.315,120.487,120.351,120.214,119.856,119.95,119.656,119.344,118.882,118.511,118.086,118.022,117.714,117.995,117.926,117.815,117.717,118.124,117.823,117.818,117.975,118.248,118.686,118.539,118.711,118.643,118.091,118.241,118.415,118.175,118.033,117.622,117.516,117.642,117.573,117.842,117.908,117.483,117.111,117.172,116.429,116.2,115.93,115.488,115.231,115.115,115.194,115.34,115.159,115.324,115.926,116.156,116.466,116.949,117.105,117.523,117.747,117.998,118.554,118.669,119.226,119.791,120.021,120.287,120.177,120.425,120.699,120.482,120.755,120.218,120.301,120.183,119.943,119.887,119.904,119.898,119.997,120.603,121.361,121.262,121.285,121.485,121.82,122.018,122.674,122.867,122.512,122.06,122.055,122.471,122.743,122.652,122.578,121.994,122.251,122.01,121.865,122.172,122.003,122.252,122.623,122.888,123.667,123.782,123.977,124.465,124.88,125.203,125.531,125.608,126.181,126.756,127.397,127.79,128.23,128.449,128.718,128.115,128.589,128.293,127.59,127.797,127.636,127.756,127.683,127.231,127.375,127.234,127.218,127.744,127.133,127.192,126.879,126.895,127.359,128.227,128.16,128.187,127.74,127.808,128.116,128.317,128.433,128.578,128.418,128.296,128.316,128.475,128.556,128.346,128.048,127.833,127.415,127.056,127.017,126.529,126.338,126.249,125.77,125.572,125.903,125.815,125.322,125.613,125.942,125.568,125.734,126.15,126.521,126.055,125.957,126.271,125.979,126.035,126.33,126.043,126.192,126.117,125.718,126.006,126.055,125.878,125.915,125.892,18.1818,-2.06186,-513.043,-2600,
F_1737A2/162_H_None_0.501_VS1,99.5563,2.35233,-7.55448,108.389,98.8568,43.4359,576.302,128.353,0.0278111,-2.56711,7.91225,-72.7044,2997.28, ,150,-301.613,138.764,170.661,76.2594,76.3013,76.0036,75.858,75.5221,75.3114,75.673,75.0448,75.0889,75.8731,75.9117,76.1836,76.9782,77.2227,77.6997,78.3036,78.5616,78.318,78.2824,77.9757,77.319,76.2303,76.2766,76.0239,74.8937,75.3547,75.091,74.5945,75.0988,75.834,76.1747,76.6898,77.2449,77.6207,77.6071,78.1675,77.9551,77.9606,77.7162,78.0077,77.8957,77.3531,78.3381,77.9734,77.924,78.3596,77.8477,77.9629,77.7055,77.633,77.6404,76.6405,77.3512,77.1977,77.2945,77.714,77.4276,77.6595,77.4332,77.844,77.5639,77.2259,76.8009,76.4099,75.8866,75.905,75.2185,75.4842,75.225,75.5379,75.7136,75.7037,75.8842,76.2921,76.5256,77.3071,77.0802,77.5244,77.6874,77.1185,77.4412,77.3838,76.9916,76.8213,76.1005,76.345,76.0981,76.1516,76.6264,76.0951,76.1711,76.5178,76.066,76.707,76.0435,75.7224,75.5387,75.2864,75.8832,75.8053,75.6852,75.7988,75.6171,76.2799,76.4764,76.7049,76.7118,77.2982,77.4685,77.7589,78.2947,78.442,78.7253,78.7197,78.6297,78.5696,78.2159,77.8604,78.0105,77.8141,77.2942,77.1163,76.7614,76.3155,76.4673,76.2869,76.8711,76.8632,76.7278,77.1903,76.99,77.3928,77.6263,77.5199,77.8529,77.7579,77.7355,77.7753,77.7918,77.9929,78.272,78.3955,78.4915,78.4037,78.586,78.3357,78.4236,78.1841,78.2278,78.1903,77.9319,77.8836,77.8618,77.5413,77.6522,77.482,77.4785,77.1139,76.9974,77.405,77.2226,77.0471,77.1064,77.0411,77.2973,77.3445,77.6558,77.6551,77.5258,77.7473,77.4912,77.5782,77.4926,77.5636,77.7283,77.5514,77.4311,77.3597,77.3178,77.6215,77.6875,77.7739,77.6428,77.49,77.4172,77.4776,77.4546,77.4429,77.4015,77.3793,77.3806,77.4854,77.6056,77.5383,77.7864,78.1516,78.5572,78.911,79.3556,79.7384,80.0552,80.3002,80.4745,80.4095,80.2796,80.1154,79.9005,79.6389,79.3712,79.1359,78.8976,78.6594,78.4343,78.2185,77.987,77.7681,77.5188,77.265,76.9717,76.6642,76.3414,76.0371,75.7276,75.4203,75.1093,74.86,74.617,74.4055,74.1926,74.0196,73.8193,73.5911,73.4064,73.2105,73.0002,72.8302,72.7187,72.6993,72.7316,72.7919,72.9725,73.1076,73.2683,73.3432,73.3749,73.3392,73.2829,73.2547,73.3479,73.4698,73.7404,73.9997,74.3932,74.7957,75.1563,75.6006,75.9369,76.0054,75.9848,75.9698,76.2971,76.5728,76.9591,77.7332,78.5594,79.4924,80.5086,81.4546,82.3886,82.9482,83.5915,84.3783,84.9668,85.8318,86.8212,87.9428,89.0936,90.0955,91.4253,92.7308,93.9025,95.0748,96.2658,97.2048,98.3322,99.6248,101.167,102.494,104.514,106.325,107.742,108.871,109.409,110.249,110.521,110.784,110.904,110.493,110.248,110.107,110.75,111.718,112.328,113.455,114.03,114.784,115.223,115.723,116.026,115.446,115.063,114.838,114.626,114.601,114.597,114.733,114.769,114.816,115.101,115.7,115.605,115.669,115.566,115.351,115.394,114.978,114.75,114.297,113.739,113.564,113.201,113.214,113.048,112.739,112.525,112.548,112.825,112.342,112.174,112.112,111.649,111.318,111.008,110.772,110.47,109.898,110.123,110.043,109.657,109.555,109.11,108.911,108.412,107.921,107.807,107.388,107.133,106.876,106.332,106.11,105.872,105.947,105.893,105.712,105.241,105.236,105.022,105.097,105.161,104.979,104.737,104.742,104.205,104.389,103.837,103.556,103.345,103.011,102.841,102.701,102.186,102.246,101.948,101.694,101.684,101.415,101.392,101.226,100.974,100.881,100.591,100.396,100.526,100.269,100.24,99.8029,99.6748,99.9003,99.8636,99.9701,99.6223,99.3142,99.2704,99.1687,99.2691,99.1124,98.9776,99.0244,98.9339,99.1964,99.1782,98.9976,98.7867,98.6541,98.6522,98.4172,98.0078,98.0855,97.7706,97.7943,97.9695,98.1512,98.1134,98.1573,98.1488,98.7308,98.6962,99.0824,99.1974,98.9592,98.6271,98.6467,98.6482,98.4838,98.036,98.0588,97.9035,97.5601,97.7419,97.8599,97.7182,97.7405,97.7936,97.8286,97.4423,97.4288,97.5796,97.417,97.4277,97.4961,97.3198,97.3617,97.2676,97.6264,97.4656,97.693,97.7473,97.8649,97.7611,97.8528,97.838,97.8789,97.7583,97.8599,97.5396,97.3895,97.5737,97.6995,97.6178,97.7311,97.8383,97.8966,97.9984,98.1586,98.2755,97.9255,98.0014,98.0321,98.0062,97.9751,97.8293,97.8091,97.9976,98.1158,98.3259,98.1963,98.3746,98.5705,98.5495,98.9088,98.9111,98.6765,98.7193,98.781,99.2311,99.1055,98.7951,98.9423,98.6352,98.7706,98.6083,98.6121,98.4771,98.1799,98.4638,98.3284,98.5243,98.7033,99.0333,99.0849,99.1755,99.2425,99.5184,99.1895,99.8071,99.7653,99.4837,99.3731,99.6107,99.6232,99.6526,99.6153,99.7045,99.2189,99.2282,99.4913,99.0954,99.2013,99.2731,99.5504,99.6565,99.5963,100.128,100.178,100.141,100.55,100.766,100.44,100.496,100.449,100.769,100.481,100.476,100.775,100.719,100.806,100.975,100.883,100.905,100.988,101.464,101.485,101.404,101.373,101.39,101.737,102.139,102.057,102.139,101.681,101.879,102.041,101.993,102.179,102.25,101.954,102.217,102.215,102.122,101.853,101.893,102.016,101.582,101.943,101.884,101.84,101.826,102.543,102.855,103.054,103.26,103.542,103.133,103.12,103.373,103.311,103.131,103.174,103.051,103.597,103.679,103.667,103.721,104.039,103.971,104.119,103.719,103.803,102.935,102.924,103.146,102.808,102.747,102.411,102.445,102.203,102.327,102.981,102.987,103.282,103.509,103.14,103.892,103.652,104.86,105.152,104.944,104.607,104.392,104.143,104.276,103.521,103.677,103.218,102.669,102.93,103.863,103.971,104.504,103.959,104.609,104.689,105.128,105.217,104.768,103.663,104.009,104.358,105.257,106.027,106.679,106.78,107.499,107.597,108.508,108.328,108.339,108.4,106.999,106.678,106.324,105.781,105.291,105.814,105.45,105.477,105.868,105.965,106.123,106.256,105.714,106.582,105.588,105.814,105.021,104.94,105.166,103.912,104.656,105.854,105.618,106.092,105.895,106.878,106.526,106.989,108.07,107.605,107.302,108.082,107.505,108.118,107.726,107.532,109,108.784,108.164,107.343,105.678,107.978,107.843,107.698,107.613,108.656,109.697,109.908,111.482,113.085,110.858,110.543,111.204,110.307,108.135,106.738,107.181,105.07,105.741,106.713,108.528,109.396,112.287,111.856,112.384,112.861,114.877,115.885,116.015,115.725,116.675,115.92,116.27,116.813,116.771,115.642,115.116,115.225,112.952,113.932,113.28,114.807,112.582,110.296,111.52,111.261,111.952,116.033,114.668,115.694,113.389,116.649,119.009,119.732,118.085,118.208,115.057,117.586,119.716,122.357,120.645,117.511,120.21,119.834,121.659,122.191,117.2,115.218,114.754,112.312,114.245,111.045,114.347,112.834,109.03,110.188,108.829,110.171,117.803,119.28,118.193,117.096,114.915,121.112,119.885,121.907,117.893,114.533,116.937,116.535,118.278,116.89,116.33,120.645,118.919,123.318,122.623,116.196,118.103,118.83,122.337,118.546,113.126,113.825,111.345,115.51,114.767,115.842,113.205,112.647,115.984,117.946,110.491,109.061,103.278,109.782,107.208,107.438,105.262,103.657,104.016,110.953,116.96,123.411,118.502,117.236,121.659,126.943,127.822,124.756,126.794,119.918,113.189,112.451,119.082,109.947,110.509,110.438,116.313,112.963,115.39,116.777,116.41,108.907,107.818,98.0841,97.7553,95.0138,94.5769,95.4439,97.841,96.682,98.6516,102.725,106.53,106.018,103.467,106.505,103.809,103.367,108.444,109.247,107.908,113.725,110.801,113.725,107.499,108.49,104.836,106.568,109.465,112.715,107.233,110.696,106.505,103.795,103.307,101.779,99.4531,94.1498,92.6389,91.4501,89.2389,90.457,92.6628,92.1611,94.4813,91.5819,94.6583,94.4619,92.6712,92.7387,90.4294,90.8151,90.6754,89.9754,90.3029,89.0499,87.7752,87.3,85.6394,85.281,85.3695,80.7267,80.2769,79.9716,80.8442,80.0229,86.2425,90.7526,92.601,92.9628,99.0285,100.878,100.087,100.572,98.4342,95.7585,92.8036,91.5764,88.2754,87.0814,86.4836,85.2963,84.9469,86.7571,85.3012,85.1929,84.1479,86.0013,84.9211,84.0668,85.7856,84.5432,83.2779,80.9392,81.2563,82.6937,82.8149,83.2369,82.4656,79.6656,79.7989,81.8454,83.264,83.5651,82.0663,81.992,81.3652,83.3292,85.7865,83.9179,82.8091,81.8939,80.5127,81.5825,81.0655,81.9929,81.0212,80.4665,82.8366,84.2437,83.6018,83.8793,83.4562,82.917,82.1402,81.6767,81.4931,80.8483,78.616,80.3614,79.6194,79.322,80.2713,81.3992,81.2355,80.891,81.2855,82.1085,82.359,82.6123,82.9726,83.1182,81.953,81.9977,81.8557,80.8051,78.7161,77.73,78.1495,76.9952,78.1954,77.6644,76.3148,76.1304,75.3831,76.4863,77.4374,77.5902,78.3012,76.0304,76.43,77.3512,76.3224,76.4238,75.9623,75.4676,75.3274,76.3826,77.1637,76.9135,77.1077,77.4454,78.1396,79.0424,79.3727,79.3756,78.2549,77.3549,78.7748,78.4911,79.1858,80.046,79.9339,77.8957,77.5789,77.9875,79.1853,78.6892,78.1253,77.5583,76.7421,76.9206,79.3638,80.8485,80.8526,79.3315,77.4959,78.5646,79.0459,79.0906,80.3149,79.2457,78.3051,77.1595,78.1211,80.4508,123.154,-27.0335,82.8859,60.7884,
W_TT12/156_F_Faint_0.50_SI1,110.084,-0.511501,0.982142,121.7,128.411,137.921,567.816,124.458,0.00786968,0.320258,1.10736,117.511,6441.5, ,66.6667,121.983,37.8082,400.851,125.016,125.03,124.408,124.708,124.996,124.885,124.545,124.182,124.49,124.562,125.004,125.302,125.562,125.661,125.549,124.888,125.968,125.386,125.156,125.08,124.481,123.916,123.549,123.51,123.592,123.333,123.722,124.035,123.803,124.446,124.376,125.162,125.268,125.31,125.046,125.004,124.325,124.564,124.788,124.733,124.446,124.564,125.127,125.228,125.764,126.404,126.125,125.677,125.485,125.279,124.73,125.394,125.003,125.126,124.978,125.225,125.83,126.164,126.285,126.247,125.255,125.666,125.7,125.679,126.176,125.749,126.037,126.325,126.577,126.125,125.804,125.026,124.745,123.663,122.997,122.728,122.628,122.667,123.651,123.487,123.725,123.866,123.929,124.847,124.323,124.258,124.234,124.197,124.018,124.082,123.969,124.304,123.705,124.436,123.757,123.795,123.038,124.39,124.988,124.973,124.667,125.163,125.118,125.877,125.294,125.649,124.941,124.41,124.58,125.086,124.652,124.419,123.899,124.593,124.875,124.975,124.556,124.556,124.269,124.324,124.686,124.687,124.32,123.97,123.602,123.546,123.504,123.594,123.803,123.777,124.005,124.16,124.863,125.137,125.548,126.274,126.948,126.978,126.339,126.378,126.844,126.215,126.097,126.268,125.547,124.99,124.986,125.546,125.474,125.459,125.309,125.243,125.393,125.727,125.873,126.422,126.252,126.46,125.95,126.907,126.982,126.624,126.318,126.381,125.752,125.883,125.325,125.111,123.926,124.073,124.103,124.192,123.93,124.393,124.696,125.115,125.793,125.859,125.194,124.83,124.864,124.916,124.299,123.523,122.782,121.962,122.227,122.323,122.464,122.065,121.57,121.869,121.878,122.083,121.781,121.332,121.123,121.246,121.473,121.817,121.244,121.346,121.369,121.311,121.12,120.739,120.579,120.001,119.83,119.894,120.005,119.718,120.012,120.041,120.239,119.945,119.994,119.652,119.647,119.312,118.99,118.882,118.881,118.924,118.436,118.034,117.672,117.203,116.317,116.022,115.326,114.478,114.036,113.708,112.971,112.122,111.67,111.336,110.37,109.822,109.401,108.441,107.782,107.267,106.683,105.982,105.469,105.226,104.918,104.903,105.129,105.183,105.248,105.382,105.381,105.196,104.967,104.803,104.753,105.007,105.431,106.14,106.928,107.745,108.631,109.559,110.544,111.567,112.459,113.291,113.679,113.551,113.049,112.808,113.132,113.671,114.306,115.056,115.877,117.044,118.744,120.843,122.505,123.427,123.999,124.467,124.862,125.202,125.523,125.739,125.916,126.054,126.176,126.403,126.55,126.635,126.784,126.844,126.896,126.889,126.899,126.941,126.919,126.908,126.91,126.86,126.842,126.823,126.797,126.787,126.719,126.659,126.643,126.582,126.516,126.435,126.393,126.34,126.285,126.262,126.297,126.286,126.31,126.367,126.454,126.542,126.686,126.788,126.929,127.011,127.124,127.223,127.309,127.4,127.446,127.518,127.582,127.634,127.687,127.746,127.796,127.856,127.858,127.934,127.968,128.028,128.061,128.073,128.068,128.086,128.093,128.101,128.068,128.01,127.989,127.961,127.976,127.991,128.051,128.119,128.224,128.318,128.421,128.51,128.583,128.657,128.72,128.739,128.76,128.794,128.812,128.835,128.859,128.893,128.913,128.914,128.954,128.964,128.961,128.967,128.977,128.945,128.952,128.926,129.004,128.987,128.978,128.958,128.964,128.976,128.974,128.961,128.954,128.869,128.85,128.833,128.809,128.768,128.738,128.72,128.679,128.691,128.664,128.649,128.621,128.616,128.641,128.616,128.586,128.596,128.583,128.615,128.598,128.587,128.588,128.532,128.513,128.499,128.478,128.447,128.427,128.419,128.433,128.401,128.402,128.397,128.415,128.407,128.411,128.393,128.379,128.347,128.339,128.337,128.345,128.337,128.347,128.325,128.292,128.294,128.3,128.292,128.27,128.226,128.21,128.188,128.199,128.232,128.248,128.236,128.258,128.285,128.303,128.31,128.335,128.337,128.346,128.32,128.332,128.313,128.308,128.355,128.37,128.358,128.332,128.336,128.341,128.349,128.37,128.367,128.303,128.29,128.286,128.321,128.295,128.296,128.299,128.287,128.269,128.287,128.291,128.295,128.296,128.31,128.293,128.27,128.277,128.288,128.297,128.288,128.286,128.294,128.254,128.292,128.315,128.306,128.355,128.354,128.351,128.351,128.342,128.368,128.363,128.37,128.39,128.355,128.371,128.381,128.371,128.378,128.382,128.378,128.368,128.375,128.382,128.402,128.414,128.439,128.435,128.438,128.454,128.481,128.487,128.496,128.472,128.461,128.466,128.462,128.448,128.452,128.445,128.423,128.413,128.423,128.429,128.423,128.418,128.462,128.453,128.474,128.483,128.467,128.489,128.497,128.509,128.549,128.54,128.571,128.55,128.583,128.633,128.646,128.652,128.676,128.675,128.695,128.695,128.72,128.702,128.732,128.741,128.76,128.751,128.761,128.741,128.722,128.718,128.762,128.759,128.764,128.766,128.773,128.78,128.8,128.821,128.839,128.836,128.824,128.823,128.878,128.896,128.912,128.904,128.909,128.916,128.911,128.94,128.971,128.974,128.974,128.973,129.019,129.052,129.033,129.042,129.044,129.023,129.035,129.037,129.06,129.076,129.048,129.077,129.11,129.095,129.118,129.102,129.104,129.101,129.089,129.096,129.101,129.097,129.136,129.145,129.152,129.141,129.135,129.117,129.148,129.161,129.172,129.169,129.13,129.104,129.168,129.151,129.187,129.188,129.192,129.162,129.116,129.15,129.187,129.17,129.222,129.202,129.213,129.199,129.227,129.3,129.324,129.346,129.308,129.289,129.334,129.37,129.429,129.472,129.414,129.365,129.323,129.392,129.39,129.386,129.363,129.344,129.303,129.351,129.373,129.375,129.378,129.399,129.371,129.35,129.347,129.344,129.328,129.385,129.454,129.462,129.516,129.576,129.605,129.642,129.649,129.653,129.64,129.562,129.561,129.49,129.462,129.416,129.435,129.503,129.488,129.481,129.547,129.49,129.529,129.501,129.526,129.453,129.411,129.458,129.441,129.377,129.342,129.366,129.391,129.4,129.348,129.317,129.256,129.24,129.205,129.259,129.102,129.039,128.951,128.955,128.918,128.89,128.88,128.853,128.793,128.865,128.819,128.877,128.877,128.901,128.932,128.91,129.013,129.025,129.039,129.224,129.31,129.452,129.423,129.536,129.468,129.391,129.314,129.29,129.195,129.072,128.903,128.865,128.748,128.766,128.734,128.789,128.73,128.573,128.497,128.34,128.219,128.133,128.09,128.084,127.955,127.915,127.892,127.799,127.941,127.975,127.866,127.913,127.794,127.797,127.773,127.762,127.832,127.712,127.678,127.698,127.682,127.738,127.701,127.542,127.528,127.335,127.272,127.495,127.41,127.28,127.164,127.14,127.255,127.384,127.596,127.609,127.348,127.439,127.45,127.422,127.433,127.351,127.018,126.661,126.622,126.622,126.472,126.346,126.206,126.133,126.055,126.19,126.498,126.515,126.381,126.535,126.724,126.952,126.998,126.949,126.821,126.656,126.558,126.71,126.689,126.706,126.731,126.733,126.958,126.634,126.606,126.514,126.322,126.227,125.614,125.129,124.945,124.698,125.115,124.954,124.809,124.332,123.844,123.933,124.293,123.907,123.571,123.093,123.082,122.836,123.36,123.387,123.257,122.921,123.257,123.41,123.217,123.041,123.144,122.459,122.242,121.849,121.638,121.273,120.973,121.144,121.015,120.785,121.002,121.079,120.801,120.574,120.43,120.358,120.019,119.886,119.732,119.056,118.873,119.085,118.804,118.964,118.94,118.705,118.444,118.724,118.898,119.343,119.499,119.661,119.704,119.579,119.404,119.571,119.129,119.493,118.7,118.743,119.189,119.164,119.048,119.193,118.886,118.52,118.309,118.153,117.887,117.35,116.658,116.396,116.742,117.021,117.566,117.287,117.357,117.577,117.67,117.756,118.361,118.289,118.768,118.783,119.513,120.083,120.522,121.215,121.843,122.224,122.894,122.518,122.685,122.616,122.992,123.34,122.769,123.025,122.892,122.476,122.282,122.414,122.287,122.421,122.619,123.504,123.564,123.522,123.825,124.493,124.385,124.81,124.535,124.396,123.953,124.134,124.499,124.659,124.392,124.813,124.392,124.137,123.979,123.716,124.022,124.019,124.21,124.625,124.67,125.357,125.47,125.508,125.686,125.592,125.602,125.845,125.894,126.795,127.071,128.257,128.637,129.222,129.541,129.968,129.503,129.994,129.735,129.552,129.376,129.907,129.812,129.537,129.203,128.946,128.927,128.809,129.038,128.862,128.236,128.673,128.982,129.443,130.794,130.94,130.791,130.841,130.544,130.753,130.421,130.276,129.992,129.187,129.192,129.104,128.938,129.222,129.049,129.039,128.844,128.659,128.732,128.488,128.13,128.367,128.28,128.093,128.066,128.155,128.179,127.84,127.502,127.574,126.884,127.196,127.326,127.554,127.782,128.155,128.73,129.134,129.306,129.564,129.313,129.706,129.721,129.26,129.051,128.843,128.552,128.813,128.84,22.8099,28.4536,193.043,-16440,
F_TT12/156_F_Faint_0.50_SI1,104.084,8.11114,-69.3465,125.655,110.938,103.71,467.638,348.261,0.220416,1.70181,69.8193,-83.3287,3904.99, ,75,-117.742,-60.1124,-54.9587,83.3411,84.0956,84.0183,84.3445,83.8587,84.2868,83.8062,83.7624,83.6748,83.9042,83.2995,83.5896,83.7739,83.7552,83.8846,84.8712,84.8389,84.9661,85.0121,84.8883,83.992,83.3681,83.424,83.2402,82.0434,81.9683,82.2687,81.9043,82.5726,83.4107,83.9975,84.2222,84.592,85.6559,86.1511,85.9841,85.7118,85.2969,85.0176,84.7918,85.1378,84.5564,85.0253,84.2267,84.3242,85.1515,84.4874,84.5558,84.3698,84.3492,84.1993,83.3146,83.8435,83.7338,83.2802,84.0225,84.3168,84.8146,84.3928,84.079,83.9329,83.8192,83.712,83.6095,83.3957,82.8821,81.5963,81.9281,82.2595,82.5948,82.9522,82.8006,83.1998,83.5657,83.8703,85.3072,85.1734,85.5146,85.5306,84.9837,85.3361,85.4891,85.1433,85.4697,84.9236,84.9674,84.493,84.0293,84.3187,84.0098,83.675,83.8242,83.4408,83.7164,83.4272,84.1685,84.3571,84.1362,84.4268,85.0055,84.6413,84.8418,84.5229,84.7615,84.2828,84.259,84.2644,84.0296,83.563,84.5923,84.1424,83.9822,83.9517,84.2366,84.5176,84.3139,84.526,84.2679,83.9626,83.8552,84.0749,83.8529,83.9296,83.5011,83.9586,84.0629,84.184,83.774,83.7027,83.7295,84.0043,83.3817,83.4158,83.3653,83.4119,83.2798,83.2852,83.4396,83.4177,83.3624,83.4556,83.6799,83.5309,83.2716,83.5182,83.6875,83.2606,82.573,82.8802,82.9246,82.669,82.8364,82.8884,82.924,82.8636,83.1709,83.717,83.3336,83.3531,83.5887,83.3336,83.2159,83.1524,82.8747,82.9312,82.8833,83.0423,83.1551,83.1517,83.3509,83.0469,83.0508,83.0802,83.3335,83.3166,83.2291,83.1392,83.091,83.0242,83.3492,83.4978,83.5217,83.3123,83.2258,83.2224,83.3621,83.3931,83.4526,83.3957,83.3279,83.4573,83.6296,83.6354,83.5927,83.7745,83.9283,84.1498,84.4133,84.7408,85.0502,85.1853,85.3957,85.5368,85.559,85.4822,85.4291,85.2115,85.0097,84.7847,84.627,84.4425,84.2591,84.0843,83.9141,83.7258,83.5602,83.3591,83.1544,82.9054,82.6469,82.3719,82.1045,81.827,81.545,81.2772,81.0435,80.8107,80.6099,80.4438,80.2876,80.089,79.9156,79.7501,79.5655,79.3901,79.2873,79.2028,79.1298,79.11,79.1837,79.2891,79.3781,79.5129,79.5973,79.6119,79.5603,79.5201,79.5845,79.5993,79.7817,80.0702,80.3272,80.7482,81.1591,81.7322,82.1264,82.5229,82.9014,82.9857,83.3255,83.9266,84.5883,85.4,86.5276,88.0754,89.9535,91.865,94.2093,96.8393,99.9131,104.089,110.769,119.706,128.19,134.777,141.132,147.327,153.226,159.062,163.758,166.025,166.329,168.473,173.285,180.53,189.499,200.651,212.217,225.53,238.553,249.647,258.22,265.058,270.581,273.15,274.242,273.383,271.217,269.654,270.35,273.948,279.504,284.859,291.547,296.11,300.479,303.372,305.385,305.598,303.466,301.338,298.77,296.186,294.18,293.618,294.248,295.523,296.462,298.681,301.194,303.117,305.094,306.11,305.692,305.052,302.748,300.89,298.358,294.989,291.64,287.956,285.57,284.183,283.107,282.014,281.175,279.922,278.164,276.981,276.028,274.114,271.653,268.569,265.906,262.705,259.952,257.574,254.838,251.608,248.669,246.088,242.976,239.962,237.283,235.158,232.856,230.887,228.238,225.899,223.544,221.533,219.329,217.08,214.278,211.522,208.803,206.506,204.078,201.545,199.191,196.763,194.76,192.088,189.935,187.79,185.301,182.977,180.658,178.536,176.509,173.82,171.749,169.458,166.987,165.059,163.36,161.695,159.961,158.23,156.738,155.301,153.919,152.633,151.551,150.002,148.394,146.917,145.761,144.459,143.089,141.476,140.079,138.561,137.513,136.491,135.362,133.934,133.188,132.192,131.494,130.627,129.638,128.468,127.568,126.624,125.915,124.653,124.095,122.887,122.135,121.459,120.96,120.176,119.659,119.043,118.996,118.577,118.439,117.751,117.181,116.497,115.903,115.508,114.847,114.045,113.468,113.217,112.92,112.687,112.572,112.23,112.016,112.005,111.595,111.008,110.583,110.348,109.983,109.503,109.349,108.891,108.389,108.105,108.302,108.043,107.846,107.903,107.878,107.596,107.477,107.423,107.468,107.121,106.79,106.584,106.386,106.547,106.568,106.52,106.352,106.3,106.335,106.235,106.189,105.801,105.394,105.29,104.917,104.864,104.807,104.569,104.647,104.815,104.985,104.962,104.821,104.991,105.101,104.92,105.09,105.23,104.939,104.752,104.721,104.904,104.742,104.77,104.762,104.515,104.403,104.421,104.657,104.5,104.179,104.246,104.115,104.284,104.061,104.094,103.956,103.844,103.81,103.968,103.789,103.884,103.864,103.971,103.934,104.03,103.914,104.072,104.072,104.309,104.069,103.989,104.281,104.265,104.318,104.41,104.41,104.772,104.707,104.988,104.808,104.63,104.283,104.389,104.304,104.304,103.811,103.914,103.385,103.338,103.676,104.095,104.349,104.69,104.739,104.794,104.757,105.557,105.985,105.517,105.529,105.444,104.947,105.325,105.886,106.153,105.701,105.641,105.755,105.717,105.861,106.323,105.806,105.979,105.861,105.905,105.653,105.666,105.582,105.458,105.961,106.254,106.277,106.492,106.826,107.58,108.249,108.472,108.508,108.258,108.258,107.835,107.932,108.379,108.189,107.77,108.599,108.986,109.124,109.095,109.699,109.177,108.762,108.377,108.89,108.254,107.812,107.259,107.397,107.642,107.661,107.625,107.773,107.718,108.229,108.763,109.365,109.313,108.742,109.244,109.684,110.096,110.545,110.22,109.809,109.917,110.487,110.626,109.929,109.732,109.817,109.436,109.053,108.821,108.455,108.289,108.516,109.411,109.046,108.808,108.598,109.188,109.955,110.589,110.199,109.948,110.533,111.724,111.861,112.01,112.363,111.711,112.326,113.103,113.043,111.772,111.285,111.82,111.877,110.996,111.507,109.89,109.528,110.035,110.511,110.291,110.004,110.34,110.59,110.82,111.377,111.039,110.896,111.43,110.729,111.603,111.805,112.224,112.478,112.282,113.126,113.424,113.339,114.653,114.126,115.071,116.277,114.978,116.202,115.721,115.26,115.468,115.56,116.212,115.047,114.104,115.758,114.416,115.441,116.039,116.751,117.935,117.083,117.61,117.934,117.71,118.318,117.817,117.976,117.743,115.462,115.766,115.44,115.448,113.802,115.919,117.851,119.372,118.039,120.483,122.673,123.814,124.604,126.351,124.783,123.393,122.309,123.016,121.747,120.866,119.236,120.513,122.72,121.486,121.847,121.666,124.09,124.771,123.83,124.226,123.251,123.179,125.937,125.692,126.793,123.931,123.866,125.244,126.46,124.008,124.429,124.187,126.424,128.903,131.165,132.837,128.493,130.569,130.534,132.32,134.021,129.408,126.388,126.518,122.34,126.102,123.851,126.863,125.559,124.311,127.003,127.751,129.304,134.143,134.821,133.247,131.327,131.381,131.879,131.075,131.701,126.605,124.121,121.416,124.414,125.023,121.437,121.809,125.746,123.669,130.908,134.011,134.542,134.357,140.429,141.871,140.372,135.25,134.122,129.474,131.238,125.895,126.796,124.748,127.399,127.542,130.174,125.029,127.648,123.655,128.173,125.862,118.342,110.741,110.657,108.246,116.92,115.318,120.877,124.301,122.08,129.479,137.44,140.953,141.684,138.784,136.635,132.078,132.17,137.494,131.709,130.319,129.169,131.034,129.835,131.034,131.443,125.353,119.712,123.541,121.529,119.567,118.624,121.156,119.652,117.291,116.59,111.544,108.621,106.116,103.036,101.947,103.843,103.773,103.691,108.406,117.894,111.953,115.38,116.723,118.774,113.997,111.786,114.593,114.656,110.64,121.052,114.289,115.741,110.967,107.059,108.932,104.739,101.74,100.746,96.1813,97.5136,94.0038,94.9308,97.1655,96.1054,94.4481,95.8156,97.1928,97.2545,96.6687,100.077,99.1684,99.1759,100.989,104.375,102.747,102.764,102.128,103.564,100.638,100.909,102.25,95.7883,94.4755,95.6796,96.7283,99.5555,102.417,105.671,105.419,104.291,110.181,111.855,109.747,109.313,105.004,102.559,100.937,98.9909,95.3732,94.1648,89.5255,87.1239,86.1886,86.562,87.1718,86.1784,86.9198,89.9537,88.2508,89.1167,90.685,89.6463,87.7966,86.8971,87.1693,86.9127,87.2846,88.3216,88.3127,87.7781,88.4441,90.4676,90.7961,90.2472,89.3733,88.8743,88.6235,90.2501,90.2827,89.4374,88.5799,87.51,86.8962,88.9769,88.1273,87.2173,86.5065,85.8921,86.8796,86.6458,85.8768,86.3966,85.7213,84.5214,86.2842,85.1483,84.8734,83.6689,83.7007,85.0109,84.8415,83.5556,85.5047,84.8141,85.9505,85.2912,86.661,86.4564,86.694,86.3218,85.7902,85.3574,83.693,82.9629,84.3735,83.5146,83.0472,82.6446,83.5625,84.2763,83.7428,85.4694,85.2484,83.4165,82.5117,84.4556,84.343,83.0947,84.1127,83.6712,83.2731,83.2258,83.8005,84.0272,83.4457,83.8327,85.2559,84.9314,85.2422,85.4702,86.7362,86.8397,86.1913,85.8131,86.7486,85.8798,85.5049,85.2498,85.2188,84.5696,84.318,86.605,86.252,84.2243,84.3793,84.408,85.4851,85.2753,84.0002,85.0097,84.5272,85.3326,85.8965,86.184,86.5014,85.6099,85.7342,86.4494,86.7382,86.7314,86.9101,86.7693,86.7103,86.1327,85.6448,86.2996,84.8993,31.8182,-15.7718,34.6473,
W_Calibration,100,0,0,95.0422,100,108.876,565.016,99.9909,1.74827e-05,0.00127928,0,0,6504.1, ,100,100,100,100,100,100,100,100,100,100,100,100,100,100,100,100,100,100,100,100,100,100,100,100,100,100,100,100,100,100,100,100,100,100,100,100,100,100,100,100,100,100,100,100,100,100,100,100,100,100,100,100,100,100,100,100,100,100,100,100,100,100,100,100,100,100,100,100,100,100,100,100,100,100,100,100,100,100,100,100,100,100,100,100,100,100,100,100,100,100,100,100,100,100,100,100,100,100,100,100,100,100,100,100,100,100,100,100,100,100,100,100,100,100,100,100,100,100,100,100,100,100,100,100,100,100,100,100,100,100,100,100,100,100,100,100,100,100,100,100,100,100,100,100,100,100,100,100,100,100,100,100,100,100,100,100,100,100,100,100,100,100,100,100,100,100,100,100,100,100,100,100,100,100,100,100,100,100,100,100,100,100,100,100,100,100,100,100,100,100,100,100,100,100,100,100,100,100,100,100,100,100,100,100,100,100,100,100,100,100,100,100,100,100,100,100,100,100,100,100,100,100,100,100,100,100,100,100,100,100,100,100,100,100,100,100,100,100,100,100,100,100,100,100,100,100,100,100,100,100,100,100,100,100,100,100,100,100,100,100,100,100,100,100,100,100,100,100,100,100,100,100,100,100,100,100,100,100,100,100,100,100,100,100,100,100,100,100,100,100,100,100,100,100,100,100,100,100,100,100,100,100,100,100,100,100,100,100,100,100,100,100,100,100,100,100,100,100,100,100,100,100,100,100,100,100,100,100,100,100,100,100,100,100,100,100,100,100,100,100,100,100,100,100,100,100,100,100,100,100,100,100,100,100,100,100,100,100,100,100,100,100,100,100,100,100,100,100,100,100,100,100,100,100,100,100,100,100,100,100,100,100,100,100,100,100,100,100,100,100,100,100,100,100,100,100,100,100,100,100,100,100,100,100,100,100,100,100,100,100,100,100,100,100,100,100,100,100,100,100,100,100,100,100,100,100,100,100,100,100,100,100,100,100,100,100,100,100,100,100,100,100,100,100,100,100,100,100,100,100,100,100,100,100,100,100,100,100,100,100,100,100,100,100,100,100,100,100,100,100,100,100,100,100,100,100,100,100,100,100,100,100,100,100,100,100,100,100,100,100,100,100,100,100,100,100,100,100,100,100,100,100,100,100,100,100,100,100,100,100,100,100,100,100,100,100,100,100,100,100,100,100,100,100,100,100,100,100,100,100,100,100,100,100,100,100,100,100,100,100,100,100,100,100,100,100,100,100,100,100,100,100,100,100,100,100,100,100,100,100,100,100,100,100,100,100,100,100,100,100,100,100,100,100,100,100,100,100,100,100,100,100,100,100,100,100,100,100,100,100,100,100,100,100,100,100,100,100,100,100,100,100,100,100,100,100,100,100,100,100,100,100,100,100,100,100,100,100,100,100,100,100,100,100,100,100,100,100,100,100,100,100,100,100,100,100,100,100,100,100,100,100,100,100,100,100,100,100,100,100,100,100,100,100,100,100,100,100,100,100,100,100,100,100,100,100,100,100,100,100,100,100,100,100,100,100,100,100,100,100,100,100,100,100,100,100,100,100,100,100,100,100,100,100,100,100,100,100,100,100,100,100,100,100,100,100,100,100,100,100,100,100,100,100,100,100,100,100,100,100,100,100,100,100,100,100,100,100,100,100,100,100,100,100,100,100,100,100,100,100,100,100,100,100,100,100,100,100,100,100,100,100,100,100,100,100,100,100,100,100,100,100,100,100,100,100,100,100,100,100,100,100,100,100,100,100,100,100,100,100,100,100,100,100,100,100,100,100,100,100,100,100,100,100,100,100,100,100,100,100,100,100,100,100,100,100,100,100,100,100,100,100,100,100,100,100,100,100,100,100,100,100,100,100,100,100,100,100,100,100,100,100,100,100,100,100,100,100,100,100,100,100,100,100,100,100,100,100,100,100,100,100,100,100,100,100,100,100,100,100,100,100,100,100,100,100,100,100,100,100,100,100,100,100,100,100,100,100,100,100,100,100,100,100,100,100,100,100,100,100,100,100,100,100,100,100,100,100,100,100,100,100,100,100,100,100,100,100,100,100,100,100,100,100,100,100,100,100,100,100,100,100,100,100,100,100,100,100,100,100,100,100,100,100,100,100,100,100,100,100,100,100,100,100,100,100,100,100,100,100,100,100,100,100,100,100,100,100,100,100,100,100,100,100,100,100,100,100,100,100,100,100,100,100,100,100,100,100,100,100,100,100,100,100,100,100,100,100,100,100,100,100,100,100,100,100,100,100,100,100,100,100,100,100,100,100,100,100,100,100,100,100,100,100,100,100,100,100,100,100,100,100,100,100,100,100,100,100,100,100,100,100,100,100,100,100,100,100,100,100,100,100,100,100,
F_Calibration,100,0,0,108.104,100,39.2965,491.07,99.9909,0.000170256,0.00127928,0,0,3000.62, ,100,100,100,100,100,100,100,100,100,100,100,100,100,100,100,100,100,100,100,100,100,100,100,100,100,100,100,100,100,100,100,100,100,100,100,100,100,100,100,100,100,100,100,100,100,100,100,100,100,100,100,100,100,100,100,100,100,100,100,100,100,100,100,100,100,100,100,100,100,100,100,100,100,100,100,100,100,100,100,100,100,100,100,100,100,100,100,100,100,100,100,100,100,100,100,100,100,100,100,100,100,100,100,100,100,100,100,100,100,100,100,100,100,100,100,100,100,100,100,100,100,100,100,100,100,100,100,100,100,100,100,100,100,100,100,100,100,100,100,100,100,100,100,100,100,100,100,100,100,100,100,100,100,100,100,100,100,100,100,100,100,100,100,100,100,100,100,100,100,100,100,100,100,100,100,100,100,100,100,100,100,100,100,100,100,100,100,100,100,100,100,100,100,100,100,100,100,100,100,100,100,100,100,100,100,100,100,100,100,100,100,100,100,100,100,100,100,100,100,100,100,100,100,100,100,100,100,100,100,100,100,100,100,100,100,100,100,100,100,100,100,100,100,100,100,100,100,100,100,100,100,100,100,100,100,100,100,100,100,100,100,100,100,100,100,100,100,100,100,100,100,100,100,100,100,100,100,100,100,100,100,100,100,100,100,100,100,100,100,100,100,100,100,100,100,100,100,100,100,100,100,100,100,100,100,100,100,100,100,100,100,100,100,100,100,100,100,100,100,100,100,100,100,100,100,100,100,100,100,100,100,100,100,100,100,100,100,100,100,100,100,100,100,100,100,100,100,100,100,100,100,100,100,100,100,100,100,100,100,100,100,100,100,100,100,100,100,100,100,100,100,100,100,100,100,100,100,100,100,100,100,100,100,100,100,100,100,100,100,100,100,100,100,100,100,100,100,100,100,100,100,100,100,100,100,100,100,100,100,100,100,100,100,100,100,100,100,100,100,100,100,100,100,100,100,100,100,100,100,100,100,100,100,100,100,100,100,100,100,100,100,100,100,100,100,100,100,100,100,100,100,100,100,100,100,100,100,100,100,100,100,100,100,100,100,100,100,100,100,100,100,100,100,100,100,100,100,100,100,100,100,100,100,100,100,100,100,100,100,100,100,100,100,100,100,100,100,100,100,100,100,100,100,100,100,100,100,100,100,100,100,100,100,100,100,100,100,100,100,100,100,100,100,100,100,100,100,100,100,100,100,100,100,100,100,100,100,100,100,100,100,100,100,100,100,100,100,100,100,100,100,100,100,100,100,100,100,100,100,100,100,100,100,100,100,100,100,100,100,100,100,100,100,100,100,100,100,100,100,100,100,100,100,100,100,100,100,100,100,100,100,100,100,100,100,100,100,100,100,100,100,100,100,100,100,100,100,100,100,100,100,100,100,100,100,100,100,100,100,100,100,100,100,100,100,100,100,100,100,100,100,100,100,100,100,100,100,100,100,100,100,100,100,100,100,100,100,100,100,100,100,100,100,100,100,100,100,100,100,100,100,100,100,100,100,100,100,100,100,100,100,100,100,100,100,100,100,100,100,100,100,100,100,100,100,100,100,100,100,100,100,100,100,100,100,100,100,100,100,100,100,100,100,100,100,100,100,100,100,100,100,100,100,100,100,100,100,100,100,100,100,100,100,100,100,100,100,100,100,100,100,100,100,100,100,100,100,100,100,100,100,100,100,100,100,100,100,100,100,100,100,100,100,100,100,100,100,100,100,100,100,100,100,100,100,100,100,100,100,100,100,100,100,100,100,100,100,100,100,100,100,100,100,100,100,100,100,100,100,100,100,100,100,100,100,100,100,100,100,100,100,100,100,100,100,100,100,100,100,100,100,100,100,100,100,100,100,100,100,100,100,100,100,100,100,100,100,100,100,100,100,100,100,100,100,100,100,100,100,100,100,100,100,100,100,100,100,100,100,100,100,100,100,100,100,100,100,100,100,100,100,100,100,100,100,100,100,100,100,100,100,100,100,100,100,100,100,100,100,100,100,100,100,100,100,100,100,100,100,100,100,100,100,100,100,100,100,100,100,100,100,100,100,100,100,100,100,100,100,100,100,100,100,100,100,100,100,100,100,100,100,100,100,100,100,100,100,100,100,100,100,100,100,100,100,100,100,100,100,100,100,100,100,100,100,100,100,100,100,100,100,100,100,100,100,100,100,100,100,100,100,100,100,100,100,100,100,100,100,100,100,100,100,100,100,100,100,100,100,100,100,100,100,100,100,100,100,100,100,100,100,100,100,100,100,100,100,100,100,100,100,100,100,100,100,100,100,100,100,100,100,100,100,100,100,100,100,100,100,100,100,100,100,100,100,100,100,100,100,100,100,100,100,100,100,100,100,100,100,100,100,100,100,100,
W_3498A2/30_H_None_0.502_VVS2,100.439,-0.713519,1.678,95.7171,101.141,107.379,569.441,93.8329,0.0148472,0.324234,1.8234,113.036,6379.87, ,100,19566.7,86.9919,104.482,97.8938,98.0363,97.4039,97.6726,97.5123,97.0172,97.2712,96.9843,97.4185,97.8098,97.3151,96.7901,96.5575,97.3349,97.9311,97.7526,98.024,97.7338,98.0089,98.0638,98.4495,98.8138,98.3969,97.7717,97.3066,96.7192,96.9945,97.3008,97.3077,97.0587,96.7544,96.9395,97.4044,98.041,98.6324,98.5954,98.5387,98.7696,99.0169,98.786,98.7052,98.5384,98.6367,98.4568,98.1453,97.6319,97.6234,98.3819,98.3672,98.378,98.4304,97.6155,97.2037,97.1838,97.378,97.6231,97.0297,96.7742,96.7969,96.4896,97.0979,97.5722,97.0789,96.905,97.0284,97.2886,97.424,97.5108,98.0335,97.3236,96.9819,97.8508,97.9231,98.003,97.7823,97.9414,97.2924,97.1515,97.9897,98.2047,98.0402,98.048,97.3937,97.4895,97.556,97.6269,97.1954,96.5915,96.6834,96.3485,96.8849,97.0436,97.1645,97.0053,97.0351,97.6661,98.1124,98.0362,98.3992,98.07,97.9479,98.0669,98.2678,98.5435,98.4821,98.4593,98.3772,98.3715,98.261,98.4995,98.0095,97.9113,97.6365,97.6148,97.223,97.5829,97.6722,97.6412,97.7182,98.145,98.3253,98.72,98.6116,98.7296,98.4922,98.467,98.7155,98.6778,98.3512,98.1985,98.2547,98.1354,98.2762,98.218,97.9772,97.6499,97.7764,98.2666,98.6752,98.1523,98.5416,98.506,98.4732,98.4276,98.6129,98.5912,98.2279,97.9868,98.3308,98.3872,98.6904,98.9513,99.0053,98.8414,98.923,98.8912,99.3411,99.3595,98.9965,99.1883,98.8011,99.1435,99.5956,99.7586,99.8712,99.2084,99.3073,99.2004,98.6796,98.7072,98.3014,97.8612,97.8682,97.8524,97.8817,97.8707,97.8112,97.8543,97.8178,97.9153,97.5118,97.11,97.4767,97.4099,97.2663,97.1024,96.8211,96.8785,96.9186,97.1858,97.1563,96.3893,96.469,95.951,95.7909,95.6617,95.4561,95.3785,95.4258,95.3015,95.4512,95.2583,95.4047,95.5431,95.513,95.3469,94.9788,94.8747,94.4541,94.3125,93.9138,93.6539,93.3051,93.3806,93.3107,93.4147,93.0951,93.1037,92.941,92.995,92.7402,92.7029,92.348,92.1966,91.9833,91.7537,91.6547,91.5502,91.237,91.1055,90.7947,90.5223,90.1853,89.6016,89.2494,88.6604,88.1651,87.811,87.385,86.8193,86.271,85.8477,85.3345,84.7567,84.2198,83.6145,83.2836,82.9731,82.7202,82.741,82.8104,82.9224,82.9665,83.0181,82.9503,82.8002,82.695,82.6209,82.6481,82.7979,83.1094,83.5516,84.118,84.7194,85.3519,85.9794,86.6471,87.3033,87.9386,88.4765,88.7812,88.7103,88.3809,88.244,88.4601,88.8413,89.3076,89.7857,90.3602,91.1575,92.3033,93.678,94.7739,95.3782,95.7517,96.0241,96.2851,96.5171,96.7588,96.9645,97.1546,97.2732,97.4268,97.6051,97.7519,97.8789,97.9527,98.0401,98.1071,98.1633,98.2,98.2587,98.2683,98.3216,98.3678,98.4211,98.453,98.514,98.57,98.6116,98.6477,98.7093,98.7454,98.7754,98.793,98.8108,98.7697,98.7416,98.7139,98.7116,98.6985,98.6824,98.7081,98.7265,98.7625,98.8015,98.8566,98.9335,98.9893,99.0396,99.0921,99.1127,99.1714,99.1752,99.243,99.2675,99.2966,99.2796,99.3127,99.3357,99.3681,99.3797,99.434,99.4475,99.5032,99.5329,99.6022,99.6266,99.6407,99.6739,99.6607,99.6371,99.5995,99.5579,99.529,99.5253,99.5565,99.6011,99.6452,99.7597,99.84,99.9597,100.076,100.201,100.285,100.361,100.427,100.477,100.497,100.598,100.642,100.69,100.723,100.753,100.769,100.808,100.84,100.886,100.871,100.902,100.905,100.907,100.932,100.966,100.987,101.002,101.007,101.031,101.032,101.051,101.067,101.089,101.074,101.085,101.095,101.113,101.094,101.1,101.116,101.12,101.109,101.113,101.108,101.105,101.092,101.112,101.135,101.149,101.154,101.158,101.186,101.178,101.176,101.171,101.186,101.162,101.155,101.166,101.17,101.169,101.183,101.188,101.187,101.178,101.199,101.194,101.185,101.188,101.172,101.174,101.187,101.203,101.202,101.18,101.17,101.184,101.191,101.202,101.201,101.199,101.213,101.219,101.24,101.236,101.224,101.214,101.2,101.197,101.186,101.181,101.181,101.168,101.184,101.181,101.193,101.213,101.215,101.223,101.222,101.227,101.232,101.245,101.245,101.24,101.241,101.247,101.26,101.251,101.241,101.23,101.239,101.252,101.246,101.237,101.217,101.195,101.201,101.202,101.232,101.211,101.202,101.224,101.252,101.274,101.289,101.288,101.296,101.268,101.27,101.262,101.258,101.255,101.262,101.249,101.234,101.241,101.261,101.269,101.279,101.263,101.266,101.252,101.252,101.26,101.266,101.268,101.256,101.257,101.263,101.276,101.274,101.281,101.274,101.264,101.27,101.26,101.266,101.272,101.248,101.262,101.261,101.275,101.278,101.265,101.284,101.275,101.287,101.282,101.27,101.298,101.302,101.327,101.346,101.351,101.364,101.344,101.341,101.336,101.311,101.315,101.306,101.294,101.294,101.291,101.28,101.283,101.313,101.322,101.328,101.307,101.312,101.303,101.325,101.346,101.371,101.363,101.364,101.35,101.365,101.355,101.385,101.375,101.368,101.358,101.35,101.353,101.34,101.323,101.334,101.323,101.316,101.333,101.325,101.356,101.357,101.367,101.391,101.397,101.401,101.421,101.425,101.454,101.439,101.436,101.443,101.442,101.436,101.434,101.431,101.444,101.438,101.428,101.444,101.45,101.448,101.464,101.477,101.497,101.467,101.458,101.47,101.473,101.492,101.508,101.503,101.504,101.488,101.503,101.506,101.522,101.522,101.523,101.553,101.55,101.55,101.562,101.572,101.589,101.585,101.591,101.582,101.546,101.54,101.524,101.51,101.515,101.509,101.491,101.512,101.523,101.54,101.572,101.629,101.596,101.608,101.646,101.675,101.661,101.647,101.637,101.635,101.6,101.673,101.657,101.604,101.611,101.608,101.646,101.655,101.646,101.651,101.619,101.652,101.688,101.696,101.698,101.719,101.743,101.776,101.78,101.803,101.806,101.815,101.806,101.804,101.816,101.797,101.794,101.819,101.823,101.804,101.785,101.79,101.806,101.758,101.775,101.794,101.769,101.788,101.808,101.802,101.807,101.81,101.881,101.904,101.85,101.843,101.841,101.88,101.884,101.858,101.858,101.801,101.772,101.816,101.829,101.822,101.811,101.815,101.844,101.869,101.883,101.873,101.885,101.932,101.934,101.905,101.936,101.968,101.955,101.972,101.989,101.946,101.888,101.933,101.963,101.964,101.968,101.986,101.977,101.945,101.924,101.892,101.832,101.798,101.751,101.765,101.714,101.705,101.767,101.859,101.93,101.983,102.012,102.109,102.081,102.17,102.148,102.105,102.074,102.077,102.131,102.094,102.068,102.092,102.07,102.205,102.252,102.279,102.341,102.2,102.25,102.245,102.3,102.247,102.106,102.168,102.151,102.151,102.219,102.197,102.276,102.148,102.312,102.378,102.211,102.102,102.028,102.095,102.172,102.037,102.153,102.069,102.2,102.368,102.449,102.582,102.524,102.542,102.745,102.725,102.652,102.604,102.466,102.449,102.281,102.122,102.064,101.807,101.874,101.85,101.85,101.927,101.928,102.042,102.176,102.193,102.195,102.13,102.142,102.039,102.057,102.204,102.07,102.085,101.997,102.178,102.143,102.259,102.247,102.123,102.078,102.133,102.188,102.309,102.275,102.303,102.362,102.37,102.626,102.281,102.348,102.407,102.376,102.288,102.204,102.184,102.246,102.266,102.595,102.709,102.661,102.345,102.498,102.617,102.404,102.234,102.153,102.115,101.712,101.645,102.087,101.829,101.576,101.574,101.553,101.493,101.599,101.781,101.673,101.501,101.888,102.212,102.297,102.748,102.887,102.612,102.722,102.941,103.215,102.705,102.636,102.708,102.115,102.31,102.155,101.731,101.622,101.205,101.518,101.721,102.026,101.968,101.953,102.389,102.761,102.604,102.917,102.964,102.956,102.596,102.827,102.437,102.515,102.668,102.564,102.298,101.87,101.797,101.832,101.905,101.653,101.326,101.107,101.739,102.098,102.503,102.648,102.483,102.507,102.811,102.823,102.968,102.337,101.609,101.295,100.594,100.253,100.028,100.136,100.072,100.138,100.347,100.514,100.748,101.364,101.677,102.013,102.113,102.026,101.765,101.998,102.085,102.17,102.234,102.236,101.97,101.82,101.94,101.677,101.692,101.987,101.56,100.944,101.274,101.147,101.228,101.419,101.43,100.962,100.587,100.645,100.841,100.307,100.734,100.583,100.558,100.938,101.215,101.627,101.834,102.074,102.643,102.406,102.924,102.656,102.9,103.079,102.932,102.642,102.063,101.969,102.017,101.398,101.718,101.363,101.178,101.152,101.409,101.577,101.469,101.529,101.642,101.492,101.343,100.992,101.247,101.69,101.895,101.984,101.95,102.111,102.048,102.369,102.546,102.49,102.31,102.43,102.556,102.508,102.205,102.638,102.352,102.439,102.244,102.154,101.872,101.771,101.663,101.882,101.47,101.505,101.488,101.773,101.698,101.989,102.081,102.202,102.294,102.474,102.57,102.818,102.235,102.522,102.455,102.365,102.43,101.931,101.744,102.023,101.752,101.977,101.986,101.916,101.701,101.507,101.503,101.682,101.248,101.197,101.364,101.03,101.062,101.081,100.979,101.569,330.894,210.734,523.932,-142.735,
F_3498A2/30_H_None_0.502_VVS2,99.8272,0.937593,1.22316,108.229,99.5538,38.4067,591.936,94.6164,0.0173954,-2.25922,1.54117,52.5285,2957.75, ,-66.6667,48.3051,-48.3471,124.79,81.7369,82.7534,82.0408,82.0595,82.3792,82.2646,83.1784,83.1089,83.2272,83.21,82.1767,82.6092,82.401,82.1876,82.3399,81.4808,81.2793,81.1082,81.2793,82.3541,82.9711,82.6966,82.5414,82.5871,82.5814,83.1465,83.4671,83.1653,83.1055,82.1175,83.0609,82.9432,83.1389,82.612,82.4658,82.7686,82.8553,82.9724,83.3844,83.1707,82.9441,82.843,83.4043,83.1389,82.9681,82.7556,82.3291,82.7764,82.1347,82.8537,82.648,82.7148,82.9917,82.5501,82.9159,83.2979,82.9016,82.7658,82.5495,82.4206,81.6704,81.2928,81.828,81.7888,81.8253,81.7373,82.3287,82.0825,82.1624,82.8805,83.3183,82.5945,82.7093,82.0391,82.2962,81.9743,82.0855,82.1926,82.4092,82.5117,82.5673,82.4036,82.9307,83.0139,83.0912,83.0144,82.7438,82.3315,82.6952,83.0694,83.3734,83.2419,82.2791,82.1383,82.3078,82.4172,82.5013,81.5087,81.1927,81.4334,80.9277,81.9516,81.9494,81.8249,82.0321,82.0713,82.6812,82.5521,82.0751,82.2888,81.961,82.5415,82.5794,82.4757,82.8429,82.2076,81.9471,81.7562,81.8294,81.4935,81.1243,81.8502,82.2955,82.255,83.0442,83.1335,83.7881,84.569,84.7065,84.5852,84.2947,84.4123,84.3075,83.4679,83.2577,83.0648,82.7174,82.7124,82.8051,82.4932,81.9871,82.0285,82.7233,83.1073,83.0507,82.7531,82.7525,82.8565,82.7103,82.948,82.6544,82.4596,82.3069,82.1426,82.0873,82.2021,82.1347,82.2841,82.0383,81.9918,81.9551,82.1386,82.176,82.059,81.8749,81.9301,81.9242,82.0059,82.1493,82.1147,82.0653,82.2637,82.462,82.5377,82.6067,82.5308,82.6229,82.6055,82.6126,82.4537,82.4138,82.5582,82.5864,82.325,82.2639,82.2762,82.2748,82.2573,82.3807,82.5986,82.554,82.6418,82.8468,82.9315,83.1321,83.3114,83.5406,83.8384,83.9582,84.22,84.3546,84.3867,84.4694,84.4385,84.3568,84.2459,84.132,83.9497,83.7721,83.6327,83.4838,83.3375,83.2103,83.0763,82.9556,82.8053,82.6579,82.4772,82.2689,82.0692,81.866,81.6359,81.4041,81.1669,80.9495,80.7398,80.5764,80.424,80.2666,80.1146,79.9659,79.8557,79.6806,79.5167,79.41,79.3142,79.2587,79.2685,79.2507,79.3392,79.4183,79.5669,79.6972,79.774,79.7869,79.8109,79.7949,79.8337,79.8576,79.8964,80.0988,80.3626,80.5268,80.8024,81.1601,81.4038,81.5993,81.7943,81.8693,81.9513,81.8593,82.1687,82.687,83.0494,83.6219,84.2817,85.0307,85.4916,86.1396,86.7626,86.9343,86.7787,86.7214,86.8213,87.0834,86.9892,87.5004,87.681,88.3377,89.1239,89.9925,90.9174,91.4627,92.0878,92.7397,93.2639,93.7794,94.046,94.5573,94.9109,95.5959,95.9559,96.2253,96.6411,96.7783,96.9799,97.1363,96.7654,96.8128,96.8783,97.1792,97.5704,97.4691,97.9661,98.114,98.4931,98.7653,98.8108,98.7995,98.7932,98.7447,98.7565,98.5826,98.5139,98.1755,98.4407,98.6231,98.5422,98.7849,98.6429,98.8347,98.9975,99.077,99.4366,99.2792,99.2373,99.5041,99.3108,99.5514,99.7654,99.7154,99.6028,99.3521,99.2409,99.254,99.0301,98.8011,98.5492,98.1474,97.8798,98.1958,98.1885,98.3564,98.2952,98.6205,99.0007,98.7769,98.5366,98.7685,98.3954,98.332,98.1535,97.9972,97.4311,96.9427,96.9436,97.1039,96.9048,97.0017,96.8889,96.8947,97.0699,97.1741,97.3967,97.5267,97.5464,97.6361,97.6115,97.6541,97.6004,97.4342,97.5015,97.4558,97.5824,97.572,97.6227,97.7578,97.7635,97.914,98.0513,98.013,97.8722,97.8311,97.9669,98.0272,97.8288,97.6148,97.5762,97.5308,97.496,97.65,97.6101,97.4969,97.342,97.5041,97.93,97.8992,97.7927,98.0551,97.9468,97.9098,98.0015,98.3556,98.4878,98.2193,98.2682,98.3719,98.3265,98.5621,98.6317,98.6971,98.3751,98.3257,98.4867,98.3677,98.4385,98.2923,98.1513,97.9832,97.814,97.8641,97.4809,97.3616,97.4077,97.5201,97.6482,97.722,97.7907,97.9075,98.009,98.2693,98.3672,98.4444,98.4589,98.4876,98.4861,98.6923,98.9544,98.9389,98.9232,98.9665,98.9712,98.9234,98.9906,99.1046,98.9544,98.7029,98.7887,98.6555,98.5556,98.8632,98.8571,98.6354,98.4312,98.7195,98.6378,98.8072,99.077,99.3241,99.2234,99.363,99.4825,99.6735,99.5405,99.6169,99.3723,99.586,99.2997,99.2677,99.028,98.9559,98.8223,98.6552,98.916,98.8164,98.5682,98.54,98.7143,98.9016,98.9896,99.3189,99.4109,99.2606,99.4947,99.5038,100.068,99.7602,99.6383,99.8776,99.5809,99.6943,99.8096,99.7821,100.019,99.979,100.14,100.42,100.3,100.483,100.563,100.258,100.331,99.9989,99.8203,99.5964,99.3404,99.4233,99.4127,99.1301,99.515,99.4885,99.6575,99.7615,100.169,100.359,100.07,100.175,100.451,100.571,100.47,100.852,100.76,100.382,100.395,100.494,100.324,100.399,100.295,100.408,100.035,100.11,100.489,100.236,100.403,100.71,100.798,100.807,100.926,100.877,100.587,100.459,100.752,100.979,100.826,100.859,100.936,101.337,101.792,102.245,102.25,102.4,102.233,102.388,102.522,102.728,102.285,102.26,102.345,102.448,102.594,102.86,102.652,102.788,102.434,102.681,102.413,102.36,102.427,102.253,102.226,102.323,102.219,102.65,102.209,102.03,102.629,102.696,102.988,102.78,102.986,102.53,102.382,102.682,102.968,102.504,102.736,102.505,102.422,102.295,102.622,102.619,102.801,102.873,102.811,102.264,102.31,102.536,102.925,103.183,103.132,102.626,102.77,102.564,102.834,102.907,103.214,103.268,103.37,103.62,103.617,103.423,103.447,103.58,104.217,103.885,103.568,103.439,103.382,104.619,104.74,104.911,105.29,104.718,105.188,105.192,104.891,105.591,105.01,105.133,104.772,104.853,104.972,104.159,104.554,104.508,104.151,104.146,104.544,105.378,104.792,105.107,105.225,105.96,106.289,105.478,104.948,104.313,105.224,106.045,105.386,107.194,106.467,106.919,108.043,109.412,109.793,109.032,108.036,108.621,108.123,108.028,108.489,107.993,108.045,108.851,107.995,108.515,107.563,107.96,108.786,108.624,108.13,108.441,107.493,107.857,107.667,107.25,106.174,106.681,106.508,107.044,106.143,108.268,108.197,107.759,107.856,108.83,107.861,107.367,107.933,108.507,106.736,107.789,108.926,111.711,112.396,111.814,112.383,112.187,112.353,112.866,111.523,110.884,109.447,107.107,107.41,107.058,106.34,106.674,106.455,107.035,108.25,108.901,109.714,109.379,109.041,111.484,109.347,110.063,111.081,109.683,108.835,108.946,107.556,108.435,108.172,109.982,109.843,108.818,111.146,112.502,114.834,116.204,115.367,114.05,112.63,111.934,111.825,111.795,108.793,105.971,108.091,108.386,107.963,108.871,109.102,109.899,108.775,111.042,112.319,113.123,114.976,115.949,116.805,114.397,114.294,113.784,112.232,110.599,107.548,105.04,103.091,104.053,106.586,111.81,112.535,114.48,113.692,113.926,111.398,115.398,112.131,110.378,103.249,104.684,104.598,104.259,105.019,110.475,109.472,110.867,112.583,111.563,108.111,107.081,113.871,109.468,111.974,113.88,113.714,113.368,113.502,114.242,115.441,109.777,110.367,104.328,99.1689,103.169,101.58,101.16,100.352,103.119,103.261,107.247,113.313,117.879,110.662,112.615,111.059,114.174,111.205,109.116,111.508,106.83,104.434,109.695,107.336,107.737,108.101,112.333,113.839,107.015,108.58,111.059,105.475,111.343,110.784,108.772,99.1624,99.9404,97.9938,97.537,97.0661,100.798,94.9312,98.1613,104.028,108.432,102.615,104.961,102.178,104.047,99.5142,103.992,107.776,102.651,107.959,107.959,109.666,107.74,99.9355,104.288,103.723,102.007,107.179,108.213,110.119,110.076,115.21,111.018,108.821,106.971,105.785,95.5116,93.4405,95.0123,95.2647,97.7112,102.658,102.288,101.422,101.444,103.693,98.4782,96.6812,94.6972,90.731,87.6381,84.1494,81.7269,81.0189,85.6991,87.7541,87.8387,90.0384,89.7839,94.647,97.9683,97.7135,98.3208,91.1765,93.2146,89.547,89.0021,88.2842,88.0702,89.3527,90.3354,91.2464,95.086,89.737,91.2829,91.7236,92.2128,91.2936,89.1236,89.2615,86.808,85.5324,86.565,85.4929,84.2888,82.5127,81.3725,81.2777,81.55,82.7485,81.9559,82.8175,84.3015,83.6472,82.6741,83.9828,83.7592,84.5111,82.6418,83.9333,85.2194,85.8802,84.9604,87.1103,86.3446,86.9375,86.2527,86.5267,87.2583,86.1394,84.5437,83.9175,83.1715,81.7518,81.3419,81.2407,81.8889,80.8737,81.3692,81.6186,83.3484,84.3024,85.7574,86.2242,85.355,85.0282,85.8794,85.9404,85.4359,85.6033,84.6671,83.4837,82.6191,82.7069,82.9778,81.9435,81.6727,82.1474,82.3503,83.1968,84.112,83.8802,83.7313,83.4127,83.2973,81.2603,81.1931,80.6815,80.8055,81.8518,82.7387,82.1826,82.9969,82.9629,84.6189,83.5459,82.6402,82.776,81.414,80.9925,82.6314,81.4023,80.9418,80.9374,82.2406,84.1382,83.1009,83.1654,83.4502,83.5232,83.0741,83.2094,83.8734,83.6758,82.4569,83.1318,82.5941,82.8544,82.5459,83.9235,84.8362,84.1146,83.2995,83.3456,83.8941,85.0512,85.1809,84.2021,85.4974,85.112,85.0746,85.6163,86.3798,85.2122,84.8643,83.3766,83.4074,82.7849,82.7398,82.1372,82.1869,81.7992,81.2426,82.101,83.1204,83.2692,81.4377,81.205,51.6393,-155.085,391.935,2.45902,
W_3498A2/75_G_None_0.503_VS2,100.346,-0.717044,1.78953,95.4844,100.898,106.939,569.851,93.0986,0.0159272,0.271999,1.92784,111.835,6369.01, ,-0,-2416.67,233.74,53.9216,95.4772,96.1671,96.4582,96.2165,96.1995,96.5153,96.4927,96.861,97.0459,97.8868,96.9455,96.472,96.4858,97.3122,97.5652,97.5355,97.2733,97.3959,97.2858,97.8007,98.1383,98.5274,97.5425,96.8529,96.5785,96.2302,96.3924,96.862,97.0781,96.3732,96.2091,96.5769,96.7254,96.7277,97.1623,96.9538,97.0433,96.8834,97.2916,96.8812,97.3117,97.304,97.7567,97.4779,97.5528,96.854,96.7447,97.1919,97.5148,97.1796,97.3636,97.0077,97.2457,97.3257,97.7786,97.8038,97.6039,97.3055,97.188,96.7619,96.9836,96.7478,96.5662,96.5655,96.3169,96.0032,95.7807,95.8943,96.1672,95.709,95.5769,95.8181,95.587,96.0144,96.6341,97.5183,97.2411,97.2749,98.1478,98.397,98.5946,98.8583,98.5237,98.683,98.2005,98.2995,97.9461,97.6496,98.0514,97.1959,97.0319,97.2544,96.7022,96.4531,96.3911,96.8966,96.7966,96.4526,96.4653,96.4244,96.5596,96.7024,96.9214,97.2301,96.8067,96.8215,96.8801,96.9271,96.7933,96.7422,96.5366,96.9947,96.2345,96.2603,96.1759,96.0858,96.4623,96.8059,97.0407,97.1719,96.8816,97.2925,97.2997,97.1044,97.2971,97.3016,97.2291,97.1959,97.137,97.1772,97.4411,97.8747,98.4147,98.3283,98.7961,98.7758,98.5484,99.0641,98.9185,98.447,98.5426,98.2943,97.9715,97.3619,97.4557,97.4247,97.0771,97.2446,97.8994,97.4603,97.7131,98.0653,98.2901,98.0519,97.9295,97.8014,97.7142,97.4287,97.405,97.3366,97.3192,97.3665,97.6992,98.1919,98.1004,98.1153,98.0556,97.9421,97.9618,97.6997,97.528,97.2111,97.0879,97.147,97.0467,97.112,97.0211,96.58,96.4519,96.2268,96.095,95.7859,95.8726,95.6062,95.3534,95.2963,95.1338,95.2524,95.3963,95.2687,94.9338,94.1842,94.4262,94.1808,94.2978,94.1987,93.931,93.7821,93.708,93.962,94.3638,94.1868,94.4903,94.3269,93.9914,93.5383,93.3202,92.8882,92.4801,92.2579,92.0369,91.4616,91.2221,91.784,92.1349,92.0396,92.1443,91.7572,91.7213,91.7211,91.5352,91.2683,90.7651,90.4028,90.1972,89.782,89.7938,89.5973,89.2487,88.9855,88.653,88.1795,87.6635,87.1728,86.8414,86.3578,85.7671,85.1712,84.5594,83.809,83.2388,82.6107,82.0395,81.3268,80.5134,79.8179,79.4091,79.0374,78.8437,78.7813,78.8437,78.9272,79.0406,79.1126,79.1051,78.948,78.7578,78.658,78.6811,78.9276,79.3303,79.9206,80.6404,81.3808,82.1644,83.0009,83.8734,84.7462,85.5284,86.2061,86.5665,86.464,86.0492,85.8519,86.1162,86.5473,87.119,87.7644,88.496,89.4747,90.9224,92.6417,94.0462,94.8098,95.2918,95.6441,95.9467,96.2104,96.4957,96.741,96.9351,97.0527,97.1924,97.3495,97.5028,97.6089,97.6881,97.7789,97.8414,97.9351,97.9923,98.0383,98.0996,98.1071,98.1733,98.2429,98.2725,98.3157,98.3305,98.3605,98.4052,98.4198,98.4757,98.4646,98.4685,98.4719,98.4481,98.4335,98.3895,98.3584,98.3537,98.3342,98.3616,98.3922,98.4395,98.4736,98.542,98.6266,98.6902,98.734,98.7708,98.7989,98.8173,98.8385,98.8966,98.8975,98.9201,98.9258,98.9537,98.9819,99.0259,99.0722,99.1107,99.1348,99.1866,99.2138,99.2545,99.2733,99.2751,99.2623,99.2352,99.1908,99.1247,99.0717,99.0246,99.0035,99.0316,99.0764,99.1514,99.2497,99.3374,99.4845,99.6273,99.8026,99.9243,100.003,100.087,100.161,100.213,100.284,100.316,100.356,100.378,100.423,100.441,100.47,100.481,100.521,100.548,100.568,100.575,100.554,100.548,100.577,100.591,100.608,100.61,100.622,100.659,100.657,100.685,100.714,100.738,100.766,100.769,100.791,100.805,100.808,100.841,100.853,100.861,100.85,100.858,100.872,100.846,100.847,100.847,100.866,100.886,100.903,100.926,100.907,100.901,100.916,100.936,100.932,100.935,100.932,100.928,100.931,100.952,100.953,100.956,100.942,100.952,100.944,100.946,100.927,100.905,100.909,100.911,100.908,100.909,100.909,100.887,100.878,100.9,100.906,100.899,100.917,100.947,100.955,100.959,100.969,100.981,100.981,100.993,101.007,100.994,100.975,100.977,100.974,100.987,100.979,100.95,100.964,100.957,100.977,100.977,100.976,100.971,100.958,100.952,100.978,100.979,100.99,100.978,100.988,100.996,100.994,101.014,101.025,101.029,101.011,101.01,101.012,101.008,101.004,101.018,101.007,101.007,101.019,101.059,101.042,101.027,101.032,101.036,101.013,101.033,101.02,101.015,101.008,101.022,101.028,101.02,101.012,101.051,101.048,101.072,101.071,101.074,101.069,101.084,101.093,101.102,101.097,101.092,101.078,101.065,101.051,101.059,101.042,101.043,101.046,101.047,101.048,101.061,101.092,101.084,101.087,101.1,101.11,101.105,101.109,101.115,101.094,101.093,101.095,101.089,101.103,101.095,101.125,101.129,101.128,101.162,101.159,101.154,101.156,101.147,101.173,101.17,101.159,101.161,101.144,101.131,101.145,101.155,101.172,101.157,101.141,101.152,101.152,101.171,101.182,101.208,101.202,101.184,101.171,101.164,101.153,101.178,101.163,101.166,101.144,101.153,101.154,101.156,101.162,101.177,101.162,101.182,101.179,101.181,101.189,101.198,101.215,101.211,101.216,101.216,101.204,101.198,101.21,101.208,101.219,101.217,101.243,101.239,101.255,101.251,101.279,101.277,101.256,101.256,101.256,101.239,101.235,101.224,101.261,101.238,101.239,101.267,101.265,101.272,101.291,101.306,101.312,101.291,101.295,101.317,101.32,101.341,101.338,101.361,101.344,101.366,101.368,101.406,101.412,101.425,101.404,101.403,101.372,101.381,101.361,101.39,101.358,101.353,101.335,101.367,101.381,101.384,101.413,101.457,101.404,101.419,101.427,101.441,101.438,101.421,101.434,101.401,101.353,101.443,101.453,101.419,101.424,101.424,101.448,101.449,101.478,101.487,101.427,101.443,101.476,101.5,101.506,101.526,101.552,101.561,101.573,101.606,101.59,101.586,101.594,101.582,101.569,101.578,101.615,101.637,101.639,101.655,101.661,101.658,101.663,101.687,101.652,101.614,101.603,101.593,101.576,101.549,101.541,101.556,101.585,101.639,101.633,101.63,101.64,101.653,101.693,101.709,101.68,101.647,101.638,101.69,101.715,101.704,101.742,101.73,101.715,101.783,101.777,101.776,101.758,101.739,101.773,101.72,101.784,101.755,101.737,101.792,101.776,101.763,101.749,101.792,101.898,101.841,101.863,101.845,101.844,101.868,101.818,101.844,101.778,101.699,101.693,101.743,101.695,101.696,101.712,101.779,101.782,101.88,101.934,101.998,102.066,102.172,102.163,102.119,102.157,102.206,102.178,102.138,102.113,102.141,102.111,102.194,102.318,102.335,102.368,102.27,102.309,102.343,102.281,102.246,102.136,102.106,102.031,101.971,102.111,102.142,102.241,102.113,102.251,102.347,102.332,102.269,102.264,102.173,102.109,102.056,102.195,102.2,102.286,102.372,102.51,102.624,102.738,102.821,102.842,102.861,102.799,102.759,102.663,102.562,102.445,102.382,102.406,102.211,102.187,102.222,102.271,102.25,102.342,102.458,102.508,102.429,102.575,102.607,102.693,102.594,102.619,102.639,102.531,102.444,102.396,102.475,102.382,102.319,102.21,102.108,102.218,102.275,102.302,102.429,102.417,102.508,102.64,102.611,102.919,102.73,102.746,102.744,102.728,102.458,102.516,102.36,102.554,102.262,102.211,102.322,102.46,102.249,102.684,102.646,102.621,102.415,102.623,102.897,102.691,102.726,103.025,102.655,102.376,102.36,102.555,102.533,102.373,102.324,102.284,102.422,102.631,102.802,102.786,102.873,102.855,102.869,102.922,102.795,102.976,102.598,102.637,102.834,102.523,102.611,102.27,101.96,102.202,101.556,101.684,101.746,101.647,101.772,101.673,102.005,102.482,102.468,102.563,102.657,102.744,103,102.828,102.683,102.92,102.799,102.667,102.752,102.594,102.64,102.432,102.295,101.967,101.662,101.653,101.64,101.704,102.137,102.188,101.723,102.084,102.467,102.498,102.588,102.316,102.023,101.893,101.547,101.615,101.625,101.632,101.398,101.448,101.819,101.728,101.635,101.933,102.238,102.408,102.511,102.594,102.583,102.34,102.794,102.641,102.465,102.236,101.971,101.661,101.607,101.033,101.393,101.131,101.143,100.806,101.03,101.031,101.078,101.233,101.419,101.033,100.971,101.028,101.352,101.243,101.254,101.149,101.03,101.284,101.687,101.571,101.513,101.636,101.58,101.611,102.369,102.53,102.542,102.225,102.413,102.528,102.248,102.532,102.662,101.912,102.197,102.367,102.521,102.684,102.835,103.114,102.967,102.749,103.11,103.09,102.958,102.599,102.477,102.3,102.404,102.747,102.923,103.016,102.619,102.599,102.515,102.415,102.418,102.292,102.172,102.074,101.627,102.041,101.873,102.222,102.545,102.536,102.191,102.231,102.02,102.37,102.056,101.908,101.599,101.504,101.56,102.07,101.972,102.084,102.176,102.367,102.876,103.211,102.83,102.989,102.717,102.791,102.884,102.596,102.562,102.61,102.607,103.026,102.987,102.791,102.295,102.311,102.238,102.083,101.6,101.331,101.204,100.984,101.127,101.299,101.093,101.316,136.179,176.554,215.812,-143.162,
F_3498A2/75_G_None_0.503_VS2,100.042,1.60373,-4.50527,109.266,100.109,42.0571,575.546,118.607,0.0177667,-2.47101,4.7822,-70.4059,2991.23, ,-50,-52.5424,-23.9669,49.5798,77.469,77.8513,77.5368,77.8502,78.6199,78.1293,78.6426,78.2846,77.9466,77.9112,78.0566,78.4502,77.7215,76.7402,77.0451,76.926,77.7261,78.4788,78.7183,79.1674,80.1217,80.6245,80.6825,81.3391,81.3427,82.0711,81.8194,81.3671,80.9205,79.6712,79.3207,80.0305,79.2117,78.9993,78.223,78.0321,77.4507,77.2507,77.3829,77.5776,77.265,77.4701,77.5187,77.433,77.5093,78.2681,78.06,78.4235,78.2628,78.0716,77.8618,77.5321,77.6343,77.802,77.5112,77.9922,77.5604,77.5544,77.8277,78.264,78.2351,78.2377,78.3718,78.6579,77.9217,78.0386,78.6511,78.2664,78.5716,78.6483,78.6461,78.1433,78.8065,78.9338,78.9957,78.3909,78.3909,78.099,78.1483,78.0895,78.0356,77.3814,78.1412,78.3766,78.6165,79.2024,78.6725,78.2509,78.93,78.9098,79.0922,78.7113,78.6912,78.8294,78.4021,78.787,79.2166,78.1951,78.5219,78.7359,78.9471,78.4969,78.2743,78.3766,78.1752,78.3991,78.4837,78.5965,78.1878,78.2145,78.5735,79.276,79.037,78.9913,79.2011,79.5433,78.6364,78.9539,78.9924,78.843,77.9701,78.676,78.617,78.6504,78.6987,79.287,79.5238,79.7529,79.4598,79.4439,78.9562,79.3654,79.0148,78.9233,78.9945,78.4494,78.3471,78.3277,78.2207,78.6244,78.4034,78.6671,78.7723,78.8492,78.8126,78.8217,78.7752,78.8427,78.6167,78.4722,78.2087,77.8706,77.5886,77.6283,77.4365,77.5472,77.7562,77.5172,77.6504,77.5724,77.7855,78.2186,78.1556,78.2275,78.1739,78.2018,78.4718,78.4143,78.7386,78.7893,78.6313,78.8835,78.8794,78.7153,78.6321,78.671,78.655,78.6365,78.6903,78.6743,78.6452,78.6951,78.8929,78.8681,78.6857,78.881,78.8386,78.6877,78.6907,78.9274,78.9507,78.9114,78.9498,79.0735,79.281,79.5483,79.8459,80.1617,80.4731,80.8359,81.0777,81.3201,81.3861,81.3144,81.2568,81.0968,80.9416,80.7205,80.5052,80.3198,80.1154,79.9374,79.7792,79.5991,79.4334,79.2386,79.0315,78.8035,78.5427,78.2626,77.9859,77.6915,77.3969,77.0937,76.8031,76.5562,76.3308,76.1344,75.9697,75.7858,75.5935,75.4065,75.2441,75.085,74.9223,74.7782,74.7108,74.6964,74.7294,74.8251,74.9774,75.0795,75.2427,75.3392,75.3992,75.3608,75.295,75.2732,75.3206,75.4193,75.7128,76.0506,76.3384,76.743,77.1609,77.6357,77.8362,78.0191,78.1286,78.1946,78.1396,78.407,78.9517,79.4303,80.1034,80.9191,81.7825,82.5638,83.3791,84.3461,84.9026,85.1825,85.816,86.4743,87.1716,87.8169,88.6665,89.3949,90.5205,91.4311,92.7057,93.8569,94.6073,95.7673,96.86,98.0874,99.2975,100.374,101.879,102.883,104.137,105.166,106.055,106.73,106.984,107.16,107.019,106.692,106.491,106.493,106.868,107.265,107.728,108.373,109.094,109.85,110.455,110.996,111.261,111.274,111.01,110.899,110.808,110.436,109.838,109.869,109.893,109.671,110.025,110.345,110.621,110.902,111.052,111.575,111.421,111.426,111.541,111.082,110.788,110.747,110.375,110.101,110.037,109.775,109.717,109.671,109.746,109.688,109.24,108.817,108.905,108.314,108.423,108.121,108.002,107.736,107.486,107.227,107.438,107.053,106.911,106.505,106.193,105.769,105.457,105.046,105.002,104.723,104.637,104.455,104.425,104.316,104.168,103.958,104.015,103.532,103.251,102.921,102.903,102.477,102.415,102.294,102.304,102.13,102.373,102.281,102.432,102.188,102.334,102.113,101.904,101.548,101.459,101.097,100.814,100.404,100.379,100.259,100.359,100.397,100.612,100.492,100.379,100.51,100.781,100.871,100.649,100.646,100.6,100.453,100.334,100.497,100.579,100.362,100.073,100.334,100.14,99.9016,99.9638,99.9278,99.7272,99.6004,99.6939,99.562,99.2805,99.0656,99.0785,99.0308,98.9569,99.0527,98.8849,98.479,98.6463,98.5973,98.7754,99.0635,98.7818,98.6649,98.5427,98.4316,98.5982,98.5322,98.6744,98.8684,98.5981,98.6517,98.9985,99.3168,99.603,99.6681,99.8539,99.622,99.5353,99.7466,99.7713,99.5821,99.1987,99.1331,98.96,98.8513,99.1558,99.0622,98.8363,99.126,99.2961,99.3997,99.5092,99.6583,99.5373,99.2679,99.15,99.28,99.0891,98.6958,98.5983,98.4855,98.5761,98.4611,98.9423,99.0063,98.8207,98.6924,98.9763,99.0782,99.2695,98.9995,99.1034,98.7682,98.9321,99.1638,99.1934,99.4239,99.585,99.3419,99.3747,99.6313,99.8743,99.6456,99.6102,99.5047,99.3712,99.2881,99.2047,99.5821,99.5795,99.461,99.5514,99.4732,99.9102,100.056,99.874,100.353,100.256,100.414,100.302,100.412,100.75,100.674,100.221,100.476,100.173,100.137,99.8469,100.17,100.29,100.134,100.28,100.719,100.859,100.835,101.255,101.336,101.185,101.188,100.939,100.739,100.588,100.531,100.664,100.184,100.363,100.499,100.295,100.712,100.955,100.947,101.107,101.231,101.379,101.508,101.496,101.699,101.821,101.503,101.721,101.932,102.189,102.45,102.212,102.476,102.785,102.367,103.003,103.307,103.374,103.27,103.335,103.828,103.404,103.443,103.925,103.218,103.432,102.957,103.026,102.863,102.67,102.817,102.526,102.61,103.178,102.738,103.463,103.236,102.967,103.187,103.262,103.428,103.037,103.297,103.557,103.297,103.449,104.257,104.099,104.515,104.81,104.963,104.844,104.881,105.244,105.247,104.983,105.073,104.867,104.269,104.822,104.88,104.79,104.069,104,104.364,104.31,104.256,104.401,104.154,104.151,104.267,104.479,104.641,104.777,104.742,104.654,105.937,105.93,105.246,105.25,105.682,106.115,105.693,106.002,106.794,106.143,105.975,106.623,106.796,107.003,106.467,106.985,106.824,106.628,106.213,106.462,106.748,106.734,106.852,106.627,106.477,106.995,106.702,107.449,107.152,107.302,107.183,106.599,106.954,106.656,107.198,107.28,106.867,108.472,108.569,108.718,109.927,111.09,111.038,110.774,110.584,110.666,110.408,110.018,110.846,109.579,109.539,110.608,109.581,109.418,109.511,109.823,111.057,111.511,111.982,111.95,111.456,112.314,113.401,112.829,111.445,110.794,109.633,109.407,108.749,109.547,110.185,109.618,109.27,109.473,110.605,111.478,112.712,115.081,114.104,114.289,115.375,116.58,117.915,116.019,115.899,116.462,115.93,116.806,113.745,113.955,115.077,114.35,116.599,116.912,116.84,115.501,115.669,119.278,118.897,120.128,119.712,119.167,117.491,117.966,117.822,116.761,116.45,115.99,115.913,116.534,115.434,117.486,117.249,117.918,119.886,119.079,120.584,119.359,122.288,121.248,120.412,119.501,120.865,118.528,119.13,120.216,117.127,114.905,115.352,116.288,120.519,119.793,122.636,125.501,125.015,128.296,129.098,133.211,135.479,132.893,137.344,133.678,131.819,130.021,128.626,126.348,123.734,124.414,121.891,120.929,122.811,124.704,126.174,129.557,133.008,132.066,129.114,132.207,131.918,133.452,131.533,131.415,134.233,133.266,138.129,140.277,138.993,138.977,137.259,133.26,132.319,127.27,131.488,126.255,128.652,133.003,134.611,140.276,145.473,145.77,154.497,150.92,147.977,143.478,142.134,145.62,145.548,148.84,156.268,154.43,156.502,163.557,170.143,167.076,157.219,155.531,151.624,144.504,142.046,137.13,143.079,142.156,144.136,151.761,154.854,155.05,159.304,162.471,165.832,159.991,158.716,156.965,147.294,146.472,142.553,141.228,135.45,134.962,132.723,130.036,128.724,136.254,129.203,136.774,140.51,141.568,137.55,137.037,135.474,140.238,131.686,137.889,140.609,137.608,144.402,143.458,142.652,140.882,135.668,138.746,136.18,135.995,137.069,134.754,136.063,138.868,143.7,137.341,137.949,142.201,132.723,128.075,123.853,121.149,122.686,124.935,124.835,123.074,118.84,123.997,122.122,122.002,124.664,118.551,108.232,109.788,107.747,104.634,100.902,104.853,107.507,106.694,110.873,114.617,116.904,116.188,114.071,116.303,113.65,110.266,106.734,106.997,104.669,103.318,104.079,108.524,104.489,104.106,102.191,104.823,103.532,103.289,100.469,98.4188,97.1597,96.6576,93.9844,93.3942,89.9759,90.8058,90.3964,90.615,89.9951,90.3022,89.0944,90.3682,90.6542,91.7012,88.5243,88.9487,90.5482,89.522,88.9315,89.7684,89.954,89.4766,88.586,87.9308,87.5282,86.4953,87.4788,85.1277,84.5521,84.9071,84.6483,85.7972,87.3433,86.0305,84.1066,83.3275,84.7074,85.1331,84.4595,86.6393,87.1108,86.7602,86.3798,88.1643,89.1733,88.41,88.7006,87.74,86.8208,84.4961,84.1387,84.7869,83.909,82.5328,83.4293,82.8922,83.462,82.1798,82.655,82.6641,83.1118,84.2268,83.9952,83.646,82.6337,81.8396,81.2749,81.6972,81.7685,81.7055,80.7825,82.5564,82.0989,82.4123,81.6762,81.0184,80.1734,78.8115,79.4661,78.6774,77.1111,77.2838,76.4862,76.3364,76.4474,76.464,77.4401,77.1497,76.9722,76.903,76.8622,77.3899,77.5097,77.2789,78.1923,78.0428,77.2831,77.1786,77.1576,77.3,77.8224,78.7351,80.4374,79.8101,80.8771,81.4392,82.8524,83.8993,82.8393,83.7466,84.7541,84.718,85.2571,84.9864,84.1912,84.5027,84.3185,84.3475,85.0425,83.1267,82.523,82.9424,82.0915,82.6278,82.2071,81.6696,82.6861,81.0433,82.2356,247.541,150.847,100,149.18,
W_Calibration,100,0,0,95.0422,100,108.876,565.016,99.9909,1.74827e-05,0.00127928,0,0,6504.1, ,100,100,100,100,100,100,100,100,100,100,100,100,100,100,100,100,100,100,100,100,100,100,100,100,100,100,100,100,100,100,100,100,100,100,100,100,100,100,100,100,100,100,100,100,100,100,100,100,100,100,100,100,100,100,100,100,100,100,100,100,100,100,100,100,100,100,100,100,100,100,100,100,100,100,100,100,100,100,100,100,100,100,100,100,100,100,100,100,100,100,100,100,100,100,100,100,100,100,100,100,100,100,100,100,100,100,100,100,100,100,100,100,100,100,100,100,100,100,100,100,100,100,100,100,100,100,100,100,100,100,100,100,100,100,100,100,100,100,100,100,100,100,100,100,100,100,100,100,100,100,100,100,100,100,100,100,100,100,100,100,100,100,100,100,100,100,100,100,100,100,100,100,100,100,100,100,100,100,100,100,100,100,100,100,100,100,100,100,100,100,100,100,100,100,100,100,100,100,100,100,100,100,100,100,100,100,100,100,100,100,100,100,100,100,100,100,100,100,100,100,100,100,100,100,100,100,100,100,100,100,100,100,100,100,100,100,100,100,100,100,100,100,100,100,100,100,100,100,100,100,100,100,100,100,100,100,100,100,100,100,100,100,100,100,100,100,100,100,100,100,100,100,100,100,100,100,100,100,100,100,100,100,100,100,100,100,100,100,100,100,100,100,100,100,100,100,100,100,100,100,100,100,100,100,100,100,100,100,100,100,100,100,100,100,100,100,100,100,100,100,100,100,100,100,100,100,100,100,100,100,100,100,100,100,100,100,100,100,100,100,100,100,100,100,100,100,100,100,100,100,100,100,100,100,100,100,100,100,100,100,100,100,100,100,100,100,100,100,100,100,100,100,100,100,100,100,100,100,100,100,100,100,100,100,100,100,100,100,100,100,100,100,100,100,100,100,100,100,100,100,100,100,100,100,100,100,100,100,100,100,100,100,100,100,100,100,100,100,100,100,100,100,100,100,100,100,100,100,100,100,100,100,100,100,100,100,100,100,100,100,100,100,100,100,100,100,100,100,100,100,100,100,100,100,100,100,100,100,100,100,100,100,100,100,100,100,100,100,100,100,100,100,100,100,100,100,100,100,100,100,100,100,100,100,100,100,100,100,100,100,100,100,100,100,100,100,100,100,100,100,100,100,100,100,100,100,100,100,100,100,100,100,100,100,100,100,100,100,100,100,100,100,100,100,100,100,100,100,100,100,100,100,100,100,100,100,100,100,100,100,100,100,100,100,100,100,100,100,100,100,100,100,100,100,100,100,100,100,100,100,100,100,100,100,100,100,100,100,100,100,100,100,100,100,100,100,100,100,100,100,100,100,100,100,100,100,100,100,100,100,100,100,100,100,100,100,100,100,100,100,100,100,100,100,100,100,100,100,100,100,100,100,100,100,100,100,100,100,100,100,100,100,100,100,100,100,100,100,100,100,100,100,100,100,100,100,100,100,100,100,100,100,100,100,100,100,100,100,100,100,100,100,100,100,100,100,100,100,100,100,100,100,100,100,100,100,100,100,100,100,100,100,100,100,100,100,100,100,100,100,100,100,100,100,100,100,100,100,100,100,100,100,100,100,100,100,100,100,100,100,100,100,100,100,100,100,100,100,100,100,100,100,100,100,100,100,100,100,100,100,100,100,100,100,100,100,100,100,100,100,100,100,100,100,100,100,100,100,100,100,100,100,100,100,100,100,100,100,100,100,100,100,100,100,100,100,100,100,100,100,100,100,100,100,100,100,100,100,100,100,100,100,100,100,100,100,100,100,100,100,100,100,100,100,100,100,100,100,100,100,100,100,100,100,100,100,100,100,100,100,100,100,100,100,100,100,100,100,100,100,100,100,100,100,100,100,100,100,100,100,100,100,100,100,100,100,100,100,100,100,100,100,100,100,100,100,100,100,100,100,100,100,100,100,100,100,100,100,100,100,100,100,100,100,100,100,100,100,100,100,100,100,100,100,100,100,100,100,100,100,100,100,100,100,100,100,100,100,100,100,100,100,100,100,100,100,100,100,100,100,100,100,100,100,100,100,100,100,100,100,100,100,100,100,100,100,100,100,100,100,100,100,100,100,100,100,100,100,100,100,100,100,100,100,100,100,100,100,100,100,100,100,100,100,100,100,100,100,100,100,100,100,100,100,100,100,100,100,100,100,100,100,100,100,100,100,100,100,100,100,100,100,100,100,100,100,100,100,100,100,100,100,100,100,100,100,100,100,100,100,100,100,100,100,100,100,100,100,100,100,100,100,100,100,100,100,100,100,100,100,100,100,100,100,100,100,100,100,100,100,100,100,100,100,100,100,100,100,100,100,100,100,100,100,100,100,100,100,100,100,100,100,100,100,100,100,100,100,100,100,100,100,100,100,
F_Calibration,100,0,0,108.104,100,39.2965,491.07,99.9909,0.000170256,0.00127928,0,0,3000.62, ,100,100,100,100,100,100,100,100,100,100,100,100,100,100,100,100,100,100,100,100,100,100,100,100,100,100,100,100,100,100,100,100,100,100,100,100,100,100,100,100,100,100,100,100,100,100,100,100,100,100,100,100,100,100,100,100,100,100,100,100,100,100,100,100,100,100,100,100,100,100,100,100,100,100,100,100,100,100,100,100,100,100,100,100,100,100,100,100,100,100,100,100,100,100,100,100,100,100,100,100,100,100,100,100,100,100,100,100,100,100,100,100,100,100,100,100,100,100,100,100,100,100,100,100,100,100,100,100,100,100,100,100,100,100,100,100,100,100,100,100,100,100,100,100,100,100,100,100,100,100,100,100,100,100,100,100,100,100,100,100,100,100,100,100,100,100,100,100,100,100,100,100,100,100,100,100,100,100,100,100,100,100,100,100,100,100,100,100,100,100,100,100,100,100,100,100,100,100,100,100,100,100,100,100,100,100,100,100,100,100,100,100,100,100,100,100,100,100,100,100,100,100,100,100,100,100,100,100,100,100,100,100,100,100,100,100,100,100,100,100,100,100,100,100,100,100,100,100,100,100,100,100,100,100,100,100,100,100,100,100,100,100,100,100,100,100,100,100,100,100,100,100,100,100,100,100,100,100,100,100,100,100,100,100,100,100,100,100,100,100,100,100,100,100,100,100,100,100,100,100,100,100,100,100,100,100,100,100,100,100,100,100,100,100,100,100,100,100,100,100,100,100,100,100,100,100,100,100,100,100,100,100,100,100,100,100,100,100,100,100,100,100,100,100,100,100,100,100,100,100,100,100,100,100,100,100,100,100,100,100,100,100,100,100,100,100,100,100,100,100,100,100,100,100,100,100,100,100,100,100,100,100,100,100,100,100,100,100,100,100,100,100,100,100,100,100,100,100,100,100,100,100,100,100,100,100,100,100,100,100,100,100,100,100,100,100,100,100,100,100,100,100,100,100,100,100,100,100,100,100,100,100,100,100,100,100,100,100,100,100,100,100,100,100,100,100,100,100,100,100,100,100,100,100,100,100,100,100,100,100,100,100,100,100,100,100,100,100,100,100,100,100,100,100,100,100,100,100,100,100,100,100,100,100,100,100,100,100,100,100,100,100,100,100,100,100,100,100,100,100,100,100,100,100,100,100,100,100,100,100,100,100,100,100,100,100,100,100,100,100,100,100,100,100,100,100,100,100,100,100,100,100,100,100,100,100,100,100,100,100,100,100,100,100,100,100,100,100,100,100,100,100,100,100,100,100,100,100,100,100,100,100,100,100,100,100,100,100,100,100,100,100,100,100,100,100,100,100,100,100,100,100,100,100,100,100,100,100,100,100,100,100,100,100,100,100,100,100,100,100,100,100,100,100,100,100,100,100,100,100,100,100,100,100,100,100,100,100,100,100,100,100,100,100,100,100,100,100,100,100,100,100,100,100,100,100,100,100,100,100,100,100,100,100,100,100,100,100,100,100,100,100,100,100,100,100,100,100,100,100,100,100,100,100,100,100,100,100,100,100,100,100,100,100,100,100,100,100,100,100,100,100,100,100,100,100,100,100,100,100,100,100,100,100,100,100,100,100,100,100,100,100,100,100,100,100,100,100,100,100,100,100,100,100,100,100,100,100,100,100,100,100,100,100,100,100,100,100,100,100,100,100,100,100,100,100,100,100,100,100,100,100,100,100,100,100,100,100,100,100,100,100,100,100,100,100,100,100,100,100,100,100,100,100,100,100,100,100,100,100,100,100,100,100,100,100,100,100,100,100,100,100,100,100,100,100,100,100,100,100,100,100,100,100,100,100,100,100,100,100,100,100,100,100,100,100,100,100,100,100,100,100,100,100,100,100,100,100,100,100,100,100,100,100,100,100,100,100,100,100,100,100,100,100,100,100,100,100,100,100,100,100,100,100,100,100,100,100,100,100,100,100,100,100,100,100,100,100,100,100,100,100,100,100,100,100,100,100,100,100,100,100,100,100,100,100,100,100,100,100,100,100,100,100,100,100,100,100,100,100,100,100,100,100,100,100,100,100,100,100,100,100,100,100,100,100,100,100,100,100,100,100,100,100,100,100,100,100,100,100,100,100,100,100,100,100,100,100,100,100,100,100,100,100,100,100,100,100,100,100,100,100,100,100,100,100,100,100,100,100,100,100,100,100,100,100,100,100,100,100,100,100,100,100,100,100,100,100,100,100,100,100,100,100,100,100,100,100,100,100,100,100,100,100,100,100,100,100,100,100,100,100,100,100,100,100,100,100,100,100,100,100,100,100,100,100,100,100,100,100,100,100,100,100,100,100,100,100,100,100,100,100,100,100,100,100,100,100,100,100,100,100,100,100,100,100,100,100,100,100,100,100,100,100,
W_1741A2/137_H_None_0.502_VS2,100.914,-0.950017,2.06287,96.757,102.382,108.082,568.827,93.4303,0.0180473,0.522565,2.27111,114.728,6357.66, ,-140,-112.295,-48850,-205.372,97.1624,97.7189,97.8899,97.9908,97.9599,97.3737,97.2697,96.3144,96.8229,96.8268,97.1953,97.148,97.641,98.1423,98.5169,98.3811,98.0811,97.7602,97.8648,97.7476,98.2306,97.7899,97.5024,97.861,98.5656,99.4483,99.0511,99.5687,99.2498,98.9298,99.1858,98.7792,98.1327,97.4086,96.9691,97.5306,97.0729,96.9491,96.8003,96.9961,97.3028,97.5851,98.1727,98.5231,98.6384,98.3531,98.3413,98.4954,98.2114,98.6171,98.5653,98.3065,97.9543,97.2154,97.4536,97.622,97.424,97.898,97.6612,97.5215,97.3095,97.4766,97.5809,97.6283,97.8382,97.9455,97.3045,97.2196,97.761,97.72,98.1279,98.2619,98.1526,97.9293,98.0225,97.9978,97.7428,97.5681,98.0628,97.3775,97.2854,97.3463,96.9589,97.1483,97.5431,97.811,97.5727,97.2006,97.2427,97.572,97.4854,97.9659,97.8172,97.7675,98.1453,98.4093,98.5292,98.5387,98.6694,98.8499,98.5026,98.3154,98.2249,97.5345,96.9283,96.9428,96.9962,96.7676,96.6137,96.6004,96.5271,96.1016,96.5148,96.9201,96.5053,96.9879,96.8823,97.1515,97.0773,97.3043,97.3077,97.454,97.25,97.3215,97.0652,97.1445,96.8494,97.2497,97.1335,97.4209,96.9826,97.0543,97.5123,97.3359,97.1345,97.3025,97.3564,97.0544,97.02,97.1721,97.2817,97.2189,97.2511,97.5959,97.6213,97.3811,98.2146,98.4051,98.1747,98.2961,98.6406,98.8867,99.261,99.1057,99.0707,98.7682,98.8727,99.0553,99.1847,98.9838,98.8878,98.866,98.7869,99.0643,99.1413,98.8986,98.9389,99.3694,99.3219,99.19,98.9487,99.1571,98.7584,98.5004,98.4349,98.5734,97.854,97.7989,97.9181,97.5738,97.2114,97.3164,97.1768,96.8055,96.4684,96.5203,96.1728,95.8228,95.4195,95.4091,95.012,94.7831,95.1306,94.9104,94.5227,94.5861,94.5696,94.494,94.3108,94.5947,94.1543,93.6377,93.4808,93.6151,93.3415,93.3605,93.2052,93.107,92.8166,92.9941,92.6613,92.8186,92.4757,92.4778,92.1327,91.9189,91.6852,91.5363,91.0601,91.0612,90.4772,90.4271,89.9965,89.6554,89.4769,89.2969,88.716,88.3907,87.7823,87.3502,86.8516,86.3771,85.6972,85.0481,84.3717,83.7707,83.0617,82.4422,81.7782,80.931,80.1124,79.3993,78.7869,78.029,77.3457,76.5801,75.9276,75.4718,75.218,75.1597,75.3098,75.4004,75.4576,75.4812,75.4636,75.2804,75.0483,74.8874,74.8747,75.0392,75.4718,76.1855,77.0052,77.8543,78.7686,79.7323,80.7376,81.7423,82.7507,83.5813,83.9807,83.8328,83.3202,83.0739,83.4031,84.0001,84.7816,85.5649,86.5225,87.8279,89.7422,91.968,93.7646,94.7597,95.4642,95.9922,96.472,96.8146,97.1624,97.4224,97.6815,97.9202,98.2094,98.4451,98.6503,98.7902,99.0062,99.1518,99.2886,99.402,99.4711,99.4907,99.511,99.5494,99.6002,99.5924,99.6219,99.6223,99.6513,99.7032,99.7584,99.7838,99.7775,99.7963,99.8294,99.8134,99.7832,99.7473,99.6497,99.603,99.544,99.5315,99.5172,99.5032,99.526,99.5737,99.6216,99.7283,99.7804,99.8532,99.9026,99.9478,100.003,100.021,100.043,100.063,100.078,100.103,100.135,100.152,100.161,100.172,100.254,100.274,100.328,100.361,100.387,100.4,100.393,100.375,100.306,100.189,100.087,99.9457,99.8309,99.8037,99.8067,99.8572,99.9427,100.093,100.268,100.494,100.722,100.973,101.161,101.322,101.465,101.575,101.666,101.765,101.818,101.903,101.931,101.944,101.974,102.024,102.07,102.101,102.123,102.157,102.188,102.216,102.275,102.305,102.33,102.356,102.386,102.392,102.413,102.409,102.429,102.431,102.422,102.418,102.433,102.443,102.472,102.487,102.491,102.479,102.483,102.483,102.489,102.468,102.469,102.434,102.419,102.424,102.437,102.427,102.434,102.438,102.475,102.474,102.491,102.505,102.503,102.512,102.526,102.534,102.524,102.481,102.485,102.494,102.501,102.49,102.462,102.438,102.447,102.435,102.456,102.453,102.458,102.456,102.473,102.497,102.519,102.51,102.547,102.554,102.554,102.551,102.563,102.569,102.561,102.55,102.539,102.521,102.52,102.519,102.52,102.494,102.47,102.475,102.479,102.493,102.475,102.479,102.49,102.488,102.491,102.513,102.506,102.489,102.502,102.512,102.485,102.479,102.458,102.487,102.484,102.489,102.515,102.511,102.511,102.534,102.522,102.542,102.535,102.521,102.535,102.522,102.52,102.513,102.484,102.49,102.493,102.485,102.508,102.486,102.478,102.472,102.493,102.491,102.497,102.483,102.474,102.467,102.46,102.477,102.486,102.466,102.488,102.494,102.507,102.498,102.499,102.52,102.504,102.487,102.483,102.467,102.462,102.47,102.482,102.464,102.477,102.487,102.486,102.495,102.504,102.505,102.502,102.488,102.502,102.478,102.474,102.477,102.484,102.478,102.454,102.449,102.462,102.451,102.47,102.46,102.466,102.459,102.479,102.511,102.48,102.472,102.497,102.485,102.513,102.536,102.548,102.523,102.503,102.529,102.536,102.525,102.532,102.533,102.508,102.506,102.511,102.5,102.483,102.497,102.5,102.498,102.476,102.503,102.492,102.512,102.54,102.558,102.548,102.544,102.553,102.556,102.546,102.558,102.543,102.539,102.553,102.548,102.552,102.534,102.531,102.514,102.519,102.509,102.522,102.52,102.539,102.531,102.516,102.533,102.542,102.556,102.593,102.584,102.587,102.571,102.588,102.606,102.606,102.629,102.602,102.589,102.581,102.563,102.584,102.59,102.605,102.616,102.604,102.61,102.639,102.651,102.661,102.649,102.638,102.642,102.617,102.631,102.651,102.628,102.626,102.662,102.682,102.71,102.711,102.747,102.737,102.73,102.728,102.736,102.717,102.716,102.716,102.711,102.746,102.76,102.736,102.717,102.723,102.721,102.704,102.699,102.725,102.668,102.663,102.705,102.751,102.746,102.771,102.78,102.764,102.749,102.79,102.784,102.76,102.773,102.8,102.77,102.785,102.786,102.817,102.801,102.821,102.867,102.848,102.823,102.824,102.839,102.834,102.8,102.793,102.779,102.759,102.762,102.756,102.744,102.711,102.729,102.74,102.738,102.71,102.719,102.745,102.803,102.802,102.859,102.863,102.884,102.89,102.947,102.961,102.971,102.976,102.968,102.942,102.98,102.989,103.031,103.024,102.998,102.944,102.933,103.004,103.022,103.012,102.966,102.892,102.942,102.967,103.001,103.003,102.943,102.897,102.838,102.917,102.926,102.848,102.852,102.865,102.875,103.003,103.082,103.08,103.024,103.031,103.049,103.02,103.014,102.965,102.883,102.857,102.898,102.891,102.889,102.9,102.856,102.892,102.925,102.981,102.967,103.021,103.044,103.149,103.082,103.212,103.2,103.262,103.181,103.179,103.104,103.187,103.048,103.234,103.19,103.203,103.241,103.247,103.253,103.336,103.301,103.418,103.304,103.347,103.382,103.297,103.323,103.292,103.398,103.417,103.538,103.534,103.512,103.409,103.386,103.462,103.452,103.423,103.267,103.093,103.096,103.18,103.185,103.233,103.198,103.334,103.327,103.406,103.581,103.589,103.583,103.528,103.443,103.277,103.223,103.135,103.305,103.266,103.219,103.186,103.277,103.381,103.54,103.573,103.564,103.166,103.132,103.08,103.123,103.002,102.912,103.138,103.225,103.228,103.612,103.468,103.642,103.598,103.801,103.824,103.642,103.573,103.776,103.5,103.57,103.464,103.275,103.151,103.156,103.157,103.205,103.054,103.425,103.345,103.323,103.714,103.734,103.818,103.552,103.16,103.127,103.11,103.113,103.396,102.993,103.082,102.894,102.983,103.637,103.555,103.338,103.458,103.297,103.458,103.424,103.538,103.624,103.021,103.244,103.283,103.385,103.137,102.906,102.974,102.824,102.725,102.88,102.479,102.451,102.078,102.031,102.47,102.248,102.216,102.565,102.383,102.812,102.843,103.258,103.194,103.056,103.353,103.35,103.086,103.199,102.986,102.693,102.291,102.604,102.554,102.388,102.478,102.281,102.579,103.131,103.533,103.568,103.528,103.216,103.425,103.919,104.022,103.46,103.093,102.996,103.085,102.801,102.823,103.015,102.754,103.066,103.224,103.091,103.081,102.991,102.986,103.607,103.512,103.377,103.267,103.446,103.572,103.285,103.228,103.654,103.212,103.13,103.136,102.821,103.006,102.57,102.952,103.485,103.292,103.284,103.381,103.642,103.505,102.983,103.124,102.473,101.77,101.894,102.173,102.146,102.065,102.189,102.611,102.673,103.52,103.766,103.801,103.842,103.519,103.407,103.627,103.141,103.43,103.27,103.377,103.163,103.18,102.949,102.865,102.807,103.185,102.692,102.562,102.592,102.665,102.345,102.752,103.121,103.138,102.835,103.059,103.089,103.045,103.273,103.427,103.2,103.037,103.027,102.941,103.341,103.596,103.417,103.432,103.508,104.199,104.245,104.475,104.595,104.194,103.937,103.923,103.371,103.2,102.967,103.015,102.632,102.899,102.908,103.061,103.28,103.618,103.655,103.482,103.061,103.056,102.811,102.59,102.716,103.016,102.767,103.109,103.059,103.303,103.726,103.825,104.178,103.949,103.807,104.009,103.772,103.96,103.82,103.657,103.465,103.259,103.365,103.195,103.106,103.097,102.921,103.189,103.128,2.36769,122.973,19.0808,29150,
F_1741A2/137_H_None_0.502_VS2,100.774,2.97637,-14.0265,112.251,102.016,49.0645,577.938,155.336,0.0426489,-2.45917,14.3388,-78.0197,3047.18, ,-100,318.487,95.842,15.9664,73.3345,73.7477,74.3697,75.1399,74.8589,76.1054,76.4828,76.5432,76.6307,76.6519,76.6957,76.685,76.4473,76.925,76.2844,76.1903,75.9024,75.9889,75.289,75.0427,74.7069,74.3506,74.079,74.5114,74.1756,74.4403,74.1116,74.7397,74.6584,74.5804,73.6335,73.4093,72.7437,72.3794,73.0113,72.6812,72.6727,72.7631,73.0513,73.6545,73.816,74.2637,74.6745,73.5823,73.9196,73.913,73.7589,73.8697,73.9442,73.4386,73.6043,74.0302,74.0456,73.445,74.1517,74.7428,74.8107,75.2924,75.7409,75.5846,75.2156,75.4233,76.1985,75.6168,75.1274,74.326,73.5242,73.5095,73.49,73.3495,73.1388,72.8362,72.9281,73.1298,73.7112,74.1338,74.1366,74.1592,74.064,74.4061,74.4271,74.3326,73.9819,74.2201,74.1804,74.4945,74.3605,74.2392,73.9259,74.1273,74.3924,75.1088,74.0641,73.9446,73.7576,73.9351,74.474,75.1077,75.0807,75.0739,74.5811,75.0005,75.4202,75.6125,75.6041,75.7528,75.6872,76.0126,76.0391,76.5386,76.4317,76.5244,76.7894,76.5212,76.204,75.7774,75.4247,75.4182,75.7315,76.6037,76.3156,75.4656,75.5893,75.5792,75.8955,75.3718,75.3885,74.7135,74.0444,74.0593,74.4351,74.4287,74.6808,74.5398,74.7763,74.8253,75.0003,75.6455,75.7369,75.6255,75.963,76.1315,76.2602,76.5269,76.4811,76.3917,76.1755,76.026,76.0581,75.7829,75.3574,75.1173,74.9306,74.8877,74.9106,75.0384,74.9754,75.0283,75.1234,75.2615,75.3801,75.3461,75.26,75.1385,75.15,75.1852,75.3128,75.1685,75.1619,75.2134,75.2136,75.3947,75.5876,75.4113,75.5658,75.3211,75.2341,75.2821,75.206,75.2842,75.34,75.1842,75.1737,75.112,75.3313,75.4776,75.5752,75.6099,75.7113,75.6143,75.6775,75.7437,75.7788,75.8721,75.9936,76.2655,76.6036,76.9154,77.3232,77.7622,78.126,78.4376,78.5927,78.6696,78.6471,78.479,78.2823,77.9685,77.6215,77.3025,76.9911,76.7262,76.4372,76.1709,75.8823,75.5809,75.2822,74.9704,74.6268,74.266,73.8696,73.4902,73.0742,72.7162,72.3719,72.0701,71.7663,71.5127,71.2924,71.0626,70.8389,70.6415,70.3785,70.1731,69.9453,69.8166,69.6962,69.6234,69.6799,69.7751,69.9289,70.2004,70.3144,70.4038,70.4205,70.4227,70.3051,70.2946,70.4359,70.5814,70.8305,71.1272,71.5388,72.0717,72.6065,73.1819,73.5707,73.717,74.0304,73.9798,74.1082,74.3469,74.907,75.508,76.7115,77.7889,78.8192,79.8679,81.2373,82.4436,83.4938,84.6573,85.8752,87.0577,88.8409,90.637,92.0608,93.725,95.4126,97.424,98.956,100.987,102.467,103.94,105.971,107.806,110.011,112.495,114.84,117.575,119.726,121.486,122.76,123.693,124.71,125.29,125.289,124.904,125.098,125.649,126.638,127.84,129.064,130.532,131.5,132.272,132.913,133.186,132.872,132.759,132.226,131.557,131.003,130.578,130.358,130.439,130.387,130.354,130.473,130.847,131.3,131.32,131.466,131.466,131.472,131.014,130.937,130.291,129.826,129.107,128.635,128.524,128.446,128.34,128.769,128.403,128.283,127.87,127.589,127.173,126.599,126.052,125.373,124.601,124.317,123.828,123.333,123.08,123.042,122.296,121.828,121.026,120.419,119.584,119.219,118.783,117.893,117.415,117.237,117.099,117.019,116.778,116.65,116.361,116.012,115.607,115.119,114.605,113.991,113.778,113.473,113.092,112.763,112.677,112.488,112.343,112.034,111.772,111.067,110.656,110.328,109.739,109.189,108.982,108.246,107.934,107.363,107.249,106.882,106.655,106.467,106.07,105.912,105.976,105.923,106.005,105.858,105.62,105.554,105.347,105.202,105.075,104.735,104.426,104.195,103.776,103.394,103.124,103.024,102.946,102.769,102.639,102.478,102.422,102.353,102.164,101.82,101.576,101.474,101.22,100.908,100.718,100.608,100.642,101.064,101.285,101.52,101.394,101.406,101.681,101.877,101.813,101.714,101.555,101.376,101.011,101.112,100.987,100.799,100.645,100.571,100.836,100.87,100.888,101.08,100.801,100.819,101.072,100.983,101.035,100.74,100.554,100.556,100.495,100.76,100.802,100.433,100.456,100.366,100.329,100.374,100.381,100.376,100.406,100.373,100.453,100.51,100.535,100.707,100.72,100.656,100.642,100.501,100.632,100.845,100.663,100.561,100.41,100.289,100.248,100.19,100.179,100.174,100.083,100.307,100.196,100.329,100.438,100.798,100.869,100.992,101.098,101.086,100.961,101.002,100.728,101.005,100.74,100.633,100.582,100.816,100.809,101.011,101.278,101.671,101.385,101.255,101.423,101.728,101.537,101.658,101.44,101.43,101.564,101.476,101.889,101.98,101.843,101.765,101.865,102.033,102.212,102.068,102.133,102.098,101.961,102.081,102.482,102.134,102.555,102.781,102.665,103.026,103.053,103.41,103.604,103.227,103.734,103.55,103.137,103.277,103.45,103.316,103.233,102.786,103.09,103.09,102.891,103.53,103.794,103.822,103.963,103.833,104.114,103.806,104.034,104.357,103.839,104.105,103.471,103.641,104.155,104.338,104.636,104.749,104.859,105.152,105.196,106.042,105.812,105.985,105.846,106.347,106.068,106.163,106.144,105.568,105.743,106.544,106.509,107.129,106.865,107.133,106.671,106.716,107.342,106.938,106.339,106.379,106.346,106.69,106.762,107.228,107.164,107.396,107.66,108.387,108.606,108.681,107.79,107.803,108.047,108.129,107.153,107.075,106.797,106.4,106.334,106.835,106.832,107.343,107.888,109.036,109.806,109.936,110.653,110.783,110.593,110.472,110.066,109.821,109.587,108.449,108.453,107.769,107.454,107.599,106.93,106.564,106.596,106.72,107.515,107.764,108.399,108.488,109.604,110.42,111.818,111.975,112.112,111.467,112.057,111.455,112.129,111.634,111.955,110.996,112.015,112.127,112.552,112.11,112.386,112.73,112.708,113.061,113.749,112.763,112.552,112.678,112.267,113.827,113.282,113.93,112.766,112.086,111.387,111.279,112.279,112.616,111.413,111.672,111.755,112.168,112.322,112.817,112.647,112.297,112.098,111.643,112.236,111.521,112.83,113.077,114.15,114.784,115.351,116.97,117.283,116.017,116.432,115.099,115.875,117.084,116.943,116.666,116.089,117.329,117.944,118.278,120.296,120.241,118.834,118.563,117.69,117.8,118.973,119.376,118.255,116.795,115.856,116.062,117.039,117.775,116.326,114.587,113.747,112.766,113.26,113.781,113.085,113.873,115.568,114.935,116.689,119.378,125.035,126.228,125.076,125.867,126.377,127.626,130.239,127.562,124.997,121.29,122.408,123.479,122.999,121.616,118.99,120.846,123.986,125.794,124.668,122.792,122.44,125.194,124.313,126.927,126.95,124.644,122.599,124.193,122.252,122.185,118.439,118.542,117.004,115.121,112.262,112.277,111.849,113.86,117.88,124.281,127.448,127.453,128.949,132.022,136.103,134.44,132.801,130.202,123.377,120.141,118.764,123.22,123.173,122.268,124.531,129.105,134.695,139.42,136.158,142.821,138.976,141.714,142.365,141.448,138.898,135.378,132.593,139.881,137.128,136.338,131.242,127.345,127.887,131.729,127.693,132.013,131.894,133.388,131.142,138.968,136.264,136.299,137.341,140.356,135.365,139.7,140.109,140.426,140.196,147.701,146.19,143.881,140.219,146.858,140.557,135.118,134.967,132.829,130.776,137.942,136.451,134.818,131.58,132.809,133.251,130.248,129.316,129.907,124.398,128.079,125.69,121.479,120.186,119.33,123.462,122.148,118.994,112.893,105.96,111.086,114.818,110.781,111.883,106.535,109.925,112.497,114.205,114.151,111.535,110.968,113.822,110.697,113.101,109.42,103.57,107.194,103.035,104.855,101.95,101.495,101.845,104.138,102.491,104.425,104.411,107.233,103.365,104.44,102.173,101.144,100.811,99.5224,97.9105,94.6442,96.8129,98.5487,97.9818,96.6568,98.8749,98.1671,98.4954,97.8193,96.9163,95.2319,95.4698,97.369,96.6184,92.1287,90.1852,88.0178,91.0821,89.7488,86.727,85.769,83.8024,82.9158,86.7082,85.1918,88.4125,87.502,89.8763,92.6664,95.195,95.195,96.3079,93.9315,93.442,90.1668,88.8008,86.1032,83.9643,84.3141,85.0752,84.7353,84.4164,86.0865,89.0541,88.9494,90.0757,89.2663,85.3861,83.6569,84.2584,83.9135,83.335,82.1628,80.596,80.2141,80.6166,80.8515,81.1988,81.2142,81.9127,81.3405,79.9429,80.884,81.6546,81.825,81.1652,81.9412,81.2155,80.1037,78.9403,80.2368,80.1665,79.7726,79.8177,80.6205,79.4103,78.6337,80.0545,80.42,77.9723,78.6964,78.4807,76.8547,76.5875,76.3835,77.3455,75.5174,75.7919,78.3814,76.9675,76.1426,77.9618,78.1298,77.5292,77.0288,77.74,78.5145,77.9875,78.9251,79.0158,78.1109,76.8213,78.1643,77.0369,76.4988,75.2977,74.8785,75.0019,75.0266,75.1983,78.0395,77.9167,78.2943,77.3008,77.7954,78.252,78.1236,77.9303,76.9784,76.415,76.4315,77.4761,78.2723,78.0402,76.6469,75.3884,75.1391,76.0548,74.7769,74.6185,74.5941,74.7524,74.4193,74.0708,74.9563,75.2273,73.6741,74.3409,74.7087,74.3067,74.2784,75.2963,76.8451,76.7468,77.8149,78.2964,78.9464,76.9565,76.421,76.6196,75.5297,75.4621,76.0108,75.3448,75.8445,75.0893,77.3365,77.7714,12.0095,140.428,170.686,217.647,
W_3495A2/210_J_Faint_0.501_SI2,99.0092,-1.28518,3.22959,91.9089,97.4593,101.009,569.858,83.2065,0.0291102,0.494848,3.47591,111.7,6263.74, ,-140,259.836,-20150,-116.942,90.8297,91.3105,90.9806,91.1452,90.9599,90.6851,90.9504,90.2071,90.194,90.3049,90.4708,91.2438,91.289,91.8876,91.7437,91.8508,90.9069,90.7609,91.1327,91.4036,90.9329,90.907,90.5571,91.0772,91.2573,91.9839,92.2919,92.22,91.801,92.1078,92.0854,91.765,90.7712,90.4499,90.5719,90.5062,90.6419,90.3381,89.8086,89.6189,90.1071,90.7161,90.8363,91.3585,91.4263,91.1644,91.2995,91.6081,91.6172,91.2063,91.4577,91.5274,90.6425,90.0954,90.1807,90.5942,90.4728,90.8086,90.5139,90.2284,90.1513,90.8149,90.9039,90.9386,90.32,90.38,90.0767,90.8251,90.9577,90.8308,90.964,91.1045,91.101,91.113,91.5229,91.819,91.7031,91.5432,91.941,91.0225,91.0267,91.0747,91.0796,90.5628,90.9045,90.6787,90.5799,90.0469,90.3926,90.6206,90.582,90.8148,90.8388,90.4026,90.7701,91.0445,90.7689,90.9688,91.2249,90.9695,90.9566,90.7496,90.6975,90.248,89.95,90.2494,90.3963,89.9933,90.2347,90.1346,90.1746,90.3724,90.7411,90.8308,90.8155,90.8483,91.0861,90.9438,91.0475,91.7566,91.32,91.5511,91.484,91.5039,91.4442,91.2663,91.4019,91.3755,90.9591,91.2156,90.9328,91.1751,91.4856,90.9757,90.6872,90.9103,90.7557,90.7894,90.7667,90.7465,90.8381,90.9283,91.3036,91.3764,91.014,90.94,91.2006,91.3059,91.4681,91.5161,91.1752,91.2616,91.4497,91.9958,92.1935,91.9601,91.9383,91.808,91.8456,91.7569,91.8697,92.0697,91.74,92.0312,92.1538,91.9896,91.8924,91.9269,92.276,91.9834,91.6754,91.6299,91.3158,91.1973,91.2473,91.3587,90.8758,90.8589,90.9293,90.5527,90.2526,89.936,89.7063,89.4,88.9566,89.365,88.9657,88.8266,88.899,88.9103,88.6005,88.133,87.9073,87.8612,87.1683,86.9052,86.6535,86.4107,86.1172,86.4484,86.2044,85.6445,85.1686,84.9727,84.6176,84.5346,84.0673,83.8447,83.4098,83.2106,82.8685,82.7813,82.5932,82.5239,82.1646,82.1664,81.8268,81.4717,81.1466,80.9574,80.6089,80.4335,80.0247,79.4146,79.0925,78.8014,78.3649,77.8759,77.6501,77.0307,76.4754,75.7928,75.1089,74.1814,73.3318,72.5876,71.7572,70.8192,70.0472,69.0282,67.9835,67.0735,66.1053,65.1062,64.0887,63.1935,62.3086,61.6276,61.1903,61.0552,61.0048,61.0098,60.9927,60.9599,60.8112,60.5963,60.2564,60.0399,59.9683,60.1985,60.6784,61.4678,62.43,63.4309,64.4697,65.612,66.8076,68.026,69.2179,70.2561,70.7986,70.6723,70.1336,69.9655,70.4599,71.2985,72.3309,73.4563,74.7726,76.5546,79.0366,81.9418,84.2918,85.7638,86.8259,87.6856,88.407,89.0223,89.5608,90.0485,90.4395,90.8046,91.1701,91.5002,91.7759,92.0441,92.3074,92.5319,92.6919,92.8554,92.98,93.0317,93.1009,93.1727,93.2307,93.2477,93.2863,93.3128,93.3528,93.4173,93.4994,93.5442,93.573,93.583,93.6289,93.6098,93.5803,93.5236,93.4281,93.3478,93.2496,93.1915,93.1615,93.1223,93.151,93.199,93.2772,93.3663,93.4433,93.5635,93.6615,93.7288,93.7875,93.8356,93.8715,93.8829,93.8997,93.949,93.9617,93.9895,94.0486,94.113,94.1884,94.2465,94.318,94.3901,94.4271,94.447,94.4404,94.3587,94.2476,94.0711,93.8997,93.722,93.5901,93.5319,93.5343,93.589,93.7573,93.9756,94.2344,94.5354,94.8785,95.1751,95.4266,95.6554,95.8464,95.9817,96.0888,96.2336,96.3405,96.4332,96.4915,96.5591,96.6247,96.6998,96.7435,96.7937,96.8284,96.8571,96.8485,96.9068,96.9282,96.932,96.9383,96.9789,97.0355,97.0446,97.08,97.1333,97.1541,97.1894,97.2085,97.2192,97.2333,97.2437,97.2691,97.2885,97.3001,97.3154,97.3251,97.3369,97.3435,97.3478,97.3335,97.3087,97.3108,97.2991,97.2916,97.2901,97.3057,97.3267,97.3498,97.3851,97.422,97.418,97.4034,97.4215,97.4386,97.4473,97.4681,97.4473,97.4252,97.4451,97.4661,97.4984,97.4995,97.483,97.5023,97.4862,97.5212,97.5411,97.5481,97.5429,97.5589,97.5613,97.5783,97.5746,97.5896,97.5926,97.6117,97.612,97.6307,97.6428,97.6667,97.6847,97.6911,97.7008,97.6943,97.6905,97.6862,97.682,97.6602,97.6486,97.6516,97.6587,97.6558,97.6495,97.6551,97.6526,97.649,97.6784,97.6541,97.6239,97.6285,97.6328,97.6387,97.6512,97.6587,97.6724,97.677,97.6932,97.7215,97.7,97.6955,97.7072,97.6803,97.6924,97.6975,97.6717,97.7093,97.697,97.7078,97.716,97.6906,97.7087,97.7041,97.7189,97.7409,97.7179,97.7184,97.7342,97.7448,97.7801,97.7751,97.7621,97.7653,97.7644,97.7851,97.8112,97.8234,97.817,97.7999,97.8133,97.8504,97.8312,97.828,97.8278,97.8046,97.7825,97.7946,97.825,97.818,97.8261,97.8387,97.8472,97.8563,97.8768,97.9023,97.9056,97.8938,97.9162,97.8879,97.8952,97.8886,97.8725,97.88,97.8697,97.878,97.8635,97.8254,97.8421,97.8308,97.8229,97.8278,97.8209,97.8045,97.7921,97.8159,97.8358,97.8229,97.8229,97.8496,97.8602,97.8581,97.8895,97.8991,97.8875,97.8754,97.8636,97.874,97.8635,97.8427,97.854,97.8498,97.8316,97.834,97.8157,97.8264,97.8291,97.8245,97.8353,97.8184,97.8071,97.7897,97.7799,97.8162,97.8292,97.8108,97.8089,97.8049,97.8199,97.8266,97.8438,97.8424,97.8432,97.8199,97.7918,97.8109,97.805,97.8056,97.7892,97.791,97.799,97.7972,97.822,97.8635,97.8386,97.8248,97.8113,97.826,97.8282,97.843,97.8233,97.8171,97.7912,97.8039,97.8247,97.8145,97.8112,97.7935,97.7631,97.7674,97.7428,97.7469,97.7371,97.733,97.7467,97.7338,97.7293,97.7495,97.7608,97.7603,97.7663,97.7539,97.7557,97.7125,97.7195,97.7194,97.6909,97.6798,97.6977,97.6968,97.7179,97.707,97.7324,97.7257,97.7301,97.7382,97.7543,97.7447,97.7441,97.7408,97.7653,97.7896,97.7906,97.7823,97.7767,97.7605,97.7498,97.7246,97.7444,97.7372,97.6878,97.6708,97.6795,97.7008,97.7103,97.717,97.7525,97.7165,97.6933,97.7467,97.7831,97.7785,97.7846,97.7541,97.7749,97.7756,97.7596,97.7546,97.724,97.6982,97.7397,97.7336,97.7472,97.767,97.7639,97.7865,97.7857,97.7944,97.751,97.7355,97.7471,97.7274,97.6829,97.6872,97.6682,97.6828,97.6957,97.6989,97.704,97.6834,97.7508,97.726,97.7415,97.7595,97.783,97.7793,97.8347,97.878,97.9041,97.8812,97.8934,97.8652,97.8728,97.8048,97.8172,97.8656,97.7869,97.7432,97.7371,97.7999,97.8195,97.8635,97.9156,97.928,97.8929,97.9325,97.9729,97.9697,97.9177,97.9195,97.8636,97.9113,97.8751,97.7962,97.7954,97.7778,97.8307,97.8874,97.9144,97.9336,97.9049,97.8869,97.9643,97.975,97.9583,97.8918,97.8701,97.8873,97.9239,97.9715,98.0288,98.0403,98.0464,98.1049,98.0883,98.1084,98.1123,98.1114,98.0573,98.0787,98.0243,97.9766,97.9625,98.0502,98.0173,97.9881,97.9569,98.0239,97.8763,97.9963,98.1421,98.1535,98.1997,98.1705,98.1376,98.1586,98.2006,98.3535,98.3374,98.2582,98.3397,98.2889,98.3468,98.3523,98.3391,98.2774,98.3222,98.3139,98.3451,98.291,98.3127,98.2887,98.3685,98.4487,98.3439,98.2225,98.2327,98.2445,98.1871,98.2426,98.2203,98.203,98.2219,98.3446,98.4193,98.4431,98.4121,98.4583,98.2462,98.2357,98.2304,98.1346,98.2483,98.4375,98.4216,98.4876,98.4139,98.6373,98.8619,98.9779,99.0407,98.814,98.7373,98.6491,98.6707,98.7249,98.5119,98.4855,98.4779,98.4998,98.6301,98.6259,98.8108,98.8123,98.9119,98.9182,98.7807,98.7717,98.8574,98.8301,98.6973,98.627,98.5023,98.3876,98.4841,98.3049,98.2053,98.2051,98.2915,98.4293,98.4123,98.6158,98.5182,98.4484,98.7152,98.4296,98.3049,98.2849,98.2108,98.345,98.1225,98.3886,98.2848,98.3177,98.7317,98.7899,98.7403,98.7391,98.554,98.7593,98.6129,98.9307,98.7998,98.8704,98.9495,99.1361,99.3141,99.2498,99.0325,99.158,98.8825,98.8086,98.635,98.2404,97.9903,97.9394,97.5605,97.9002,97.891,98.1049,98.3233,98.1614,98.1369,98.3129,98.3874,98.4239,98.0214,97.9575,97.7127,97.8219,97.8919,98.1507,98.0066,97.8417,98.3935,98.4978,98.5172,98.5282,98.2657,98.3657,98.8852,99.0243,99.0678,98.8221,98.8447,99.1028,99.3215,99.034,98.9881,98.4578,98.5062,98.5205,98.2678,98.0684,98.2596,98.0267,98.5262,98.6277,98.3384,98.1222,98.0613,98.5173,99.0788,98.5063,98.816,98.6533,98.6155,98.8375,98.6412,98.482,98.138,97.6227,97.7417,97.3934,97.1589,97.3524,97.4092,97.9627,98.1809,98.4991,98.6497,98.7535,99.0691,99.2326,98.7001,98.5244,97.9829,97.699,97.6919,97.7833,97.6483,97.3827,97.5015,98.0973,98.3729,98.7507,98.7852,98.6105,98.4613,98.2801,98.3304,97.983,97.507,97.5407,97.4909,97.6224,98.0058,98.0553,98.1253,98.2987,98.5612,98.6629,98.3867,98.1416,98.1331,97.912,97.8598,98.1504,97.983,98.054,97.9384,98.0278,98.2311,98.0923,98.0736,97.9476,97.7382,97.9645,97.7929,97.887,98.0254,97.9048,97.5716,97.8228,98.2877,98.5985,98.7212,99.0726,98.6985,98.4743,98.6996,98.9857,98.5406,98.2299,98.0358,98.1764,98.057,98.3633,98.4397,98.5939,98.5788,98.424,98.5346,98.4117,97.9263,97.6941,97.7502,97.7729,97.8786,98.1413,98.4462,98.4303,98.3495,98.4102,98.7177,98.4898,98.3945,97.7333,97.5767,97.5751,97.628,97.8524,97.5233,97.2646,97.6932,97.8145,98.2314,98.4774,98.4322,98.3652,98.3318,98.8869,99.1587,5.98886,107.796,106.267,21850,
F_3495A2/210_J_Faint_0.501_SI2,100.419,5.58209,-34.1642,112.966,101.086,63.6553,455.36,228.323,0.105556,-2.12704,34.6172,-80.7204,3227.89, ,700,-63.0252,90.4366,-466.387,60.3772,59.9251,60.2155,60.5954,59.5528,60.8546,61.0564,60.6588,60.6867,60.8515,60.9364,60.3397,60.0416,60.937,60.2561,60.2269,60.1024,59.8687,59.5177,59.1915,59.5361,59.0194,59.003,58.6594,58.699,58.7865,59.1707,59.608,60.5143,60.4906,60.7477,60.7759,60.6244,60.5189,60.6385,60.6656,60.4665,59.8507,60.2541,60.2733,59.8507,59.9932,59.8317,59.5088,59.3861,59.7682,59.9509,59.8185,59.8316,59.9277,59.8509,59.7209,60.1593,60.1763,60.4836,60.1938,59.7424,59.941,59.9472,60.011,60.4524,60.4064,60.741,60.4301,60.5575,60.7527,60.2111,60.384,60.0493,59.7287,59.5378,59.4406,59.0583,58.9002,58.9191,59.4207,59.2267,59.6328,59.5455,59.759,59.4096,59.2579,59.5729,59.8461,59.994,60.1909,60.092,59.9396,59.6264,59.7233,59.8265,59.68,58.9216,58.3691,58.4408,58.3913,58.4532,58.8359,58.9947,59.5616,59.4296,60.0636,60.2872,60.207,60.1374,60.8943,60.4221,60.6928,60.6928,61.0399,60.9133,61.3394,61.6141,61.5778,61.5274,61.6239,61.5656,61.5556,61.5295,61.5636,61.6297,61.4361,61.51,61.0111,61.178,60.9588,61.0599,61.152,60.9704,60.7967,60.9125,61.098,61.565,61.7026,61.5158,61.4577,61.3944,62.0581,61.9134,61.8062,61.9404,61.9986,61.7714,61.9339,62.0344,61.9187,61.4448,61.4479,61.385,61.3012,60.8316,61.1543,61.2062,61.1063,61.1448,61.2077,61.2682,61.2193,61.1187,61.2923,61.1595,60.7509,60.4409,60.2499,60.2196,60.1271,60.2614,60.1701,60.0011,60.0264,60.0591,60.2313,60.354,60.2978,60.3725,60.2696,60.3559,60.4353,60.2889,60.5354,60.5681,60.4883,60.6222,60.6755,60.7319,60.7037,60.7943,60.9374,60.9504,60.9537,61.0223,61.0175,61.0069,61.1483,61.388,61.6902,62.1181,62.5992,63.09,63.5664,63.9666,64.2669,64.4037,64.4539,64.3915,64.1795,63.9238,63.5403,63.155,62.7787,62.4069,62.0835,61.7393,61.411,61.0671,60.7272,60.3752,59.9943,59.5836,59.1515,58.7122,58.2736,57.8287,57.4327,57.0159,56.6709,56.3629,56.1029,55.9007,55.6478,55.4284,55.206,54.9517,54.7532,54.5385,54.3556,54.232,54.1517,54.2173,54.3506,54.5233,54.7253,54.8826,55.0206,55.0928,55.094,55.0428,55.0206,55.0915,55.2395,55.546,55.9525,56.315,56.965,57.596,58.1991,58.6047,58.9253,59.2168,59.3466,59.5648,60.0818,60.7445,61.739,63.1012,64.6446,66.0934,68.0441,69.9176,71.8452,73.7083,75.7465,78.2274,80.829,83.9378,87.1505,90.016,93.1926,96.2881,99.7217,102.934,106.181,109.27,112.602,116.746,121.155,126.22,132.187,137.908,143.919,149.24,153.484,157.029,159.929,162.055,163.461,163.485,163.356,163.81,164.721,166.752,169.159,171.882,174.868,176.883,178.613,180.28,180.577,180.731,180.667,180.343,178.802,177.893,177.06,177.094,176.977,177.216,177.087,177.71,177.519,178.654,178.765,179.385,179.417,179.278,178.597,177.851,176.199,175.6,173.969,172.521,171.707,171.217,170.756,170.7,170.418,170.315,169.459,168.862,168.399,167.239,165.649,164.2,162.713,161.348,159.954,158.497,157.206,156.13,154.417,153.346,151.729,150.07,148.488,147.405,146.358,144.904,143.863,143.307,142.344,141.854,141.454,140.936,139.747,138.643,138.113,136.985,136.03,134.957,134.148,133.438,132.507,131.74,131.286,130.567,130.043,129.256,128.519,127.374,126.319,125.279,124.261,123.243,122.339,121.13,120.163,119.118,118.565,117.693,116.962,116.23,115.462,114.592,114.111,113.355,113.098,112.482,111.963,111.579,111.234,110.969,110.575,109.894,109.541,109.028,108.267,107.505,107.136,106.646,106.14,105.913,105.633,105.284,105.039,104.902,104.513,103.864,103.571,103.216,102.756,102.457,102.298,101.969,101.608,101.69,101.961,101.993,101.901,101.938,101.756,101.668,101.434,101.45,101.206,100.877,100.582,100.572,100.093,100.313,100.063,99.7865,99.6948,99.8506,99.8756,99.7833,99.2451,99.4891,99.2176,99.2355,99.3929,99.3226,99.0205,98.8215,98.8268,99.1712,98.8442,98.7446,98.5722,98.3345,98.3439,98.4259,98.311,98.3047,98.1868,98.0501,98.1207,98.119,98.2501,98.2857,97.9462,98.0149,97.6703,97.6435,98.0173,97.9989,97.9889,97.9314,97.8324,98.2897,98.2312,98.3272,98.4192,98.411,98.5164,98.6836,98.782,98.6862,98.3142,98.4838,98.6689,98.4721,98.4849,97.904,97.9228,97.7131,97.8305,98.1691,98.1019,97.8276,97.9512,98.1834,98.6387,98.4113,98.8579,98.854,98.926,98.9343,99.2245,99.2757,99.0766,98.969,99.1636,98.8173,98.6381,98.3207,98.3568,98.4202,98.4314,98.48,98.7365,98.6911,99.0393,99.3763,99.7043,99.6747,99.6451,99.854,100.203,100.132,100.401,100.856,100.933,100.811,101.083,101.383,101.321,101.06,101.276,101.249,100.97,101.264,101.877,101.833,102.103,102.204,102.278,102.277,102.136,102.464,102.642,102.964,102.938,102.59,102.791,102.532,102.996,103.831,103.645,103.381,102.805,103.034,103.4,103.492,103.666,103.735,103.281,103.042,103.225,103.605,103.863,104.071,103.724,104.108,103.952,104.058,104.275,104.051,104.276,104.299,104.207,105.324,104.925,105.171,104.725,104.849,105.843,105.722,106.207,106.168,105.839,106.234,106.338,107.085,107.705,107.082,106.916,106.873,107.222,107.037,106.737,106.578,106.616,106.008,105.698,105.74,105.74,105.746,105.745,106.359,106.273,106.8,107.257,107.641,108.58,108.826,109.014,109.028,109.542,109.41,108.601,108.279,108.727,107.676,107.42,106.789,106.75,105.85,106.309,106.402,107.202,106.994,107.724,108.046,108.83,109.434,109.902,109.589,110.613,109.625,110.125,109.736,109.956,109.295,109.464,109.787,110.172,109.462,111.206,110.983,110.365,110.696,111.19,111.035,111.045,111.566,112.017,111.276,111.302,112.257,111.365,111.914,111.999,113.132,112.827,112.263,111.566,112.056,112.282,112.993,112.604,113.775,113.701,114.16,114.284,115.501,115.159,115.965,115.099,115.179,115.217,114.743,114.231,115.167,114.154,114.711,114.573,115.941,115.998,114.642,114.377,115.186,115.541,117.434,117.823,118.527,116.626,117.967,117.309,118.282,118.861,119.081,118.741,117.776,116.183,116.671,116.864,119.6,118.918,117.576,116.426,115.016,115.276,115.046,114.538,112.656,111.657,111.137,112.251,113.403,113.612,114.147,115.712,116.345,117.122,118.089,120.832,119.159,118.952,120.654,121.678,122.793,127.475,127.396,125.005,121.989,124.738,121.167,118.39,118.245,117.233,115.982,116.459,118.299,116.424,115.861,118.283,121.252,118.855,119.011,119.546,118.619,114.196,117.176,115.596,115.771,114.702,116.299,117.217,114.72,113.53,116.712,116.374,119.321,121.298,123.255,126.401,125.282,124.726,132.037,134.071,132.13,128.805,128.729,126.921,122.184,120.211,124.122,117.358,116.527,117.758,123.53,125.175,128.03,127.177,130.254,129.905,128.355,133.165,134.706,130.467,125.891,117.749,123.658,119.759,119.339,121.619,113.08,108.612,109.412,108.552,113.685,112.515,117.196,115.293,117.77,120.602,122.037,121.95,121.94,115.628,117.093,118.361,116.549,114.808,113.032,114.973,116.684,122.574,134.867,126.11,120.058,119.543,120.989,119.23,119.789,116.392,110.915,105.668,107.729,107.959,107.101,104.872,106.923,110.136,108.981,108.583,106.645,109.44,110.759,116.546,116.479,109.817,103.392,102.903,104.493,105.749,99.4315,98.6985,93.8356,98.033,100.561,102.715,102.04,100.934,100.557,100.966,95.546,99.8186,90.2144,90.8109,86.5535,84.1293,85.8132,84.2418,82.5791,88.4425,84.292,87.5612,87.0688,87.7644,90.2114,87.6792,90.6438,91.1561,86.1309,85.2471,84.5737,82.8176,83.6241,84.4167,86.3098,85.8884,89.6681,90.5328,92.8518,90.4873,88.778,90.116,85.4034,82.6759,79.7415,76.3435,73.6381,72.9242,75.4042,79.7902,79.3837,76.5676,76.2939,75.1908,73.0666,75.8984,73.4009,72.0907,71.9169,73.1879,75.9438,77.4166,78.2344,81.1505,79.2997,79.5752,78.7805,76.4458,72.6522,70.9386,71.5724,70.4033,68.1056,67.6542,67.8576,68.5673,69.1422,69.9362,69.3909,68.4718,68.355,67.6452,68.3009,68.5717,68.2319,67.4557,66.8633,67.3243,66.2039,65.6077,67.776,67.4969,67.1297,66.8912,66.303,67.5937,67.6625,67.8081,68.1271,67.9276,66.5051,66.8799,66.9177,66.9862,65.8207,64.9974,65.3177,66.1909,64.4302,65.7752,64.1177,63.7831,63.8163,64.1399,64.1866,62.7461,61.5828,63.3935,61.8122,62.9539,63.6303,64.2719,63.4501,64.4355,64.7224,64.6223,62.5203,63.8516,62.2132,60.6862,60.6217,61.4409,61.1303,59.8784,61.2027,62.3697,62.7323,63.1733,64.3215,63.7205,62.7674,62.7287,65.5952,64.7803,63.8612,62.7859,64.0248,63.9175,63.3534,63.3156,62.3794,60.8507,60.8468,61.7557,62.45,62.0238,61.2961,61.2902,62.2324,63.2397,63.1814,63.6228,63.3675,62.9717,62.507,62.9953,64.1434,63.59,62.6983,63.9542,63.8032,63.8186,62.8009,62.6091,62.2822,62.1558,62.1755,62.1731,60.8788,59.759,58.936,60.3992,61.0266,61.3793,61.3375,60.2543,60.7333,61.159,62.4598,62.6349,51.7241,94.5303,115.385,441.176,
W_Calibration,100,0,0,95.0422,100,108.876,565.016,99.9909,1.74827e-05,0.00127928,0,0,6504.1, ,100,100,100,100,100,100,100,100,100,100,100,100,100,100,100,100,100,100,100,100,100,100,100,100,100,100,100,100,100,100,100,100,100,100,100,100,100,100,100,100,100,100,100,100,100,100,100,100,100,100,100,100,100,100,100,100,100,100,100,100,100,100,100,100,100,100,100,100,100,100,100,100,100,100,100,100,100,100,100,100,100,100,100,100,100,100,100,100,100,100,100,100,100,100,100,100,100,100,100,100,100,100,100,100,100,100,100,100,100,100,100,100,100,100,100,100,100,100,100,100,100,100,100,100,100,100,100,100,100,100,100,100,100,100,100,100,100,100,100,100,100,100,100,100,100,100,100,100,100,100,100,100,100,100,100,100,100,100,100,100,100,100,100,100,100,100,100,100,100,100,100,100,100,100,100,100,100,100,100,100,100,100,100,100,100,100,100,100,100,100,100,100,100,100,100,100,100,100,100,100,100,100,100,100,100,100,100,100,100,100,100,100,100,100,100,100,100,100,100,100,100,100,100,100,100,100,100,100,100,100,100,100,100,100,100,100,100,100,100,100,100,100,100,100,100,100,100,100,100,100,100,100,100,100,100,100,100,100,100,100,100,100,100,100,100,100,100,100,100,100,100,100,100,100,100,100,100,100,100,100,100,100,100,100,100,100,100,100,100,100,100,100,100,100,100,100,100,100,100,100,100,100,100,100,100,100,100,100,100,100,100,100,100,100,100,100,100,100,100,100,100,100,100,100,100,100,100,100,100,100,100,100,100,100,100,100,100,100,100,100,100,100,100,100,100,100,100,100,100,100,100,100,100,100,100,100,100,100,100,100,100,100,100,100,100,100,100,100,100,100,100,100,100,100,100,100,100,100,100,100,100,100,100,100,100,100,100,100,100,100,100,100,100,100,100,100,100,100,100,100,100,100,100,100,100,100,100,100,100,100,100,100,100,100,100,100,100,100,100,100,100,100,100,100,100,100,100,100,100,100,100,100,100,100,100,100,100,100,100,100,100,100,100,100,100,100,100,100,100,100,100,100,100,100,100,100,100,100,100,100,100,100,100,100,100,100,100,100,100,100,100,100,100,100,100,100,100,100,100,100,100,100,100,100,100,100,100,100,100,100,100,100,100,100,100,100,100,100,100,100,100,100,100,100,100,100,100,100,100,100,100,100,100,100,100,100,100,100,100,100,100,100,100,100,100,100,100,100,100,100,100,100,100,100,100,100,100,100,100,100,100,100,100,100,100,100,100,100,100,100,100,100,100,100,100,100,100,100,100,100,100,100,100,100,100,100,100,100,100,100,100,100,100,100,100,100,100,100,100,100,100,100,100,100,100,100,100,100,100,100,100,100,100,100,100,100,100,100,100,100,100,100,100,100,100,100,100,100,100,100,100,100,100,100,100,100,100,100,100,100,100,100,100,100,100,100,100,100,100,100,100,100,100,100,100,100,100,100,100,100,100,100,100,100,100,100,100,100,100,100,100,100,100,100,100,100,100,100,100,100,100,100,100,100,100,100,100,100,100,100,100,100,100,100,100,100,100,100,100,100,100,100,100,100,100,100,100,100,100,100,100,100,100,100,100,100,100,100,100,100,100,100,100,100,100,100,100,100,100,100,100,100,100,100,100,100,100,100,100,100,100,100,100,100,100,100,100,100,100,100,100,100,100,100,100,100,100,100,100,100,100,100,100,100,100,100,100,100,100,100,100,100,100,100,100,100,100,100,100,100,100,100,100,100,100,100,100,100,100,100,100,100,100,100,100,100,100,100,100,100,100,100,100,100,100,100,100,100,100,100,100,100,100,100,100,100,100,100,100,100,100,100,100,100,100,100,100,100,100,100,100,100,100,100,100,100,100,100,100,100,100,100,100,100,100,100,100,100,100,100,100,100,100,100,100,100,100,100,100,100,100,100,100,100,100,100,100,100,100,100,100,100,100,100,100,100,100,100,100,100,100,100,100,100,100,100,100,100,100,100,100,100,100,100,100,100,100,100,100,100,100,100,100,100,100,100,100,100,100,100,100,100,100,100,100,100,100,100,100,100,100,100,100,100,100,100,100,100,100,100,100,100,100,100,100,100,100,100,100,100,100,100,100,100,100,100,100,100,100,100,100,100,100,100,100,100,100,100,100,100,100,100,100,100,100,100,100,100,100,100,100,100,100,100,100,100,100,100,100,100,100,100,100,100,100,100,100,100,100,100,100,100,100,100,100,100,100,100,100,100,100,100,100,100,100,100,100,100,100,100,100,100,100,100,100,100,100,100,100,100,100,100,100,100,100,100,100,100,100,100,100,100,100,100,100,100,100,100,100,100,100,100,100,100,100,100,100,100,100,100,100,100,100,100,100,100,100,100,100,100,100,100,100,100,
F_Calibration,100,0,0,108.104,100,39.2965,491.07,99.9909,0.000170256,0.00127928,0,0,3000.62, ,100,100,100,100,100,100,100,100,100,100,100,100,100,100,100,100,100,100,100,100,100,100,100,100,100,100,100,100,100,100,100,100,100,100,100,100,100,100,100,100,100,100,100,100,100,100,100,100,100,100,100,100,100,100,100,100,100,100,100,100,100,100,100,100,100,100,100,100,100,100,100,100,100,100,100,100,100,100,100,100,100,100,100,100,100,100,100,100,100,100,100,100,100,100,100,100,100,100,100,100,100,100,100,100,100,100,100,100,100,100,100,100,100,100,100,100,100,100,100,100,100,100,100,100,100,100,100,100,100,100,100,100,100,100,100,100,100,100,100,100,100,100,100,100,100,100,100,100,100,100,100,100,100,100,100,100,100,100,100,100,100,100,100,100,100,100,100,100,100,100,100,100,100,100,100,100,100,100,100,100,100,100,100,100,100,100,100,100,100,100,100,100,100,100,100,100,100,100,100,100,100,100,100,100,100,100,100,100,100,100,100,100,100,100,100,100,100,100,100,100,100,100,100,100,100,100,100,100,100,100,100,100,100,100,100,100,100,100,100,100,100,100,100,100,100,100,100,100,100,100,100,100,100,100,100,100,100,100,100,100,100,100,100,100,100,100,100,100,100,100,100,100,100,100,100,100,100,100,100,100,100,100,100,100,100,100,100,100,100,100,100,100,100,100,100,100,100,100,100,100,100,100,100,100,100,100,100,100,100,100,100,100,100,100,100,100,100,100,100,100,100,100,100,100,100,100,100,100,100,100,100,100,100,100,100,100,100,100,100,100,100,100,100,100,100,100,100,100,100,100,100,100,100,100,100,100,100,100,100,100,100,100,100,100,100,100,100,100,100,100,100,100,100,100,100,100,100,100,100,100,100,100,100,100,100,100,100,100,100,100,100,100,100,100,100,100,100,100,100,100,100,100,100,100,100,100,100,100,100,100,100,100,100,100,100,100,100,100,100,100,100,100,100,100,100,100,100,100,100,100,100,100,100,100,100,100,100,100,100,100,100,100,100,100,100,100,100,100,100,100,100,100,100,100,100,100,100,100,100,100,100,100,100,100,100,100,100,100,100,100,100,100,100,100,100,100,100,100,100,100,100,100,100,100,100,100,100,100,100,100,100,100,100,100,100,100,100,100,100,100,100,100,100,100,100,100,100,100,100,100,100,100,100,100,100,100,100,100,100,100,100,100,100,100,100,100,100,100,100,100,100,100,100,100,100,100,100,100,100,100,100,100,100,100,100,100,100,100,100,100,100,100,100,100,100,100,100,100,100,100,100,100,100,100,100,100,100,100,100,100,100,100,100,100,100,100,100,100,100,100,100,100,100,100,100,100,100,100,100,100,100,100,100,100,100,100,100,100,100,100,100,100,100,100,100,100,100,100,100,100,100,100,100,100,100,100,100,100,100,100,100,100,100,100,100,100,100,100,100,100,100,100,100,100,100,100,100,100,100,100,100,100,100,100,100,100,100,100,100,100,100,100,100,100,100,100,100,100,100,100,100,100,100,100,100,100,100,100,100,100,100,100,100,100,100,100,100,100,100,100,100,100,100,100,100,100,100,100,100,100,100,100,100,100,100,100,100,100,100,100,100,100,100,100,100,100,100,100,100,100,100,100,100,100,100,100,100,100,100,100,100,100,100,100,100,100,100,100,100,100,100,100,100,100,100,100,100,100,100,100,100,100,100,100,100,100,100,100,100,100,100,100,100,100,100,100,100,100,100,100,100,100,100,100,100,100,100,100,100,100,100,100,100,100,100,100,100,100,100,100,100,100,100,100,100,100,100,100,100,100,100,100,100,100,100,100,100,100,100,100,100,100,100,100,100,100,100,100,100,100,100,100,100,100,100,100,100,100,100,100,100,100,100,100,100,100,100,100,100,100,100,100,100,100,100,100,100,100,100,100,100,100,100,100,100,100,100,100,100,100,100,100,100,100,100,100,100,100,100,100,100,100,100,100,100,100,100,100,100,100,100,100,100,100,100,100,100,100,100,100,100,100,100,100,100,100,100,100,100,100,100,100,100,100,100,100,100,100,100,100,100,100,100,100,100,100,100,100,100,100,100,100,100,100,100,100,100,100,100,100,100,100,100,100,100,100,100,100,100,100,100,100,100,100,100,100,100,100,100,100,100,100,100,100,100,100,100,100,100,100,100,100,100,100,100,100,100,100,100,100,100,100,100,100,100,100,100,100,100,100,100,100,100,100,100,100,100,100,100,100,100,100,100,100,100,100,100,100,100,100,100,100,100,100,100,100,100,100,100,100,100,100,100,100,100,100,100,100,100,100,100,100,100,100,100,100,100,100,100,100,100,100,100,100,100,100,100,100,100,100,100,100,100,100,100,100,100,100,100,100,100,100,100,100,
W_3517A2/26_G_Very Strong_0.503_VS1,100.511,-0.57639,1.28472,95.9727,101.328,108.218,569.053,95.7353,0.0113061,0.297743,1.4081,114.163,6410.24, ,-75,10.541,74.7881,-88.2812,97.247,97.0463,97.7779,97.7702,98.0699,97.779,97.3978,97.5175,98.0544,97.8638,97.9541,96.6884,96.2986,96.2463,96.2384,96.7105,96.5263,97.136,96.8377,96.9922,97.0406,97.7869,97.3546,97.4073,97.4465,97.5993,97.0281,96.9726,96.7076,96.8437,96.2573,95.9726,95.9007,95.8509,95.3483,95.4615,95.7371,96.055,96.5077,96.0381,96.4878,95.8681,95.2057,95.3261,95.42,95.4192,95.4317,95.0322,95.11,94.6707,95.1195,95.322,95.9708,95.8057,95.9926,95.7823,95.6623,96.2786,96.9105,96.3992,96.7404,96.4875,96.3199,96.0134,96.2626,96.4823,96.21,95.7504,96.4164,96.571,96.2327,95.9629,95.9596,95.1915,95.4448,95.497,95.7686,95.2132,95.3747,95.7597,96.5752,96.7777,97.3982,97.3111,97.168,97.0712,97.5993,97.1552,96.9823,96.2596,95.8583,95.9617,95.9146,95.5633,95.3758,95.0828,95.3083,95.5548,95.3079,95.5895,95.6528,95.3125,95.7131,95.6716,95.6903,95.8072,95.4713,96.2089,96.479,96.4667,96.762,96.7917,96.8103,97.3234,96.7734,97.0066,96.6219,96.094,95.8625,95.5791,95.6733,95.8792,95.867,96.4452,96.5285,96.312,96.8451,96.7725,97.1123,97.0507,97.0653,96.9735,96.8016,96.5543,96.5117,96.2836,96.2493,96.5293,96.6486,96.7614,96.4686,96.6912,96.5328,96.7773,96.9199,97.07,96.8657,96.6686,96.2248,96.6408,96.5733,97.063,97.3156,97.3317,97.512,97.5528,97.7351,98.2466,97.9844,98.1499,97.6574,97.5681,97.0948,97.2557,96.9567,96.9557,96.6335,96.638,96.4665,97.0642,97.0663,97.1391,96.7356,96.5371,96.6573,96.7857,96.639,96.3742,95.8019,95.8351,95.7308,95.5309,95.4038,95.0684,94.9155,94.5253,94.1603,94.0118,93.6856,93.8039,93.3968,93.1453,92.8393,92.6526,92.5679,92.348,92.0715,91.7342,91.489,91.5338,91.4657,91.5044,91.2349,91.012,90.8893,90.5335,90.4075,90.3858,90.1674,90.0797,89.6007,89.4701,89.3033,89.0107,88.7832,88.7288,88.4734,88.2232,88.0118,87.7992,87.5008,87.1172,86.8415,86.9071,86.3438,85.776,85.378,84.7325,84.2221,83.8529,83.3981,82.6777,81.8453,81.1072,80.4821,79.7145,79.0131,78.2545,77.2194,76.3675,75.4791,74.4768,73.4627,72.3664,71.3911,70.4207,69.6398,69.0758,68.7179,68.5688,68.6303,68.7598,68.8932,68.8842,68.7271,68.4417,68.0527,67.8118,67.8014,68.0338,68.5868,69.4366,70.4668,71.5595,72.6875,73.9131,75.1996,76.5047,77.8015,78.8682,79.4804,79.3693,78.8153,78.6724,79.1885,80.0128,81.0191,82.0329,83.3128,84.9833,87.4522,90.3376,92.6457,94.103,95.1458,95.9959,96.7794,97.4599,98.0877,98.5672,98.9567,99.2424,99.5257,99.7547,99.9412,100.096,100.191,100.268,100.326,100.42,100.474,100.509,100.543,100.557,100.575,100.623,100.626,100.633,100.593,100.587,100.563,100.541,100.509,100.468,100.421,100.389,100.335,100.283,100.254,100.185,100.137,100.082,100.054,100.014,99.9926,100.034,100.068,100.081,100.128,100.157,100.194,100.219,100.239,100.264,100.214,100.216,100.217,100.215,100.235,100.239,100.283,100.308,100.329,100.371,100.412,100.433,100.43,100.415,100.406,100.348,100.267,100.159,100.039,99.9058,99.81,99.7793,99.7444,99.7655,99.7997,99.9442,100.078,100.272,100.451,100.633,100.763,100.901,100.994,101.085,101.129,101.206,101.239,101.29,101.312,101.333,101.335,101.369,101.38,101.376,101.375,101.374,101.345,101.336,101.341,101.361,101.352,101.388,101.404,101.402,101.417,101.434,101.414,101.424,101.386,101.398,101.379,101.402,101.41,101.394,101.399,101.385,101.373,101.39,101.378,101.348,101.299,101.297,101.314,101.319,101.336,101.325,101.312,101.313,101.32,101.333,101.327,101.29,101.298,101.291,101.309,101.325,101.308,101.316,101.307,101.299,101.316,101.287,101.317,101.3,101.294,101.287,101.293,101.313,101.322,101.338,101.348,101.34,101.342,101.339,101.368,101.353,101.33,101.322,101.327,101.314,101.306,101.318,101.33,101.319,101.337,101.358,101.366,101.358,101.37,101.375,101.375,101.372,101.377,101.378,101.376,101.367,101.341,101.346,101.335,101.325,101.341,101.343,101.352,101.355,101.365,101.389,101.386,101.407,101.421,101.397,101.391,101.376,101.377,101.383,101.362,101.37,101.356,101.356,101.382,101.372,101.375,101.373,101.378,101.396,101.381,101.39,101.368,101.38,101.395,101.396,101.405,101.398,101.395,101.404,101.398,101.421,101.411,101.41,101.403,101.391,101.403,101.417,101.43,101.422,101.426,101.425,101.409,101.428,101.445,101.447,101.426,101.414,101.43,101.436,101.424,101.432,101.417,101.412,101.403,101.413,101.426,101.436,101.413,101.416,101.422,101.43,101.429,101.414,101.435,101.449,101.444,101.472,101.468,101.48,101.472,101.474,101.486,101.486,101.462,101.458,101.452,101.471,101.47,101.477,101.479,101.486,101.466,101.481,101.483,101.481,101.471,101.482,101.499,101.494,101.492,101.523,101.531,101.536,101.559,101.564,101.572,101.567,101.576,101.587,101.572,101.531,101.558,101.542,101.556,101.541,101.529,101.544,101.549,101.557,101.613,101.589,101.594,101.573,101.568,101.589,101.564,101.546,101.557,101.554,101.559,101.55,101.561,101.578,101.572,101.575,101.594,101.594,101.58,101.588,101.589,101.605,101.602,101.592,101.606,101.627,101.628,101.624,101.609,101.625,101.607,101.622,101.653,101.675,101.643,101.637,101.644,101.67,101.665,101.693,101.663,101.667,101.661,101.687,101.675,101.696,101.679,101.713,101.682,101.719,101.72,101.72,101.722,101.753,101.751,101.785,101.76,101.774,101.784,101.795,101.794,101.797,101.785,101.778,101.755,101.765,101.813,101.81,101.811,101.848,101.846,101.89,101.891,101.91,101.911,101.883,101.917,101.895,101.847,101.856,101.786,101.824,101.85,101.896,101.891,101.871,101.899,101.919,101.923,101.993,101.981,101.956,101.936,101.969,102.001,101.967,101.983,101.982,101.986,101.986,101.969,101.964,101.948,101.878,101.899,101.924,101.964,101.94,101.937,101.971,101.965,101.959,101.992,102.021,102.009,101.978,101.986,102.008,102.01,101.971,102.046,102.045,102.051,102.065,102.052,102.091,102.068,102.102,102.141,102.084,102.13,102.113,102.069,102.114,102.142,102.145,102.158,102.172,102.245,102.222,102.237,102.265,102.269,102.185,102.174,102.126,102.202,102.167,102.238,102.285,102.387,102.321,102.324,102.318,102.355,102.312,102.294,102.19,102.148,102.104,102.198,102.252,102.398,102.369,102.308,102.352,102.411,102.451,102.393,102.374,102.339,102.329,102.318,102.362,102.283,102.247,102.245,102.281,102.235,102.359,102.317,102.369,102.383,102.48,102.454,102.469,102.436,102.339,102.172,102.143,102.113,102.164,102.201,102.301,102.327,102.417,102.701,102.791,102.936,102.987,103.026,102.861,102.9,102.86,102.833,102.759,102.755,102.721,102.676,102.604,102.716,102.748,102.81,102.729,102.658,102.567,102.63,102.681,102.678,102.77,102.654,102.769,102.883,103.011,103.004,102.979,102.948,103.088,102.882,103.025,102.791,102.696,102.705,102.817,102.852,103.002,102.864,103.069,102.869,102.921,103.04,103.174,103.279,103.359,103.265,103.381,103.599,103.806,103.808,103.74,103.404,103.251,102.961,102.892,102.935,102.622,102.524,102.541,102.748,102.698,102.817,102.791,102.879,102.742,102.635,102.763,102.638,102.203,102.274,102.446,102.304,102.266,102.337,102.169,102.143,102.096,102.192,102.053,101.771,102.182,102.31,102.387,102.739,102.496,102.524,102.803,103.058,103.215,103.037,102.706,102.561,102.505,102.627,102.558,102.492,102.492,102.499,102.301,102.394,102.217,102.481,102.576,102.889,102.661,102.439,102.381,102.581,102.505,102.77,102.691,102.616,102.721,102.306,102.522,102.465,102.523,102.47,102.706,102.22,102.197,102.122,102.741,102.772,103.018,102.737,102.69,102.236,102.418,102.427,102.26,102.103,101.906,101.683,101.909,101.95,102.166,102.177,102.062,102.311,102.502,102.4,102.493,102.062,102.004,102.148,102.256,101.932,101.554,101.193,101.698,101.23,101.348,101.548,101.043,101.266,101.483,101.409,101.504,100.996,101.451,101.81,101.776,102.401,102.292,102.251,102.316,102.227,102.197,102.317,102.661,102.874,102.467,102.511,102.676,102.766,103.154,103.294,102.938,102.502,102.128,102.348,102.313,101.895,102.156,101.623,101.668,101.76,101.677,102.038,102.137,102.381,102.708,102.805,102.97,103.098,103.229,103.113,102.947,102.943,102.836,102.873,102.689,102.583,102.504,102.298,102.642,102.625,102.62,102.305,102.285,102.176,102.302,102.392,102.372,102.36,102.116,102.088,101.83,102.277,102.342,102.166,102.127,102.296,102.145,102.057,101.906,102.348,101.672,101.617,101.615,101.077,100.954,101.028,101.56,101.475,101.391,101.76,101.572,102.08,103.066,103.092,103.091,102.732,103.17,103.216,103.331,103.583,103.327,102.758,103.09,102.878,103.074,103.168,103.083,102.929,102.956,103.034,103.392,-88.2812,55.3172,567.969,13.5817,
F_3517A2/26_G_Very Strong_0.503_VS1,110.082,18.1783,-132.193,153.212,128.406,209.839,468.284,507.471,0.405443,3.27679,133.437,-82.1702,7698.48, ,33.3333,97.561,195.122,151.899,71.2721,70.8617,70.3608,70.2637,70.272,69.9846,70.7313,70.5019,70.9442,70.4498,71.0381,71.5922,71.7898,71.0654,71.0409,70.5635,70.1184,70.0704,69.9849,69.2803,68.671,68.6071,69.2334,69.6183,69.6528,69.7711,69.6504,69.93,70.1874,71.1691,71.1084,71.201,71.2124,70.8277,70.6159,70.8662,71.4382,71.2176,71.0461,70.5619,70.4475,70.3305,70.7238,71.1126,70.9341,70.6898,70.9843,70.4382,71.106,71.4419,71.3787,71.123,70.0918,69.498,69.6655,69.4337,70.1582,69.9843,69.4481,69.4217,69.7232,70.8896,71.2032,70.8188,70.8403,70.2748,70.0525,70.331,70.7945,70.756,70.504,70.4552,70.346,70.384,70.0983,70.2836,70.2277,69.7609,70.1246,70.2642,70.4041,70.1812,70.6326,71.0563,71.0212,71.0413,71.5347,71.5384,71.636,71.6706,72.0143,72.0721,71.6815,71.9642,72.3599,71.8048,71.2398,71.1871,71.0987,71.1757,71.3445,71.5943,71.5785,71.3986,71.4897,71.7198,71.852,72.1169,72.0716,71.9088,72.0924,72.1028,72.1479,72.0063,72.3164,72.1136,72.0791,72.4135,71.9774,71.9137,71.9263,71.6686,72.0789,71.7696,72.1758,72.5421,72.8069,73.1249,73.3905,73.2926,74.2255,74.3297,74.2727,73.8032,73.2371,72.668,72.2591,72.1395,72.2139,71.807,71.5586,71.5542,71.4123,71.6818,71.5544,71.5921,71.3306,71.0762,70.6427,70.5382,70.1633,70.0684,69.7988,69.7378,69.7996,69.7316,69.8317,69.802,69.8136,70.0133,70.2089,70.1493,70.1007,69.7585,69.961,69.8494,69.9264,69.8355,69.6554,69.4053,69.3356,69.5385,69.6848,69.7177,69.88,69.8016,69.8677,69.8288,69.9257,69.9024,69.7516,69.7464,69.7304,69.5793,69.6381,69.6258,69.5593,69.5813,69.6456,69.6205,69.5844,69.4518,69.539,69.6837,69.969,70.3882,70.873,71.4309,72.0182,72.4479,72.7455,73.0274,73.2279,73.2636,73.1314,72.8805,72.5372,72.1705,71.8085,71.4395,71.0815,70.7497,70.4056,70.0706,69.7349,69.3995,69.0426,68.6484,68.2358,67.7949,67.3085,66.8472,66.3928,65.9402,65.5186,65.1391,64.8051,64.5058,64.222,63.9915,63.7373,63.4865,63.2513,62.9843,62.7093,62.497,62.3684,62.3572,62.3984,62.5254,62.6747,62.8698,63.0664,63.2282,63.331,63.3153,63.2759,63.2971,63.4562,63.744,64.2756,64.8658,65.5773,66.3948,67.3643,68.2496,69.087,69.8157,70.7595,71.5887,73.0518,74.6163,76.6303,79.2933,82.5352,86.7341,91.4495,96.7429,102.819,109.904,120.211,135.3,154.999,174.351,190.468,205.006,220.02,236.13,251.878,265.763,274.443,279.133,286.747,300.361,319.582,342.252,368.101,399.167,430.534,461.375,489.482,513.16,533.951,547.403,558.032,562.009,558.749,555.469,554.473,557.215,566.933,579.96,596.187,609.277,620.979,630.856,638.289,642.872,645.296,641.618,633.289,626.003,620.203,616.023,613.841,613.787,614.905,615.415,619.539,624.392,628.122,631.393,633.804,633.943,632.106,627.628,622.995,616.948,609.438,602.63,596.284,590.06,584.875,580.857,576.836,574.496,570.941,568.028,562.638,558.325,553.507,548.613,542.2,535.577,527.359,519.708,511.842,505.331,496.501,488.827,480.753,473.432,466.342,460.626,453.392,447.425,440.812,434.703,429.143,423.212,417.66,411.774,404.464,399.005,391.583,384.432,377.88,370.263,364.008,356.9,351.279,345.13,338.237,332.517,326.829,321.413,315.948,309.726,303.791,297.878,292.418,286.944,281.669,276.742,271.548,267.076,263.181,258.771,253.667,248.769,245.084,240.755,236.627,232.683,229.194,224.77,220.817,217.374,213.984,210.095,206.654,203.494,200.372,196.397,193.95,191.115,188.419,185.801,183.492,181.501,179.37,177.173,175.086,172.756,170.962,169.021,167.608,165.802,163.769,161.672,160.039,158.589,156.928,154.974,153.06,151.16,149.616,148.288,146.734,144.823,143.461,142.108,140.895,139.743,138.481,137.206,135.745,135.013,134.516,133.438,132.518,131.791,131.224,130.677,129.767,129.103,128.404,127.444,126.763,126.145,125.221,124.487,123.82,123.438,123.162,122.248,121.615,121.291,120.65,120.515,120.051,119.494,118.834,118.391,118.345,118.026,117.214,116.882,116.394,116.204,116.047,115.677,115.461,115.216,114.985,114.935,114.429,113.909,113.803,113.744,113.655,112.906,112.536,112.268,111.834,111.955,112.047,111.584,111.145,111.019,111.276,111.207,111.001,111.07,110.957,110.844,110.682,110.348,110.283,109.917,109.613,109.752,109.823,109.862,109.7,109.852,109.77,109.576,109.836,110.075,109.746,109.727,109.325,109.537,109.439,109.672,109.971,109.777,109.568,109.859,109.791,110.134,110.226,110.233,110.263,110.287,110.123,109.99,109.82,109.542,109.644,109.805,109.707,109.807,109.309,109.429,109.556,109.817,110.311,110.034,109.571,109.879,109.836,110.287,111.059,111.017,110.624,110.77,111.118,111.499,111.841,111.633,111.696,111.18,111.746,112.414,111.921,112.052,112.214,111.589,111.639,111.305,111.165,110.907,110.653,111.045,110.954,111.04,111.179,111.035,111.532,112.006,112.265,112.724,112.651,112.396,111.949,112.148,112.966,112.573,112.204,112.182,111.872,112.846,113.313,113.665,114.171,113.776,114.277,114.602,114.341,114.79,114.889,114.444,114.401,113.834,114.535,114.802,115.682,115.955,115.667,115.444,115.577,115.881,115.971,114.981,115.217,115.208,115.257,114.911,114.333,115.361,115.62,116.088,117.066,117.213,117.594,118.62,119.409,119.858,119.385,119.238,119.147,119.561,119.082,117.529,116.805,117.374,117.698,117.193,116.509,116.582,116.072,117.006,118.125,118.195,116.921,116.74,117.628,118.723,119.026,118.957,118.65,118.832,119.206,120.291,120.03,119.851,119.723,119.555,119.714,118.71,118.04,118.544,119.351,120.215,120.548,121.899,121.65,123.112,124.974,125.562,124.889,124.32,123.752,124.005,123.286,124.226,123.499,124.043,124.986,126.387,126.494,127.71,126.571,126.013,126.692,126.423,126.286,127.397,126.714,127.154,127.394,128.222,129.799,130.211,131.238,130.794,129.212,129.348,128.763,128.007,127.535,127.492,127.569,127.784,128.222,126.921,126.448,127.087,127.805,129.96,128.43,127.973,129.256,130.239,132.43,132.637,133.181,130.09,129.872,130.649,129.83,127.319,126.376,126.892,126.358,126.325,129.758,129.812,131.018,132.067,133.42,133.236,134.239,134.396,134.757,134.763,134.947,133.581,134.32,135.558,137.551,138.218,141.779,139.236,139.707,138.449,140.092,138.875,138.643,132.612,133.027,130.269,132.957,131.526,129.98,128.519,126.503,126.579,131.208,128.453,130.965,131.863,131.563,134.067,134.014,141.14,140.783,140.829,142.398,147.192,141.198,145.969,148.106,148.485,140.531,141.391,139.921,137.727,129.268,133.701,131.529,132.73,133.224,137.637,138.39,141.012,138.512,142.124,141.316,142.731,139.416,142.057,144.548,143.527,142.175,141.28,139.771,139.834,138.706,136.279,131.353,128.986,123.958,118.585,120.374,120.024,120.095,117.273,119.19,119.461,116.41,122.956,128.519,129.919,131.444,133.184,135.396,133.184,132.33,133.876,126.132,127.647,128.037,130.467,122.022,120.027,123.787,124.819,122.538,125.212,122.51,121.561,117.071,123.92,120.435,114.679,121.172,119.301,122.141,122.355,116.325,126.119,122.35,126.398,127.932,123.367,124.154,117.732,112.757,111.17,106.852,105.756,109.528,108.108,104.907,103.503,103.445,108.12,110.433,106.343,101.191,99.3517,99.718,96.2163,94.7,96.8065,92.3804,90.5647,95.3338,99.6982,97.007,95.4321,97.2657,100.5,96.2516,100.089,97.7422,91.9285,88.5712,87.3091,89.0723,86.3825,85.8688,88.4885,86.4636,89.6957,92.0146,93.8734,94.0216,93.2172,97.958,95.4378,92.7933,92.0259,89.2714,84.8685,84.5374,84.0796,82.1979,77.4705,80.2276,82.3555,86.1109,87.71,88.4635,85.9261,85.6525,86.8182,87.1454,86.7131,85.8889,84.5554,83.6451,84.5601,84.2379,86.0387,83.3701,81.648,79.2789,79.3243,77.3044,78.3563,77.4506,77.8477,76.0828,76.5353,78.4377,79.2346,79.1879,77.4461,77.1346,76.1947,76.7823,76.3289,76.4953,76.5604,76.4619,76.3249,78.5283,78.0819,77.5551,76.9255,77.941,78.407,77.7448,76.9538,75.796,75.7311,75.4871,76.0815,75.6384,75.8019,74.7599,74.5665,73.449,73.8876,73.2469,72.8675,72.0491,73.121,72.7662,73.4121,73.0345,74.6825,73.5927,74.3912,75.3713,76.2348,74.6718,75.5477,75.6251,75.2018,74.6008,74.8882,73.4924,72.126,71.8189,72.1938,70.5159,69.6157,70.1841,71.2586,72.0083,72.2275,72.2048,72.1143,71.9553,71.2853,72.2667,72.7809,72.2886,73.0589,74.1973,76.1216,76.6132,77.7618,77.8839,76.5164,75.872,75.2094,74.0434,73.2027,72.3965,72.5294,70.5756,71.1887,71.8223,72.544,72.4989,73.2538,72.6822,73.6202,73.8708,75.0399,74.8259,75.1833,76.2022,76.5315,76.3815,76.7517,75.4594,75.2946,75.5961,75.8813,73.9602,72.6165,72.0973,71.0801,70.726,70.703,70.1092,69.6746,70.3782,72.3739,72.2739,72.8018,72.6836,73.5446,73.4715,74.8304,75.6481,74.7163,75.0601,75.9744,44.3213,132.231,19.9005,114.695,
W_3495A2/188_G_None_0.502_VS2,99.795,-0.613438,1.44558,94.191,99.4707,105.964,569.461,93.1404,0.0128643,0.277872,1.57035,112.994,6395.94, ,-75,55.5037,75.2119,285.156,98.3128,98.8265,98.6012,98.6916,98.4773,98.3364,98.3882,98.4502,98.0002,97.4583,97.028,96.166,95.6825,95.5848,95.2888,95.4014,95.4377,96.0981,95.9243,95.6049,96.2261,96.3804,96.2889,96.5558,96.7407,95.9189,95.4932,95.8605,96.1058,95.9488,95.6871,95.63,96.0774,95.5785,95.7677,96.2107,95.7997,96.2269,96.0244,96.2089,96.4629,96.1876,95.8628,96.0875,95.67,95.8151,95.0741,95.2153,95.0453,94.3626,94.7116,95.1975,95.1622,94.9442,94.5023,94.9912,95.1296,95.5317,96.1649,95.2546,95.185,95.3398,95.1603,95.7084,95.6403,95.9558,96.0215,95.5086,96.2483,96.4949,96.3391,96.2678,96.298,95.9722,95.8143,95.6709,96.0303,95.228,95.5981,95.9128,96.5553,96.31,96.7412,96.9148,96.64,96.4798,97.0094,97.003,97.0793,96.4539,96.3286,96.2661,95.8161,95.896,96.3266,96.2464,95.6354,95.1795,94.8273,94.6992,94.7507,94.8401,95.0921,94.9357,94.7936,95.0172,95.5135,96.4139,96.8761,96.7441,96.7452,96.6438,96.3878,96.6994,96.5275,96.1741,95.9671,95.4998,95.5509,95.3532,95.2526,95.4442,95.5996,95.7603,95.6657,95.1595,95.7871,95.7319,96.3331,96.2181,96.168,95.8625,95.9251,96.0485,96.4147,96.0654,96.207,96.0718,96.2328,96.2798,96.387,96.7822,96.4382,96.4188,96.6679,96.6609,96.8768,96.6274,96.6393,96.795,96.5455,96.649,97.1083,96.8193,97.0254,96.651,96.7594,96.8074,96.3684,96.2489,96.3602,95.8174,95.7335,95.4454,95.3601,95.3893,95.3269,95.7959,95.9791,96.1771,96.5555,96.4494,96.2059,96.1771,96.0728,95.9688,95.6503,95.3585,95.0949,95.1566,95.2624,95.3149,95.1233,95.133,94.9684,94.5774,94.2118,93.8634,93.6426,93.4855,93.2643,93.2035,93.2694,93.3974,93.6759,93.7317,94.0776,93.6803,93.6355,93.5955,93.4006,93.3179,93.4141,93.1694,93.1594,92.7562,92.9792,92.9763,92.932,92.9654,92.603,92.2995,92.0653,91.8441,91.8431,91.6775,91.5725,91.3525,91.3318,91.2751,90.9516,90.92,90.6724,90.5355,90.0996,89.8233,89.6187,89.116,88.787,88.5384,88.2076,87.6889,87.2967,86.7546,86.4553,86.1188,85.9075,85.4474,84.8173,84.4255,83.9976,83.409,82.9852,82.2654,81.6868,81.0093,80.5949,80.3472,80.1986,80.2239,80.2366,80.385,80.4674,80.4593,80.3536,80.2068,79.9789,79.8374,79.8132,79.9757,80.3418,80.8947,81.5635,82.2907,83.0077,83.7727,84.5582,85.379,86.1542,86.7734,87.1079,86.9789,86.5345,86.3342,86.5439,86.9457,87.4367,87.9946,88.6677,89.542,90.924,92.5575,93.8319,94.5569,95.0291,95.3804,95.6237,95.8226,96.056,96.1929,96.3326,96.4223,96.5499,96.6952,96.774,96.9421,97.0294,97.1039,97.1819,97.2595,97.3329,97.3627,97.387,97.3882,97.4078,97.4562,97.4706,97.4995,97.5118,97.512,97.5184,97.5422,97.5616,97.5343,97.5403,97.5519,97.5185,97.4943,97.4717,97.4649,97.4534,97.4222,97.4425,97.4514,97.4542,97.496,97.5332,97.6043,97.6579,97.6963,97.774,97.8034,97.8121,97.8621,97.8768,97.8976,97.8974,97.911,97.9256,97.9142,97.9611,97.9864,98.0037,98.0428,98.1106,98.1495,98.1528,98.1697,98.2071,98.1954,98.1573,98.1014,98.0382,97.9431,97.9162,97.9257,97.9074,97.9497,97.9859,98.1125,98.2229,98.3497,98.4921,98.6212,98.7281,98.8578,98.9452,99.0176,99.0634,99.1373,99.1967,99.2586,99.2716,99.3138,99.3467,99.3685,99.3913,99.4105,99.4118,99.4138,99.4069,99.4224,99.4051,99.397,99.4008,99.4231,99.439,99.4524,99.4812,99.5001,99.4806,99.5124,99.4845,99.4855,99.4825,99.5092,99.5255,99.5213,99.491,99.5055,99.475,99.5024,99.4775,99.4662,99.4299,99.4241,99.4208,99.4344,99.4248,99.4346,99.4163,99.4125,99.405,99.4052,99.4032,99.3946,99.4097,99.409,99.4174,99.442,99.4435,99.4665,99.477,99.492,99.4983,99.4875,99.5064,99.4996,99.5054,99.5206,99.5098,99.5141,99.5015,99.5026,99.497,99.4986,99.4996,99.4877,99.4781,99.4875,99.475,99.474,99.4755,99.4717,99.4662,99.4853,99.4895,99.5057,99.5014,99.516,99.5066,99.5075,99.5326,99.5229,99.5097,99.498,99.4914,99.5122,99.5167,99.531,99.5166,99.5094,99.5124,99.5032,99.5276,99.5358,99.513,99.5102,99.5091,99.5353,99.5209,99.5346,99.556,99.5371,99.5403,99.5619,99.5672,99.5765,99.5522,99.5617,99.5746,99.5925,99.6143,99.6136,99.5976,99.5864,99.5903,99.6173,99.6073,99.6001,99.5617,99.5871,99.5775,99.5842,99.5925,99.5942,99.5891,99.6172,99.6255,99.6511,99.6356,99.6619,99.6588,99.6612,99.6491,99.6576,99.6489,99.6449,99.6456,99.642,99.6231,99.6356,99.6279,99.6429,99.6374,99.6308,99.6135,99.6058,99.5854,99.5928,99.5803,99.5753,99.561,99.5588,99.5688,99.6041,99.603,99.6086,99.5949,99.6247,99.6286,99.6248,99.6312,99.6481,99.6249,99.6345,99.6407,99.6584,99.6228,99.6329,99.6485,99.6524,99.6365,99.6398,99.6322,99.6541,99.6575,99.6602,99.671,99.6554,99.6497,99.6657,99.6631,99.6595,99.6409,99.6341,99.6495,99.6255,99.6342,99.6415,99.609,99.6248,99.6502,99.6244,99.6301,99.613,99.6428,99.6304,99.615,99.6151,99.6058,99.5971,99.6248,99.6057,99.6186,99.628,99.6435,99.6524,99.6759,99.6687,99.6521,99.6334,99.6482,99.6551,99.6141,99.5882,99.5926,99.5876,99.5914,99.5977,99.6209,99.619,99.6177,99.6382,99.6576,99.6482,99.6465,99.6274,99.6072,99.6103,99.6029,99.5909,99.5955,99.6017,99.6098,99.5988,99.6122,99.6434,99.6213,99.6347,99.623,99.593,99.5663,99.5744,99.5926,99.6016,99.5872,99.5915,99.5467,99.5867,99.6111,99.6405,99.5917,99.5779,99.5548,99.5904,99.5758,99.6318,99.6121,99.6045,99.6151,99.6661,99.6752,99.7045,99.692,99.7101,99.6935,99.6982,99.6893,99.665,99.6841,99.6702,99.6872,99.6767,99.7089,99.7406,99.7603,99.7811,99.8175,99.8036,99.8369,99.8259,99.8295,99.8173,99.8095,99.7798,99.7742,99.8026,99.7596,99.7555,99.803,99.802,99.805,99.8175,99.8732,99.8745,99.8223,99.8679,99.8756,99.8359,99.8469,99.9057,99.9144,99.865,99.9269,99.9589,99.9837,99.9856,99.985,99.9989,99.9654,99.9436,99.9637,99.9609,99.9554,99.968,99.9947,99.9975,99.9815,99.9507,99.9612,99.9403,99.9444,99.9736,99.9717,99.9428,99.9749,99.9752,100.029,100.037,100.098,100.089,100.023,100.024,100.057,100.044,100.064,100.086,100.107,100.111,100.126,100.23,100.263,100.245,100.272,100.288,100.217,100.211,100.213,100.217,100.205,100.179,100.197,100.237,100.286,100.266,100.298,100.338,100.378,100.384,100.366,100.404,100.35,100.367,100.517,100.522,100.456,100.355,100.421,100.448,100.483,100.503,100.45,100.398,100.441,100.547,100.577,100.583,100.514,100.496,100.519,100.526,100.484,100.425,100.401,100.419,100.247,100.387,100.438,100.46,100.484,100.539,100.648,100.578,100.613,100.735,100.607,100.609,100.491,100.489,100.564,100.549,100.651,100.735,100.793,100.96,100.983,101.147,101.232,101.147,101.207,101.191,101.03,101.136,101.135,101.181,101.123,101.078,101.213,101.164,101.219,101.343,101.268,101.085,100.985,101.059,101.154,101.266,101.315,101.328,101.336,101.373,101.556,101.727,101.616,101.482,101.315,101.236,101.15,101.162,101.079,100.95,100.899,101.041,101.144,101.167,101.121,101.105,101.146,101.461,101.77,101.798,101.869,102.004,102.155,102.253,102.384,102.473,102.125,101.893,101.8,101.847,101.803,101.687,101.778,101.839,101.789,101.833,102.163,102.321,102.294,102.355,102.384,102.408,102.221,102.156,102.302,102.239,102.028,101.974,102.163,102.269,102.402,102.521,102.577,102.617,102.457,102.715,102.801,102.836,102.681,102.207,102.334,102.528,102.598,102.977,102.866,102.65,102.332,102.655,102.964,102.882,102.877,102.98,102.942,103.01,103.188,103.148,102.969,103.016,103.039,103.155,103.036,102.791,102.727,102.689,102.863,102.946,103.027,102.874,102.276,102.051,101.773,101.617,101.548,101.558,101.391,100.93,101.192,101.605,101.93,102.367,102.377,102.413,102.639,102.587,102.824,102.626,102.264,102.111,101.988,101.952,101.96,101.678,101.631,101.659,101.872,101.745,101.508,101.374,101.125,100.977,101.128,101.415,101.418,101.2,101.544,101.697,101.387,101.255,101.283,100.847,100.861,100.584,100.876,100.819,100.786,101.008,101.738,101.856,102.001,101.916,102.449,102.092,101.747,101.626,101.884,101.625,101.72,101.851,101.687,101.394,101.174,101.546,101.535,101.035,100.812,100.753,100.754,100.753,100.534,100.922,100.679,101.065,101.293,101.154,100.949,101.128,101.307,101.341,101.316,101.325,101.244,101.249,101.671,101.688,100.96,100.627,100.372,100.36,100.238,99.7906,99.7482,99.6727,99.7923,100.235,100.201,100.478,100.221,100.05,100.335,100.145,100.123,99.9873,99.8943,99.8949,100.234,100.673,100.578,100.666,100.726,100.522,100.439,100.128,100.528,99.7008,99.485,99.7416,99.3022,99.063,99.0758,99.5229,99.6988,99.2877,99.892,99.6621,99.7677,100.229,100.536,100.497,100.065,100.296,100.489,100.422,100.672,100.498,100.381,100.535,100.495,100.59,100.79,100.978,100.992,100.987,101.308,101.384,97.6562,-0.466418,-89.8437,28.2452,
F_3495A2/188_G_None_0.502_VS2,100.495,3.46742,-16.9574,111.777,101.285,50.7575,578.089,167.187,0.0508988,-2.69659,17.3083,-78.4435,3064.78, ,66.6667,0.813008,-389.431,-101.688,81.0629,80.8218,80.3312,79.7665,79.8424,79.8851,80.3247,79.9759,80.26,80.7477,81.0155,81.3726,81.6082,81.3871,81.3247,80.6267,80.8321,81.3585,80.3656,80.1526,79.889,79.5831,79.6894,79.8567,79.4915,79.4957,79.4712,79.3103,78.7143,78.5469,78.8839,79.3452,78.9252,78.8272,78.609,78.6813,79.1871,79.0269,79.4985,79.3211,78.7713,79.104,79.3923,79.634,79.2427,79.303,79.8399,79.7341,80.2412,80.6339,80.6739,80.7193,80.2647,80.032,80.0958,80.1827,80.2117,79.8929,79.5072,79.374,79.0787,79.8531,80.1123,80.3929,80.1404,79.8892,79.3474,79.789,79.6768,79.7562,78.7078,78.3556,78.0089,77.9191,77.7805,78.2168,77.9184,78.2089,78.2969,78.9631,79.028,78.6694,79.2522,79.3722,79.7745,79.7531,80.2109,80.4787,80.6534,80.6683,80.7238,80.7449,80.7585,80.0789,80.0465,79.5853,79.1323,78.6587,78.868,78.8582,79.3892,79.7983,79.9975,80.3913,80.0028,80.1508,80.706,80.5342,80.6183,80.2231,80.1444,80.6158,80.6894,80.8943,81.1093,80.3413,80.398,80.4691,80.0645,80.2649,80.1921,80.1806,80.3413,80.236,80.837,81.2027,81.4505,81.2481,81.1009,80.669,81.0283,81.0143,80.946,80.8415,80.2816,79.9403,79.9043,79.794,79.649,79.1503,79.2088,79.3869,79.2988,79.4376,79.3942,79.8752,79.8614,80.0623,80.1469,79.8929,79.5729,79.4661,79.6345,79.61,79.3154,79.2602,79.4378,79.3399,79.2969,79.488,79.8411,79.4066,79.6485,79.6591,79.8474,79.6728,79.854,79.9662,80.1164,79.9566,80.0152,80.0157,80.1596,80.1152,80.2371,80.1028,80.2083,80.0046,80.0315,80.2081,80.1404,80.0691,80.0988,79.9955,80.0881,80.0718,80.165,80.2427,80.322,80.3563,80.3996,80.2722,80.3666,80.4676,80.6336,80.7982,80.9807,81.2253,81.5381,81.8534,82.1546,82.3581,82.4839,82.4867,82.3863,82.2783,82.0896,81.93,81.7942,81.6366,81.5116,81.3743,81.226,81.1041,80.9522,80.8178,80.6402,80.4288,80.2107,79.9605,79.6792,79.4092,79.1107,78.8457,78.5736,78.3437,78.1318,77.9438,77.7496,77.5941,77.424,77.2706,77.0879,76.9079,76.7232,76.6061,76.4833,76.4398,76.465,76.5713,76.7022,76.7945,76.9196,77.0413,77.0422,76.9803,76.9368,76.9016,76.9218,77.0389,77.3176,77.5584,77.8537,78.1406,78.7051,79.0745,79.3919,79.5278,79.6253,79.7366,79.9486,80.2087,80.7983,81.3034,82.0159,83.0693,84.1738,85.2703,86.5109,87.4574,88.6731,90.247,92.059,93.8645,95.8181,97.0292,98.5023,100.181,101.875,103.601,104.582,105.399,106.474,107.363,109.463,111.426,113.484,116.547,119.195,121.904,124.461,126.438,128.631,129.865,131.103,131.757,130.95,130.55,130.307,130.526,131.609,132.579,133.736,134.683,135.509,136.626,137.271,138.107,138.402,138.081,137.002,136.878,136.331,135.94,135.712,135.753,135.903,136.022,136.532,137.356,137.311,137.62,137.947,138.047,137.915,137.387,136.762,136.347,135.64,135.229,134.938,134.442,134.171,133.945,133.339,133.37,132.843,132.522,132.17,131.897,131.46,130.953,130.407,130.148,129.586,129.081,128.664,128.15,127.303,126.845,126.121,125.459,124.953,124.415,123.605,123.179,122.437,121.813,121.497,121.04,120.762,120.296,119.886,119.46,118.638,118.037,117.735,116.767,116.308,115.715,115.286,114.608,114.125,113.416,113.092,112.712,112.499,112.143,111.586,111.17,110.702,110.403,110.479,110.397,109.985,109.688,109.618,109.116,108.522,108.288,108.048,107.473,106.97,106.505,106.171,105.53,105.417,105.307,104.736,104.374,103.981,103.749,103.46,102.97,102.82,102.49,102.296,102.149,102.019,102.271,102.508,102.818,102.853,102.874,103.042,102.87,103.231,103.202,102.741,102.119,101.654,101.689,101.823,101.638,101.55,101.232,101.21,101.363,101.235,101.009,100.815,100.437,100.259,100.04,99.7178,99.4297,99.2907,99.4441,99.5721,99.5569,99.401,99.5546,99.7491,100.244,100.325,100.235,100.339,100.15,100.119,100.094,99.9591,99.8753,99.5973,99.647,99.9423,99.75,99.765,99.7908,99.5367,99.9031,99.9354,99.9844,99.6334,99.4452,99.5641,99.7398,99.6163,99.9168,99.4454,99.4141,99.3549,99.4489,99.6861,99.6094,99.856,99.8084,99.5258,99.418,99.4612,99.6956,99.8501,99.183,99.2331,99.1111,99.0262,99.3721,99.4914,99.4437,99.3263,99.1037,99.9168,99.9227,99.8696,100.193,100.248,100.54,100.761,100.466,100.822,100.557,100.358,100.529,100.74,100.866,100.664,100.829,101.254,101.165,101.131,101.495,101.211,101.016,100.831,100.931,100.493,100.491,101.242,101.32,101.152,101.399,101.471,101.594,102.001,102.483,102.569,102.226,102.15,102.084,101.873,101.985,102.175,102.194,101.908,101.815,101.517,101.653,101.954,102.255,102.311,102.264,102.073,102.213,102.619,102.54,102.644,103.013,103.025,103.358,103.363,103.594,103.872,103.452,103.74,103.893,103.908,103.969,103.554,103.953,103.839,103.828,103.582,103.482,103.126,102.602,102.945,103.19,103.154,103.468,103.45,103.889,104.487,105.007,105.696,105.919,106.025,105.674,105.322,105.307,105.865,105.218,105.049,104.591,104.521,104.807,105.413,105.342,105.569,105.294,106.202,106.553,106.659,106.342,106.286,106.553,107.014,106.992,107.053,106.911,107.498,107.798,107.743,108.184,107.72,107.54,107.472,107.152,106.972,106.636,106.533,106.221,105.993,106.141,106.673,107.145,107.442,108.158,108.355,108.832,110.002,109.57,109.89,109.452,109.42,109.861,109.271,108.991,109.088,109.151,109.945,109.109,108.601,108.925,108.712,108.486,108.587,108.856,107.673,107.535,108.427,110.019,110.665,110.95,111.423,111.965,112.09,112.568,112.763,112.637,112.666,112.228,111.699,111.348,110.579,110.714,112.274,112.805,113.51,112.941,111.619,112.818,114.091,114.24,113.86,113.298,112.252,112.034,113.257,114.853,114.571,115.358,115.906,117.283,118.31,119.684,119.048,118.689,119.431,120.518,120.631,122.941,121.612,121.256,120.622,121.106,120.883,120.032,119.008,118.378,117.346,118.145,117.727,117.747,118.16,118.128,119.754,121.637,121.958,121.047,120.293,121.18,123.391,124.203,123.655,122.675,122.729,123.563,124.644,125.187,125.581,123.187,124.102,126.739,128.494,126.335,125.391,126.511,126.979,127.734,129.48,129.001,128.834,128.137,131.486,131.97,134.084,136.278,137.849,139.056,139.945,138.883,138.848,138.732,141.981,142.207,144.353,141.268,141.434,141.927,146.904,147.81,151.316,148.347,147.073,146.988,151.066,152.378,153.46,151.548,152.755,152.312,157.434,162.065,163.582,166.074,167.247,169.624,168.877,178.098,180.988,179.332,181.444,188.25,187.36,196.255,201.528,214.782,204.262,204.452,208.745,207.132,197.938,204.346,201.524,206.941,204.891,211.167,205.819,212.144,208.379,214.139,210.671,210.063,204.454,202.96,204.567,212.633,211.78,214.839,217.471,225.833,231.033,232.428,230.015,236.989,232.438,220.35,221.827,220.427,219.445,212.854,212.64,215.99,212.988,216.933,231.608,235.08,241.956,246.318,248.334,250.812,255.296,252.289,244.502,245.537,252.706,260.047,242.817,242.371,247.952,239.561,234.012,240.026,234.181,228.521,219.712,228.746,229.855,225.681,236.165,242.224,252.868,257.732,246.518,258.582,249.299,246.765,241.914,238.36,231.522,224.356,216.903,220.179,215.363,214.96,224.408,221.966,218.523,219.753,218.166,223.81,222.904,213.831,205.309,202.329,204.868,199.781,197.624,200.5,195.232,195.903,204.885,218.839,217.852,215.663,219.524,224.257,212.798,219.929,218.913,205.329,194.551,191.502,189.812,182.194,180.429,178.24,167.463,164.724,169.135,166.037,161.114,159.608,162.135,157.306,154.149,154.545,152.556,149.358,150.938,152.446,150.972,148.17,148.764,154.358,154.68,156.107,149.641,145.499,141.425,139.756,137.279,133.149,129.958,129.251,124.427,125.297,123.841,124.441,122.588,119.549,121.547,122.239,120.399,119.343,119.21,117.463,115.039,112.727,114.965,114.156,111.691,112.623,113.581,113.184,112.651,110.321,110.642,110.359,108.927,109.064,106.564,106.139,103.267,101.796,103.573,103.125,102.467,102.105,99.8985,99.4252,98.3816,98.8381,99.782,98.5106,98.056,96.283,94.9707,96.3961,96.754,96.2169,97.0192,98.3422,97.9894,97.536,97.522,97.5498,95.1907,93.7989,94.2603,93.7444,91.7073,93.6584,94.5235,93.4948,93.3474,94.0162,93.5097,92.6099,92.5613,91.8479,89.1126,88.5124,88.4166,89.5918,88.9914,90.3025,90.1971,88.7092,89.6048,90.1653,89.4174,90.6635,89.3019,90.3992,90.7775,91.2782,90.8946,91.4532,90.9401,90.9665,90.2373,89.0082,88.2416,86.8435,86.8686,87.4411,85.525,86.0205,85.8201,86.133,87.8353,87.5354,88.0117,87.1449,87.7025,88.5724,86.8936,87.9774,88.5317,86.7538,86.2636,85.846,86.0989,85.6057,85.0619,84.8565,83.4048,82.7593,83.7641,83.8939,83.6126,83.4225,82.5576,82.9973,84.1672,84.9166,84.2657,85.2858,85.3294,84.9371,84.0658,85.4738,85.7267,86.6326,86.1002,87.1342,66.5743,-65.8402,139.469,100.239,
W_Calibration,100,0,0,95.0422,100,108.876,565.016,99.9909,1.74827e-05,0.00127928,0,0,6504.1, ,100,100,100,100,100,100,100,100,100,100,100,100,100,100,100,100,100,100,100,100,100,100,100,100,100,100,100,100,100,100,100,100,100,100,100,100,100,100,100,100,100,100,100,100,100,100,100,100,100,100,100,100,100,100,100,100,100,100,100,100,100,100,100,100,100,100,100,100,100,100,100,100,100,100,100,100,100,100,100,100,100,100,100,100,100,100,100,100,100,100,100,100,100,100,100,100,100,100,100,100,100,100,100,100,100,100,100,100,100,100,100,100,100,100,100,100,100,100,100,100,100,100,100,100,100,100,100,100,100,100,100,100,100,100,100,100,100,100,100,100,100,100,100,100,100,100,100,100,100,100,100,100,100,100,100,100,100,100,100,100,100,100,100,100,100,100,100,100,100,100,100,100,100,100,100,100,100,100,100,100,100,100,100,100,100,100,100,100,100,100,100,100,100,100,100,100,100,100,100,100,100,100,100,100,100,100,100,100,100,100,100,100,100,100,100,100,100,100,100,100,100,100,100,100,100,100,100,100,100,100,100,100,100,100,100,100,100,100,100,100,100,100,100,100,100,100,100,100,100,100,100,100,100,100,100,100,100,100,100,100,100,100,100,100,100,100,100,100,100,100,100,100,100,100,100,100,100,100,100,100,100,100,100,100,100,100,100,100,100,100,100,100,100,100,100,100,100,100,100,100,100,100,100,100,100,100,100,100,100,100,100,100,100,100,100,100,100,100,100,100,100,100,100,100,100,100,100,100,100,100,100,100,100,100,100,100,100,100,100,100,100,100,100,100,100,100,100,100,100,100,100,100,100,100,100,100,100,100,100,100,100,100,100,100,100,100,100,100,100,100,100,100,100,100,100,100,100,100,100,100,100,100,100,100,100,100,100,100,100,100,100,100,100,100,100,100,100,100,100,100,100,100,100,100,100,100,100,100,100,100,100,100,100,100,100,100,100,100,100,100,100,100,100,100,100,100,100,100,100,100,100,100,100,100,100,100,100,100,100,100,100,100,100,100,100,100,100,100,100,100,100,100,100,100,100,100,100,100,100,100,100,100,100,100,100,100,100,100,100,100,100,100,100,100,100,100,100,100,100,100,100,100,100,100,100,100,100,100,100,100,100,100,100,100,100,100,100,100,100,100,100,100,100,100,100,100,100,100,100,100,100,100,100,100,100,100,100,100,100,100,100,100,100,100,100,100,100,100,100,100,100,100,100,100,100,100,100,100,100,100,100,100,100,100,100,100,100,100,100,100,100,100,100,100,100,100,100,100,100,100,100,100,100,100,100,100,100,100,100,100,100,100,100,100,100,100,100,100,100,100,100,100,100,100,100,100,100,100,100,100,100,100,100,100,100,100,100,100,100,100,100,100,100,100,100,100,100,100,100,100,100,100,100,100,100,100,100,100,100,100,100,100,100,100,100,100,100,100,100,100,100,100,100,100,100,100,100,100,100,100,100,100,100,100,100,100,100,100,100,100,100,100,100,100,100,100,100,100,100,100,100,100,100,100,100,100,100,100,100,100,100,100,100,100,100,100,100,100,100,100,100,100,100,100,100,100,100,100,100,100,100,100,100,100,100,100,100,100,100,100,100,100,100,100,100,100,100,100,100,100,100,100,100,100,100,100,100,100,100,100,100,100,100,100,100,100,100,100,100,100,100,100,100,100,100,100,100,100,100,100,100,100,100,100,100,100,100,100,100,100,100,100,100,100,100,100,100,100,100,100,100,100,100,100,100,100,100,100,100,100,100,100,100,100,100,100,100,100,100,100,100,100,100,100,100,100,100,100,100,100,100,100,100,100,100,100,100,100,100,100,100,100,100,100,100,100,100,100,100,100,100,100,100,100,100,100,100,100,100,100,100,100,100,100,100,100,100,100,100,100,100,100,100,100,100,100,100,100,100,100,100,100,100,100,100,100,100,100,100,100,100,100,100,100,100,100,100,100,100,100,100,100,100,100,100,100,100,100,100,100,100,100,100,100,100,100,100,100,100,100,100,100,100,100,100,100,100,100,100,100,100,100,100,100,100,100,100,100,100,100,100,100,100,100,100,100,100,100,100,100,100,100,100,100,100,100,100,100,100,100,100,100,100,100,100,100,100,100,100,100,100,100,100,100,100,100,100,100,100,100,100,100,100,100,100,100,100,100,100,100,100,100,100,100,100,100,100,100,100,100,100,100,100,100,100,100,100,100,100,100,100,100,100,100,100,100,100,100,100,100,100,100,100,100,100,100,100,100,100,100,100,100,100,100,100,100,100,100,100,100,100,100,100,100,100,100,100,100,100,100,100,100,100,100,100,100,100,100,100,100,100,100,100,100,100,100,100,100,100,100,100,100,100,100,100,100,100,100,100,100,100,100,100,100,
F_Calibration,100,0,0,108.104,100,39.2965,491.07,99.9909,0.000170256,0.00127928,0,0,3000.62, ,100,100,100,100,100,100,100,100,100,100,100,100,100,100,100,100,100,100,100,100,100,100,100,100,100,100,100,100,100,100,100,100,100,100,100,100,100,100,100,100,100,100,100,100,100,100,100,100,100,100,100,100,100,100,100,100,100,100,100,100,100,100,100,100,100,100,100,100,100,100,100,100,100,100,100,100,100,100,100,100,100,100,100,100,100,100,100,100,100,100,100,100,100,100,100,100,100,100,100,100,100,100,100,100,100,100,100,100,100,100,100,100,100,100,100,100,100,100,100,100,100,100,100,100,100,100,100,100,100,100,100,100,100,100,100,100,100,100,100,100,100,100,100,100,100,100,100,100,100,100,100,100,100,100,100,100,100,100,100,100,100,100,100,100,100,100,100,100,100,100,100,100,100,100,100,100,100,100,100,100,100,100,100,100,100,100,100,100,100,100,100,100,100,100,100,100,100,100,100,100,100,100,100,100,100,100,100,100,100,100,100,100,100,100,100,100,100,100,100,100,100,100,100,100,100,100,100,100,100,100,100,100,100,100,100,100,100,100,100,100,100,100,100,100,100,100,100,100,100,100,100,100,100,100,100,100,100,100,100,100,100,100,100,100,100,100,100,100,100,100,100,100,100,100,100,100,100,100,100,100,100,100,100,100,100,100,100,100,100,100,100,100,100,100,100,100,100,100,100,100,100,100,100,100,100,100,100,100,100,100,100,100,100,100,100,100,100,100,100,100,100,100,100,100,100,100,100,100,100,100,100,100,100,100,100,100,100,100,100,100,100,100,100,100,100,100,100,100,100,100,100,100,100,100,100,100,100,100,100,100,100,100,100,100,100,100,100,100,100,100,100,100,100,100,100,100,100,100,100,100,100,100,100,100,100,100,100,100,100,100,100,100,100,100,100,100,100,100,100,100,100,100,100,100,100,100,100,100,100,100,100,100,100,100,100,100,100,100,100,100,100,100,100,100,100,100,100,100,100,100,100,100,100,100,100,100,100,100,100,100,100,100,100,100,100,100,100,100,100,100,100,100,100,100,100,100,100,100,100,100,100,100,100,100,100,100,100,100,100,100,100,100,100,100,100,100,100,100,100,100,100,100,100,100,100,100,100,100,100,100,100,100,100,100,100,100,100,100,100,100,100,100,100,100,100,100,100,100,100,100,100,100,100,100,100,100,100,100,100,100,100,100,100,100,100,100,100,100,100,100,100,100,100,100,100,100,100,100,100,100,100,100,100,100,100,100,100,100,100,100,100,100,100,100,100,100,100,100,100,100,100,100,100,100,100,100,100,100,100,100,100,100,100,100,100,100,100,100,100,100,100,100,100,100,100,100,100,100,100,100,100,100,100,100,100,100,100,100,100,100,100,100,100,100,100,100,100,100,100,100,100,100,100,100,100,100,100,100,100,100,100,100,100,100,100,100,100,100,100,100,100,100,100,100,100,100,100,100,100,100,100,100,100,100,100,100,100,100,100,100,100,100,100,100,100,100,100,100,100,100,100,100,100,100,100,100,100,100,100,100,100,100,100,100,100,100,100,100,100,100,100,100,100,100,100,100,100,100,100,100,100,100,100,100,100,100,100,100,100,100,100,100,100,100,100,100,100,100,100,100,100,100,100,100,100,100,100,100,100,100,100,100,100,100,100,100,100,100,100,100,100,100,100,100,100,100,100,100,100,100,100,100,100,100,100,100,100,100,100,100,100,100,100,100,100,100,100,100,100,100,100,100,100,100,100,100,100,100,100,100,100,100,100,100,100,100,100,100,100,100,100,100,100,100,100,100,100,100,100,100,100,100,100,100,100,100,100,100,100,100,100,100,100,100,100,100,100,100,100,100,100,100,100,100,100,100,100,100,100,100,100,100,100,100,100,100,100,100,100,100,100,100,100,100,100,100,100,100,100,100,100,100,100,100,100,100,100,100,100,100,100,100,100,100,100,100,100,100,100,100,100,100,100,100,100,100,100,100,100,100,100,100,100,100,100,100,100,100,100,100,100,100,100,100,100,100,100,100,100,100,100,100,100,100,100,100,100,100,100,100,100,100,100,100,100,100,100,100,100,100,100,100,100,100,100,100,100,100,100,100,100,100,100,100,100,100,100,100,100,100,100,100,100,100,100,100,100,100,100,100,100,100,100,100,100,100,100,100,100,100,100,100,100,100,100,100,100,100,100,100,100,100,100,100,100,100,100,100,100,100,100,100,100,100,100,100,100,100,100,100,100,100,100,100,100,100,100,100,100,100,100,100,100,100,100,100,100,100,100,100,100,100,100,100,100,100,100,100,100,100,100,100,100,100,100,100,100,100,100,100,100,100,100,100,100,100,100,100,100,100,100,100,100,100,100,100,100,100,100,100,100,100,100,100,
W_3492A2/11_F_Faint_0.541_SI1,100.59,-0.687488,1.36258,96.1036,101.533,108.312,568.086,95.6036,0.0118436,0.444799,1.5262,116.773,6409.61, ,-700,-454.688,57.7703,4.8913,95.9251,95.2447,95.2345,96.0053,96.1489,96.3767,96.9084,96.952,96.9254,97.1279,97.3388,97.1812,97.2163,97.1289,96.678,96.7301,96.9427,97.4159,97.0559,97.0367,96.7473,96.2157,96.4508,96.5239,96.2757,96.3247,96.019,96.4396,96.2626,96.896,97.1547,97.2805,97.6813,98,98.0568,98.218,98.5835,99.0085,98.9275,98.8667,98.2777,98.1473,98.4628,98.5779,98.375,98.2324,98.1143,98.1657,97.8438,98.0919,98.066,97.6302,96.5794,96.8425,96.3511,96.6335,96.4584,96.5751,96.3872,96.113,95.8816,96.7094,96.4635,96.5149,96.2147,96.3567,96.1853,96.0323,95.9548,96.4662,96.4171,96.5603,97.045,97.4152,97.4231,97.7064,98.0671,98.4816,98.4052,98.4003,97.8816,97.69,97.5513,97.7524,98.0498,98.0783,98.0419,97.8354,97.6814,97.9792,98.3282,98.4514,98.268,97.7059,97.503,97.2101,97.3725,97.5888,97.6375,97.222,96.8369,96.7635,96.8222,96.9363,97.0177,96.5263,96.5653,96.7429,96.71,96.9478,97.3078,97.1023,97.2597,97.4463,97.8519,98.0272,97.7517,97.9885,97.4728,96.808,97.407,97.1818,96.7878,96.9666,96.5875,96.6837,96.7089,97.1848,97.6575,97.1979,96.8872,97.0435,96.5892,96.6412,96.6462,96.362,96.3277,96.002,95.6615,96.3616,96.6884,96.9929,97.233,97.0565,97.4211,97.2425,97.9505,98.492,98.3138,98.3339,98.3228,98.2537,98.8378,98.5764,98.6058,98.269,98.5747,98.4708,98.7001,98.8819,98.8216,98.4016,98.3199,98.3402,98.1919,97.8877,97.8036,97.6063,97.7527,98.0024,97.9841,98.2953,98.333,98.3871,98.3661,98.7008,98.5897,98.0542,97.3794,97.3454,97.4482,97.2139,96.8992,96.5133,95.9738,95.9827,96.0338,96.0851,95.6113,95.1981,95.0319,94.7793,94.5731,94.4793,94.1045,94.1147,93.9355,93.7857,93.5692,93.8694,93.7085,94.0176,93.8473,93.6362,93.1591,93.0106,92.8416,92.3481,92.0223,91.9589,91.547,91.6854,91.4541,91.2036,90.9817,91.0384,91.0617,90.7198,90.7901,90.8691,90.4838,90.3748,90.3776,90.1055,89.4492,89.3247,89.0111,88.4789,87.7774,87.3471,86.9919,86.324,85.8475,85.4576,84.8778,84.0808,83.4572,82.8684,82.1223,81.4116,80.7705,80.0157,79.1994,78.3907,77.6768,76.9034,76.1891,75.7478,75.4032,75.3653,75.3769,75.487,75.5547,75.6251,75.5521,75.3663,75.1289,74.9421,74.907,75.1133,75.5964,76.329,77.2085,78.0968,79.036,79.9978,81.0145,82.0937,83.1198,83.9598,84.3891,84.2187,83.6542,83.4579,83.8585,84.5466,85.2392,86.0003,86.9376,88.2227,90.0973,92.4459,94.1889,95.2038,95.8707,96.4112,96.9729,97.4132,97.8408,98.184,98.4582,98.7126,98.9014,99.1358,99.3439,99.48,99.6316,99.7096,99.8153,99.8999,99.9813,100.04,100.079,100.097,100.123,100.088,100.094,100.085,100.096,100.075,100.105,100.12,100.117,100.115,100.1,100.098,100.067,99.9896,99.9449,99.9157,99.8719,99.8659,99.8557,99.8836,99.9349,99.9632,100.03,100.074,100.109,100.125,100.149,100.198,100.209,100.176,100.183,100.181,100.198,100.202,100.22,100.244,100.247,100.274,100.327,100.386,100.453,100.484,100.505,100.543,100.521,100.482,100.438,100.355,100.256,100.147,100.075,100.018,100.004,100.051,100.123,100.248,100.406,100.545,100.708,100.883,101.028,101.139,101.225,101.308,101.351,101.374,101.4,101.446,101.46,101.493,101.5,101.507,101.516,101.541,101.551,101.596,101.56,101.558,101.571,101.59,101.627,101.622,101.63,101.656,101.663,101.692,101.709,101.703,101.681,101.678,101.672,101.651,101.631,101.631,101.636,101.644,101.643,101.66,101.644,101.634,101.638,101.642,101.62,101.619,101.606,101.61,101.605,101.606,101.636,101.634,101.607,101.617,101.606,101.587,101.582,101.569,101.572,101.567,101.551,101.582,101.567,101.572,101.598,101.59,101.589,101.566,101.562,101.57,101.566,101.572,101.569,101.54,101.543,101.551,101.566,101.561,101.566,101.545,101.553,101.551,101.574,101.572,101.58,101.583,101.597,101.6,101.601,101.596,101.6,101.593,101.599,101.609,101.594,101.589,101.591,101.614,101.617,101.616,101.629,101.625,101.604,101.629,101.617,101.574,101.536,101.53,101.54,101.52,101.531,101.56,101.553,101.554,101.593,101.62,101.621,101.613,101.629,101.62,101.602,101.605,101.606,101.608,101.628,101.638,101.64,101.649,101.658,101.654,101.668,101.666,101.663,101.634,101.615,101.608,101.59,101.593,101.588,101.574,101.561,101.558,101.586,101.598,101.595,101.572,101.551,101.527,101.547,101.561,101.548,101.545,101.554,101.552,101.56,101.571,101.592,101.551,101.556,101.573,101.564,101.544,101.547,101.568,101.557,101.556,101.564,101.555,101.55,101.547,101.561,101.577,101.581,101.58,101.572,101.571,101.565,101.558,101.563,101.565,101.539,101.525,101.547,101.57,101.56,101.578,101.594,101.593,101.577,101.604,101.618,101.611,101.58,101.609,101.59,101.579,101.559,101.566,101.544,101.539,101.534,101.562,101.553,101.571,101.573,101.584,101.575,101.577,101.573,101.563,101.55,101.543,101.541,101.544,101.537,101.56,101.552,101.563,101.561,101.558,101.532,101.525,101.528,101.532,101.532,101.546,101.521,101.524,101.546,101.57,101.57,101.573,101.578,101.563,101.569,101.586,101.599,101.602,101.603,101.603,101.6,101.593,101.62,101.618,101.601,101.596,101.581,101.598,101.604,101.589,101.605,101.584,101.592,101.607,101.614,101.623,101.621,101.639,101.661,101.679,101.687,101.693,101.691,101.678,101.673,101.673,101.656,101.643,101.599,101.596,101.571,101.578,101.6,101.576,101.609,101.625,101.633,101.656,101.667,101.682,101.687,101.681,101.731,101.679,101.669,101.674,101.657,101.654,101.642,101.635,101.65,101.613,101.627,101.606,101.601,101.599,101.6,101.625,101.632,101.616,101.627,101.649,101.659,101.646,101.708,101.729,101.716,101.698,101.727,101.749,101.733,101.749,101.775,101.752,101.745,101.773,101.819,101.768,101.774,101.777,101.792,101.792,101.767,101.734,101.712,101.685,101.725,101.74,101.74,101.722,101.769,101.774,101.782,101.763,101.793,101.801,101.816,101.821,101.844,101.815,101.838,101.912,101.953,101.97,101.964,101.885,101.876,101.888,101.908,101.888,101.808,101.785,101.764,101.805,101.879,101.956,101.902,101.904,101.95,101.959,102.023,101.956,101.882,101.904,101.832,101.832,101.81,101.865,101.908,101.872,101.967,101.962,101.903,101.976,102.07,102.104,102.032,102.014,102.108,102.044,102.154,102.105,102.089,102.049,102.068,102.079,102.125,102.12,102.175,102.172,102.239,102.194,102.217,102.155,102.111,102.158,102.176,102.141,102.081,102.168,102.249,102.24,102.377,102.486,102.388,102.326,102.5,102.398,102.383,102.314,102.356,102.256,102.208,102.237,102.144,102.127,102.291,102.327,102.381,102.384,102.542,102.523,102.626,102.677,102.52,102.546,102.564,102.494,102.599,102.544,102.602,102.57,102.572,102.83,102.805,102.927,103.188,103.215,103.241,103.208,103.36,103.287,103.008,103.123,103.132,102.878,102.895,102.883,102.892,102.497,102.729,102.69,102.638,102.635,102.58,102.536,102.452,102.467,102.712,102.658,102.794,102.824,102.683,102.859,102.731,102.697,102.942,102.882,102.671,102.627,102.632,102.831,102.905,102.926,103.041,102.889,102.971,103.138,103.104,102.949,103.005,103.079,103.512,103.317,103.175,103.277,102.988,103.076,103.241,103.177,102.89,102.582,102.624,102.733,102.502,102.714,102.89,102.883,102.726,103.02,103.201,103.388,103.658,103.732,103.76,103.706,103.503,103.582,103.393,103.024,102.893,102.513,102.481,102.534,102.607,102.883,102.49,102.282,102.164,102.112,102.29,102.302,102.302,102.023,101.701,101.906,102.122,102.6,102.777,102.912,102.87,102.749,102.806,102.963,103.16,102.916,102.506,102.583,102.543,102.447,102.771,102.877,102.732,102.496,102.628,103.013,102.784,102.893,102.833,103.062,102.903,102.82,102.963,103.108,102.943,102.866,102.995,103.327,102.659,102.506,102.713,102.582,102.33,102.263,102.603,102.208,102.077,102.241,102.295,102.302,102.352,102.62,102.907,102.552,102.946,102.916,102.698,102.814,102.861,102.185,102.172,102.24,102.226,102.07,101.859,102.135,102.098,101.925,102.709,102.678,102.517,102.546,102.428,102.777,102.932,103.07,102.946,102.674,102.814,102.427,102.46,102.53,102.305,102.29,102.445,102.476,102.605,102.549,102.553,102.38,101.867,101.54,101.014,100.601,100.71,100.721,100.322,100.245,100.42,100.891,101.073,101.29,101.567,101.342,101.679,102.089,102.291,102.413,102.45,102.992,103.252,103.082,103.367,103.095,102.695,102.666,102.432,102.559,101.865,101.96,102.151,102.245,102.174,102.197,102.339,102.252,101.686,102.133,102.401,101.956,101.775,101.576,101.485,101.318,101.395,101.818,101.776,101.657,101.905,102.298,102.394,102.594,102.908,103.198,103.126,102.957,102.555,102.793,102.425,102.583,102.738,102.655,102.434,102.368,91.0714,77.459,152.419,-29.2373,
F_3492A2/11_F_Faint_0.541_SI1,104.341,9.18832,-73.0705,127.229,111.653,108.472,466.845,357.864,0.231411,1.4674,73.646,-82.8329,3967.46, ,200,-16360,-88.9796,196.62,75.0297,75.8923,75.9332,76.2086,76.4896,76.1097,76.1966,76.5906,76.4751,76.3369,75.9764,76.44,76.4318,76.1118,76.2639,75.8296,75.562,75.1494,75.2163,74.9786,75.1981,75.0711,75.3789,75.1211,76.0176,76.522,76.9044,77.114,77.6869,77.2471,76.9603,76.9806,76.9827,76.1022,75.9603,75.6519,75.2326,74.7518,75.0969,75.406,75.1951,75.5539,75.6868,75.5559,76.0947,76.5299,77.0671,76.9949,76.8362,76.6464,76.5204,76.6856,76.5467,75.8025,75.6793,76.067,76.1998,76.5516,77.0933,77.4515,77.6916,77.94,78.8071,79.1052,78.4513,78.1523,78.3536,77.8838,77.6832,77.2752,77.2559,76.0539,75.7865,75.8713,76.1307,75.5809,75.5498,75.1869,75.5601,75.5113,76.0391,76.1475,76.0697,75.8458,75.9827,76.3957,76.6593,76.4485,76.2392,76.5125,76.4868,76.8494,77.0017,76.4343,76.8163,77.3109,77.1852,77.7545,77.7634,77.7483,77.7424,77.8024,78.3858,77.6349,77.3702,77.7279,77.3919,77.1068,77.0902,76.5486,76.656,76.4491,76.5313,76.21,75.8662,75.4911,75.5791,75.7592,76.2497,75.6964,76.179,75.9139,75.6507,75.969,76.0427,76.4652,75.9526,75.2636,75.4418,75.4006,75.6477,75.9034,76.1715,76.8461,76.5002,76.7385,77.2358,76.9038,76.6304,77.2155,77.4216,76.9786,76.959,76.8536,76.9053,76.7608,76.9721,77.1399,76.5005,75.8876,76.139,75.6198,75.8315,75.7344,75.6236,75.501,75.5285,75.655,75.9538,75.8405,76.1237,75.981,76.1111,75.9912,76.0476,75.84,75.6933,75.6502,75.5917,75.7565,75.793,75.7231,75.7628,75.8448,75.7538,75.8353,76.0159,75.9359,75.717,75.6431,75.6717,75.8472,75.825,76.0117,75.9635,75.9924,76.1122,76.1431,76.3383,76.32,76.2463,76.2769,76.2529,76.3928,76.4544,76.7295,77.0577,77.455,77.9026,78.3764,78.6768,78.8714,78.9984,79.036,78.9209,78.7362,78.5246,78.2858,77.965,77.6723,77.4155,77.1395,76.8953,76.6541,76.4004,76.1209,75.8096,75.5013,75.1721,74.8063,74.4394,74.0268,73.6348,73.261,72.9132,72.6107,72.3331,72.0837,71.8657,71.6597,71.4808,71.2667,71.0351,70.8027,70.5687,70.3978,70.26,70.1608,70.1688,70.2848,70.4158,70.5735,70.7365,70.9186,70.9623,70.9062,70.9262,70.9556,71.028,71.2529,71.7052,72.1947,72.6738,73.25,74.0047,74.6843,75.1855,75.6867,76.1094,76.4245,76.8508,77.5341,78.6023,79.9384,81.5794,83.646,85.9583,88.5424,91.4628,94.907,99.5841,106.175,114.937,123.192,129.891,135.976,142.536,149.324,156.25,161.896,165.441,167.136,170.256,175.936,184.379,194.079,206.155,218.435,231.887,245.055,257.045,267.156,276.034,282.546,285.574,285.43,285.474,283.645,282.997,284.11,287.8,293.115,299.664,306.606,312.56,316.879,320.687,322.367,322.906,321.696,318.651,314.793,312.222,310.672,309.182,308.769,309.231,310.032,311.329,314.157,315.17,316.291,316.069,316.694,315.859,315.227,313.718,310.887,307.175,304.805,301.627,299.416,297.311,295.661,293.473,292.118,290.837,289.642,287.841,286.277,284.656,282.048,279.717,277.174,273.34,270.404,266.983,263.753,260.82,257.59,254.119,251.187,247.454,245.331,242.352,239.846,237.915,235.259,233.046,231.374,228.603,226.719,223.828,221.186,218.385,216.138,213.298,210.299,207.518,204.812,202.664,200.312,198.089,195.936,192.789,190.47,188.423,185.948,183.979,181.516,179.736,177.618,175.447,173.581,171.214,169.251,167.512,165.435,163.393,161.107,159.334,157.382,155.65,154.528,152.852,151.07,149.696,148.065,146.769,145.285,143.979,142.901,141.372,139.791,138.555,137.455,136.521,135.253,134.308,132.864,131.503,130.571,129.829,129.103,128.137,127.238,126.352,125.492,124.628,123.97,123.291,122.478,121.761,121.352,120.819,120.404,119.682,119.597,118.922,118.324,117.819,117.086,116.379,115.742,115.303,114.928,114.451,114.04,113.767,113.345,112.83,112.292,111.895,111.278,110.955,110.661,110.313,109.793,109.665,109.758,109.48,109.163,109.166,108.921,108.556,108.582,108.553,108.205,107.906,107.885,107.883,107.596,107.227,107.135,106.784,106.544,106.578,106.536,106.439,106.263,106.23,106.272,106.105,106.309,106.328,105.878,105.735,105.593,105.682,105.403,105.254,105.247,105.153,104.865,104.886,104.717,104.605,104.419,104.671,104.88,105.091,104.564,104.937,104.953,104.958,104.654,104.542,104.318,104.284,104.169,104.503,103.97,104.161,104.022,104.258,104.394,104.219,103.863,103.62,103.582,103.68,103.931,104.101,104.089,104.008,104.346,104.943,105.266,105.109,105.498,105.025,105.177,105.618,105.925,105.68,105.501,105.491,105.539,105.658,105.704,105.635,105.311,105.137,105.362,105.399,105.42,105.521,105.274,105.479,105.563,105.218,105.098,105.17,105.192,104.932,105.144,105.188,105.246,105.471,106.057,106.467,106.315,106.602,107.182,107.056,106.874,106.955,106.767,106.723,106.638,106.899,106.611,105.914,106.044,106.196,106.261,106.433,106.822,107.024,106.835,106.515,107.357,107.987,108.133,108.311,108.16,108.328,107.839,108.136,108.833,108.236,107.928,108.281,108.442,108.485,108.292,108.925,109.358,109.548,110.544,110.853,110.607,111.025,111.344,111.553,110.911,110.481,110.202,109.016,108.77,109.268,108.435,108.416,108.418,108.684,108.672,109.84,110.709,110.682,110.266,111.033,110.891,110.6,110.723,111.163,110.14,110.406,110.869,110.691,110.733,110.802,110.873,110.644,110.091,110.724,109.754,109.512,110.673,111.104,112.031,112.421,113.826,114.647,113.831,114.77,114.955,114.365,113.306,113.108,113.013,111.897,112.489,112.741,112.741,113.775,113.991,113.747,113.182,113.713,113.596,113.828,113.723,113.806,113.227,113.206,114.572,114.702,114.29,116.651,116.615,117.367,117.573,117.796,119.649,119.539,120.097,120.234,118.189,117.623,118.367,118.294,116.886,115.288,114.829,114.76,116.018,117.103,116.741,116.202,116.204,117.283,118.546,118.838,118.013,117.823,118.017,118.96,118.057,118.266,119.468,119.498,120.017,122.22,121.198,121.313,123.701,125.269,125.808,123.818,123.44,122.851,122.424,123.838,123.602,121.035,119.674,120.147,122.112,122.087,124.3,124.592,124.417,124.577,125.812,129.47,129.318,130.239,130.878,128.96,128.82,130.748,131.108,130.26,126.227,126.119,125.248,124.804,124.129,123.931,121.556,121.426,122.503,126.16,128.872,129.645,129.225,131.635,131.348,131.822,134.933,136.234,136.201,133.362,134.248,136.848,135.493,137.773,140.56,140.111,137.242,135.638,138.199,136.415,139.16,145.393,148.573,146.36,145.141,145.308,146.502,148.722,148.933,142.009,141.734,143.474,146.409,154.087,155.332,158.349,158.939,166.576,176.578,175.397,171.385,170.96,162.433,166.138,167.341,165.242,161.779,160.927,163.985,160.21,157.947,159.034,159.549,158.522,157.699,157.503,155.995,150.888,155.343,158.383,157.165,156.513,156.816,160.506,161.147,162.604,169.43,171.693,172.762,178.898,187.426,186.4,184.728,188.912,198.131,201.881,193.889,191.173,197.168,187.417,182.774,187.132,190.157,185.425,171.864,171.948,168.453,165.468,166.391,170.359,160.022,151.966,150.456,157.041,159.115,164.071,156.796,155.585,152.897,161.082,159.018,161.059,157.765,162.312,159.692,164.695,166.819,161.335,159.605,165.624,158.529,163.041,158.115,160.779,155.724,155.303,154.304,151.686,145.041,149.434,140.202,143.365,137.217,140.122,133.741,140.045,139.761,135.993,133.15,142.422,137.64,140.717,133.267,139.972,135.608,136.246,139.67,132.546,127.21,125.301,122.387,128.671,125.761,126.171,125.448,122.145,123.35,122.672,124.979,126.387,117.674,113.728,112.066,107.414,106.113,108.513,105.744,106.047,102.98,107.056,108.817,108.179,110.758,115.676,113.393,117.75,114.306,114.12,111.313,112.558,110.207,107.804,105.013,105.463,101.805,101.763,100.056,98.1094,97.0463,99.3107,98.0827,95.8766,94.9989,95.0233,93.8063,93.0592,95.4013,94.0549,91.7753,90.0166,92.6205,91.6272,90.3851,88.8713,88.5565,87.4274,86.4236,86.3358,88,85.1663,83.7652,82.9914,84.1096,85.512,83.9302,85.4828,86.5776,86.9433,86.7285,87.5084,88.9388,87.7828,85.8488,85.8478,83.9618,82.2566,80.2888,81.0635,80.6444,79.5818,81.0721,80.9537,82.0629,81.7114,81.8444,82.7941,82.5718,81.6677,82.0602,80.7104,81.075,80.5853,80.4392,80.1168,80.4237,78.6729,80.3015,80.1157,79.5739,79.8342,78.9723,80.4958,80.6768,80.2349,82.2925,79.9752,79.719,80.365,80.9957,80.8224,79.0882,79.9566,80.2664,79.5767,81.4329,80.1663,79.6671,78.4019,79.3503,80.1695,80.5381,79.8422,80.0911,78.8102,81.3793,81.0986,81.4861,79.9576,79.3462,78.1348,77.6283,77.2019,77.6391,75.6672,76.7958,76.6783,76.4503,77.5373,76.7878,77.155,78.0886,78.5913,78.9806,78.0297,78.5109,79.1606,78.3559,79.4229,79.5035,78.4354,77.4321,77.7697,77.8221,76.9209,78.5109,78.4835,78.1233,77.264,77.1711,77.514,76.6542,77.1453,77.6879,-26.8493,3.03448,-162.553,85.6545,
W_1736A2/175_G_None_0.503_VS2,99.7735,-0.776393,1.70931,94.0461,99.4153,105.482,568.946,91.9264,0.0151202,0.417018,1.87737,114.428,6380.08, ,400,-28.125,-54.7297,22.8261,94.998,94.8684,95.1062,96.0353,95.9725,96.1259,96.5066,96.077,95.8997,96.128,96.318,96.4886,96.1806,96.1465,95.5291,95.6801,96.1842,96.7818,96.3559,96.3862,96.1255,95.7194,95.7221,96.4545,96.1836,96.349,96.6424,96.9929,96.6061,96.8972,97.0646,96.8956,96.6444,96.6264,95.93,95.6049,95.6515,96.1071,95.8486,95.9333,96.6385,96.9679,97.2036,97.5624,97.4321,97.7421,97.7754,97.8285,97.719,96.9907,96.6848,96.4233,95.8913,95.6954,95.0543,94.7109,94.5679,94.4007,94.4042,94.5149,94.0607,94.6986,95.3031,95.8899,96.1025,96.1705,96.8197,96.6614,96.8025,97.1821,97.019,97.0325,96.5225,96.7328,97.0475,96.3534,96.6106,96.5347,96.3676,96.2217,95.4145,95.5138,95.6783,95.62,96.1468,96.3208,96.2633,96.5615,96.8915,97.4039,97.524,97.3408,97.1818,96.8067,96.8625,96.5441,96.2861,96.1624,96.4551,96.4964,96.3787,96.2014,96.3987,96.2754,96.4633,96.5718,96.3438,95.9763,95.7593,95.852,95.997,95.8119,95.9029,95.6511,95.9449,95.8367,95.9281,96.26,96.2223,95.8331,96.2647,96.1858,96.2712,96.02,96.4215,96.1034,96.2547,96.1077,96.2644,95.6996,95.4876,95.756,95.9754,95.7027,95.9266,95.713,95.4027,95.6948,95.8886,96.3756,96.2364,95.853,96.001,96.0924,95.9725,96.1256,96.3589,96.4557,96.363,96.2478,96.3043,96.44,96.9996,96.9059,97.0425,96.8415,97.0831,96.9771,97.3977,97.5219,97.5777,97.2637,97.2732,97.0503,96.8496,96.4211,96.1516,95.6823,95.9627,95.9662,95.6534,95.8306,95.9187,95.8621,96.0129,96.2403,96.417,95.7891,94.8958,94.9876,94.9626,95.1143,94.8233,94.4994,94.5191,94.3538,94.4107,94.7623,94.4932,94.4642,94.4387,94.5212,94.5245,94.3154,94.2673,94.1811,94.2147,93.9872,93.8855,93.7718,93.4105,93.6543,93.1563,92.8293,92.6465,92.604,92.4171,91.8209,91.5428,91.5937,91.1276,91.3383,91.2367,91.2396,90.8422,90.9289,91.089,90.997,90.9711,90.7875,90.5761,90.5127,90.1742,90.134,89.8039,89.6732,89.4837,89.1117,88.5956,88.1374,87.8155,87.5039,87.0706,86.6618,86.1999,85.5389,85.0362,84.8072,84.2767,83.7836,83.1422,82.601,81.9686,81.3983,80.8892,80.4098,79.8576,79.478,79.2277,79.2824,79.3621,79.4322,79.4717,79.5536,79.5632,79.4737,79.349,79.2718,79.2833,79.4624,79.8512,80.3884,81.0229,81.6652,82.3366,83.0693,83.8077,84.5833,85.343,85.9368,86.2531,86.1296,85.7279,85.6322,85.8065,86.2573,86.7349,87.1891,87.8404,88.7227,90.0391,91.6508,92.8217,93.5377,93.9449,94.2839,94.6128,94.811,95.0674,95.2411,95.3844,95.5079,95.6304,95.7859,95.9017,96.0006,96.163,96.2229,96.2956,96.3806,96.4851,96.5627,96.6419,96.7112,96.7375,96.7187,96.7283,96.7776,96.8267,96.8187,96.8866,96.901,96.9171,96.9807,97.0101,97.0619,97.0545,97.0422,97.0547,97.0436,97.0317,97.0522,97.0614,97.1048,97.1388,97.1811,97.2295,97.2668,97.3002,97.3516,97.3798,97.4209,97.4376,97.4516,97.4996,97.5335,97.5756,97.6001,97.6241,97.6605,97.701,97.7471,97.8089,97.8682,97.9101,97.9472,98.0029,98.0582,98.0697,98.0612,98.0292,98.0008,97.9143,97.87,97.8178,97.7811,97.7764,97.8068,97.8479,97.9573,98.07,98.1987,98.3032,98.456,98.5552,98.6509,98.7193,98.7892,98.8437,98.8804,98.9248,98.991,99.0016,99.0619,99.0708,99.0914,99.1091,99.1295,99.1441,99.1685,99.1651,99.189,99.1821,99.1983,99.2597,99.2787,99.3026,99.3013,99.3189,99.3242,99.3476,99.374,99.3929,99.3751,99.372,99.3463,99.3566,99.3772,99.378,99.3796,99.3861,99.3944,99.3971,99.416,99.436,99.4418,99.4358,99.4674,99.4616,99.4675,99.4662,99.4732,99.4758,99.4901,99.4797,99.4827,99.4562,99.4477,99.4463,99.4506,99.4596,99.4648,99.4622,99.4863,99.4725,99.4853,99.5043,99.5026,99.4984,99.4761,99.4871,99.4883,99.4925,99.501,99.5104,99.5057,99.4986,99.4923,99.5053,99.504,99.4933,99.4688,99.4744,99.4351,99.443,99.447,99.4665,99.4862,99.4793,99.4937,99.5009,99.5051,99.5482,99.5507,99.5517,99.5478,99.5279,99.5295,99.5247,99.5211,99.5275,99.5276,99.5269,99.5362,99.5194,99.5274,99.5369,99.5051,99.512,99.4999,99.5104,99.5187,99.5161,99.5537,99.5332,99.5146,99.5625,99.5674,99.5734,99.5659,99.5346,99.5321,99.5041,99.5256,99.5298,99.5136,99.5173,99.5161,99.5009,99.5331,99.5457,99.569,99.5909,99.5676,99.5587,99.5439,99.5168,99.5263,99.5024,99.5026,99.485,99.4703,99.4966,99.5116,99.5341,99.5532,99.5552,99.556,99.5415,99.5301,99.5406,99.5487,99.5357,99.5379,99.5288,99.5239,99.5314,99.5416,99.5408,99.521,99.518,99.5374,99.5412,99.5332,99.5225,99.5311,99.5117,99.5142,99.5172,99.5157,99.5111,99.5137,99.5435,99.5676,99.5833,99.5835,99.5741,99.5564,99.5466,99.5389,99.5231,99.5084,99.4764,99.4538,99.4758,99.4865,99.4936,99.5076,99.5069,99.5082,99.4997,99.5293,99.53,99.5213,99.5179,99.5278,99.5075,99.5171,99.5173,99.5273,99.5164,99.5087,99.5181,99.5434,99.5353,99.5583,99.5521,99.5508,99.5511,99.5529,99.5752,99.5769,99.552,99.5463,99.5306,99.5249,99.5095,99.5186,99.5191,99.4893,99.4883,99.4873,99.4821,99.4892,99.4795,99.4821,99.4829,99.4759,99.4706,99.4367,99.4449,99.4445,99.4583,99.4737,99.4971,99.4645,99.4622,99.4898,99.5215,99.5302,99.5531,99.5208,99.5269,99.5215,99.5551,99.5748,99.5639,99.5515,99.5294,99.5407,99.5637,99.5639,99.556,99.5458,99.5406,99.517,99.5242,99.571,99.5581,99.5754,99.5681,99.5946,99.5929,99.602,99.635,99.658,99.6268,99.6268,99.612,99.6218,99.5895,99.5978,99.5777,99.5767,99.5651,99.563,99.5781,99.5832,99.5822,99.5965,99.6264,99.6564,99.6694,99.6365,99.6588,99.6595,99.6681,99.6846,99.672,99.652,99.6352,99.6423,99.684,99.6781,99.6834,99.6755,99.672,99.6913,99.7052,99.7187,99.7145,99.7076,99.7218,99.7273,99.7264,99.723,99.7783,99.7862,99.7704,99.7766,99.797,99.8399,99.8421,99.8566,99.8464,99.829,99.8308,99.8942,99.9194,99.9049,99.8898,99.8607,99.8717,99.9102,99.8571,99.8831,99.8403,99.7905,99.8117,99.8176,99.8602,99.8868,99.8936,99.9318,99.8615,99.8601,99.8775,99.8788,99.8543,99.8127,99.798,99.8331,99.8507,99.9692,100.005,100.052,100.069,100.059,100.091,100.14,100.108,100.066,99.9903,99.9648,99.9471,99.9448,100.001,100.075,100.012,99.9987,100.084,100.122,100.144,100.172,100.164,100.158,100.128,100.131,100.13,100.132,100.091,100.091,100.099,100.101,100.063,100.077,100.14,100.226,100.212,100.257,100.369,100.365,100.51,100.506,100.432,100.339,100.268,100.225,100.124,100.138,100.147,100.026,100.064,100.114,100.184,100.21,100.256,100.472,100.368,100.383,100.403,100.464,100.613,100.64,100.678,100.751,100.601,100.64,100.656,100.607,100.622,100.605,100.629,100.69,100.63,100.627,100.554,100.67,100.69,100.711,100.693,100.568,100.618,100.659,100.754,100.75,100.62,100.892,100.79,100.758,100.885,100.931,100.845,100.848,100.832,101.026,100.843,100.93,101.093,101.168,101.045,101.16,101.316,101.344,101.093,101.237,101.338,101.072,101.001,101.066,101,100.861,101.071,101.13,100.994,100.988,100.926,101.022,100.853,100.965,100.939,100.933,100.913,100.977,100.797,100.926,100.821,100.791,100.794,100.93,100.689,100.682,100.603,100.904,100.998,100.997,101.391,101.283,101.222,101.547,101.616,101.671,101.591,101.549,101.825,101.431,101.389,101.353,101.153,101.13,101.144,101.331,101.229,100.888,101.04,101.251,101.445,101.574,101.756,101.457,101.417,101.728,101.99,102.057,102.128,101.795,101.527,101.481,101.647,101.649,101.393,101.169,100.993,100.424,100.487,100.61,100.549,100.418,99.863,99.6505,99.5045,99.6615,100.302,100.287,100.372,100.319,100.575,100.931,101.263,101.658,101.768,101.526,101.496,101.312,101.15,100.846,100.782,100.358,100.115,100.137,100.21,100.254,100.635,100.831,100.856,100.806,100.792,100.992,100.658,100.923,100.563,100.278,100.323,100.547,100.638,100.997,100.946,101.3,101.239,101.654,101.77,101.866,101.547,101.459,101.195,101.116,101.016,100.647,100.637,100.384,100.154,100.329,100.364,100.658,100.577,100.401,100.66,100.471,100.753,100.917,101.104,101.066,101.123,101.413,101.156,101.258,101.21,100.791,100.478,100.837,101.153,100.895,101.035,101.067,100.639,100.836,101.03,101.341,100.647,100.152,100.508,100.003,100.221,100.632,100.311,100.39,100.412,100.661,100.739,100.443,100.206,100.205,100.048,100.26,100.014,100.014,99.683,99.9149,99.7498,100.102,99.9594,100.354,100.025,100.047,99.8946,99.9169,99.842,100.164,100.078,100.311,100.183,100.708,100.852,100.943,101.097,101.228,100.994,101.155,100.871,100.92,100.641,100.79,100.585,100.784,100.481,100.241,100.102,100.052,99.6017,99.4165,99.5153,99.6823,99.7317,100.013,100.138,100.06,100.397,100.377,100.358,100.022,99.8881,99.7255,99.4959,99.4865,100.175,99.9837,100.205,100.588,100.586,100.777,100.775,100.889,101.194,100.713,100.815,100.736,32.1429,-31.9672,130.645,7.62712,
F_1736A2/175_G_None_0.503_VS2,99.5855,1.4745,0.790178,107.901,98.9319,38.4162,607.585,95.4004,0.0133452,-2.71047,1.67288,28.1867,2943.94, ,150,1000,20.4082,121.127,78.7171,78.1194,77.8388,77.9494,78.3564,78.4997,78.3394,78.8028,78.2997,77.4276,77.5213,78.1596,78.152,78.1388,77.5788,77.8967,78.3467,78.3672,78.5141,79.0411,78.881,78.6323,78.1152,78.3692,78.601,78.4937,78.3352,79.1443,78.7469,78.7679,79.0679,79.7513,79.7007,79.2069,78.8249,78.8558,78.0763,78.0616,77.5228,77.0802,76.883,77.0853,77.0258,77.2536,77.2495,77.9301,78.1019,78.1227,78.6869,78.3978,77.905,78.499,78.6172,78.3207,78.0916,78.3291,78.9329,78.3656,78.4115,78.5035,78.1292,77.8557,78.6348,78.3491,78.4832,78.2127,78.9317,79.2659,79.2582,79.3861,79.5537,78.5502,78.5862,77.9016,77.7382,77.7293,77.5747,77.6663,78.0075,77.7089,78.0731,78.0731,78.6808,78.9468,78.7607,78.4635,78.3724,78.2154,78.6323,78.6634,78.6573,78.3996,78.278,78.0302,78.2262,78.4539,78.3263,78.0809,78.0097,78.1306,78.1779,78.5876,78.5238,78.2299,78.4457,78.3464,78.6257,78.7072,78.9273,78.4533,78.2189,78.4061,78.5891,77.9181,77.9089,77.1853,77.5454,77.7434,78.0798,77.565,78.0423,77.5073,78.0406,78.0792,78.1742,78.1111,77.6884,77.3762,77.4968,76.9061,77.3776,77.3389,77.7585,78.2743,78.4339,78.2177,78.697,78.2886,78.642,78.886,78.8566,78.8283,78.73,78.2601,78.5205,78.1972,78.7163,78.4051,78.1772,77.9568,77.9703,77.8173,78.0188,77.9193,78.0099,77.7732,77.9034,78.0231,78.1962,78.3258,78.4144,78.5376,78.7061,78.7246,78.6794,78.6978,78.5211,78.5927,78.5044,78.5036,78.3256,78.4458,78.4675,78.6545,78.6322,78.7458,78.6168,78.4098,78.3807,78.436,78.2753,78.4291,78.4013,78.5457,78.5924,78.6929,78.7302,78.6622,78.7202,78.6692,78.7524,78.7515,78.7455,78.7606,78.781,78.9736,79.2964,79.6338,79.9904,80.2181,80.401,80.6003,80.6913,80.6829,80.6513,80.5376,80.3837,80.2556,80.0842,79.9249,79.7858,79.6289,79.4813,79.3294,79.1678,79.0029,78.8051,78.6138,78.4075,78.1537,77.901,77.6478,77.3677,77.1266,76.8831,76.681,76.4768,76.2894,76.1507,76.0203,75.892,75.805,75.6434,75.5323,75.397,75.2971,75.2357,75.1887,75.2173,75.302,75.3853,75.5352,75.6478,75.7568,75.7824,75.7583,75.7357,75.7292,75.7307,75.8971,76.2029,76.5094,76.7888,77.2648,77.7014,78.0912,78.4214,78.5748,78.6592,78.7665,78.7358,78.983,79.3443,79.7909,80.3674,80.9513,81.6521,82.284,82.7577,83.1942,83.5239,83.6558,83.6618,83.911,84.3994,84.5554,85.3645,85.964,86.9126,87.6888,88.545,89.6911,90.5801,91.2167,92.1041,92.6448,93.4255,94.1004,94.7264,95.4936,95.7559,96.1498,96.6741,97.3298,97.2905,97.0303,96.8692,96.7798,96.5691,96.9091,97.0806,97.535,97.6186,98.12,98.6259,99.0217,99.3892,99.604,99.6882,99.7305,99.2996,99.1563,99.2731,99.2833,99.0443,99.0103,99.094,99.0523,99.1861,99.4526,99.1981,99.2472,99.0866,99.2278,98.9541,98.9866,99.157,99.0535,99.0816,99.4326,99.0405,99.1345,99.3728,99.4666,99.3636,99.1798,99.0319,98.8114,98.439,98.637,98.5965,98.3255,98.5699,98.5514,98.5186,98.5391,98.3969,98.4304,98.3593,98.2043,97.9119,97.6917,97.1843,97.183,97.0975,96.8241,96.9296,96.7674,96.8018,96.8522,96.8281,97.0454,96.7836,96.7952,97.0117,97.4216,97.4026,97.3508,97.4402,97.1375,97.3137,97.4604,97.3952,97.5379,96.9079,96.7602,96.8137,96.8625,96.927,97.0159,97.0713,97.1738,97.0559,97.2304,97.2059,97.1855,97.0798,97.1794,97.1191,97.2401,97.1161,97.0021,96.9251,97.0893,97.1506,97.1276,97.3791,97.2554,97.1247,97.3505,97.5935,97.5914,97.5928,97.4602,97.4296,97.2862,97.3678,97.3507,97.359,97.0335,97.0407,97.0473,97.0618,97.0557,97.1555,97.2465,97.186,96.9129,97.0999,97.2434,97.4731,97.3711,97.4969,97.6401,97.5972,97.7438,97.9166,98.0762,97.9494,97.9383,98.1877,98.2784,97.9883,98.0039,98.1844,98.1927,98.1607,98.0206,97.9781,97.8691,97.5808,97.4301,97.4536,97.0995,97.2446,97.4311,97.6321,97.4056,97.4805,97.9294,98.2303,98.1812,98.6732,98.6142,98.4868,98.6005,99.0435,98.9854,98.765,98.8034,98.7668,98.6641,98.6769,98.7377,98.5415,98.1517,98.1421,98.2285,98.4334,98.6051,98.5372,98.5858,98.4634,98.6955,98.942,98.9205,98.9273,98.8863,98.9732,98.8179,98.6365,98.6833,98.7159,98.6637,98.9809,98.9344,98.7177,98.5319,98.9006,99.2648,99.4276,99.2803,99.6647,99.7219,99.8142,99.7794,99.6963,99.4827,99.3898,99.5519,99.9396,99.5391,99.6342,99.3184,99.6504,99.9083,100.127,99.9807,99.4319,98.979,98.8777,98.739,99.163,99.0843,99.0152,98.8477,99.2651,99.8243,99.8965,100.443,100.363,100.561,100.722,101.07,101.063,100.719,100.414,100.409,100.423,100.567,100.433,100.712,100.328,100.323,100.523,100.988,101.152,101.001,100.941,101.037,100.225,100.378,100.653,100.683,100.324,100.541,100.241,100.29,100.538,101.051,101.016,100.966,100.979,101.304,101.094,101.336,101.47,101.358,101.296,101.313,101.251,101.434,101.507,101.445,101.307,101.454,101.591,102.034,102.275,102.216,102.129,102.111,102.969,103.28,103.963,103.928,103.826,103.688,103.97,104.059,103.791,103.44,103.769,102.97,103.054,103.022,103.399,103.79,103.901,104.423,104.565,104.324,104.444,103.988,104.301,104.108,103.882,103.662,102.595,102.626,102.51,102.508,102.95,103.192,103.419,103.001,103.596,104.81,104.3,104.476,104.951,104.818,104.103,103.916,103.995,103.036,103.102,103.803,103.504,103.566,103.369,103.28,102.693,102.671,103.468,103.186,103.588,104.587,104.61,105.734,106.254,107.455,108.113,107.864,107.432,107.031,106.731,105.155,104.419,104.204,104.472,105.194,105.783,106.317,107.305,107.114,108.01,108.035,108.448,107.502,106.761,107.279,107.568,106.919,107.259,108.744,109.09,108.844,110.311,110.781,110.597,110.366,109.678,110.072,109.606,109.7,110.039,109.756,108.609,109.135,109.323,109.886,109.291,108.885,108.334,109.021,109.096,109.988,108.874,109.297,109.485,110.286,109.631,110.198,111.155,111.067,111.328,112.383,112.001,112.081,113.071,113.959,114.165,112.702,113.25,113.55,113.804,113.81,114.141,113.415,112.845,113.707,114.304,114,113.84,111.846,113.137,112.202,111.553,113.451,113.637,114.076,115.459,116.461,119.885,119.44,120.772,121.92,120.61,120.673,121.057,120.718,119.366,115.621,116.227,116.565,117.553,116.963,118.654,117.147,117.257,120.112,123.164,124.746,124.266,122.079,125.764,123.313,124.821,126.844,127.064,126.567,124.159,125.148,128.734,126.604,128.709,129.889,127.905,126.461,128.628,130.415,130.861,130.037,135.212,134.359,134.337,133.546,135.67,134.799,135.991,137.587,135.67,134.655,135.011,136.219,141.003,142.021,144.502,145.95,150.351,157.961,156.921,161.14,162.423,160.875,160.693,162.713,162.96,161.159,158.682,160.656,154.747,153.131,150.225,148.225,147.006,143.076,142.59,142.054,140.97,144.046,147.757,147.57,147.438,147.803,152.51,148.831,150.067,154.378,156.31,158.64,169.186,180.366,181.921,183.924,192.049,198.632,203.376,201.399,193.068,187.464,184.214,180.035,179.393,179.942,177.036,167.585,165.669,161.841,165.967,162.991,166.427,166.278,164.435,164.761,171.993,173.227,174.698,165.995,167.61,164.816,164.66,156.554,157.645,156.136,154.578,154.802,158.364,156.24,152.337,152.158,162.959,154.428,157.63,157.328,158.294,155.766,154.924,155.627,151.728,143.543,144.662,134.458,137.342,133.429,135.297,131.297,134.374,135.901,132.474,134.251,140.603,140.592,144.481,137.99,143.047,138.604,135.165,139.708,134.745,128.896,122.424,121.162,126.134,126.419,126.839,128.297,126.465,125.553,122.704,124.702,125.479,118.897,112.886,114.663,114.78,116.021,116.162,119.001,119.919,118.335,120.51,120.238,119.712,117.462,118.44,119.814,123.134,121.713,121.691,120.792,122.268,118.393,115.567,111.336,111.786,107.063,105.406,104.147,102.989,102.324,103.03,103.464,103.02,101.914,100.871,102.085,100.834,99.4392,99.7505,98.5534,98.1389,99.3272,99.198,99.4854,95.2266,94.2428,95.321,94.6038,94.0859,93.46,92.5504,90.5562,90.0136,92.0839,92.6637,92.6495,94.1298,94.9992,95.6418,94.3929,95.011,95.7233,93.5722,92.1004,90.2491,88.6272,86.6837,85.2343,85.4748,85.1604,84.3423,86.5726,86.3844,86.9826,86.3274,85.6994,86.7737,86.7385,85.146,84.4456,82.4582,83.1232,82.1224,82.7717,85.0032,84.5182,82.9541,84.7068,84.6512,84.4968,85.8722,86.2013,86.3153,85.3992,84.6433,86.4341,84.2536,84.0665,83.9762,83.458,84.1807,81.7995,82.7644,82.7945,82.2494,83.7427,83.7867,84.6942,83.7226,83.8174,85.5067,84.0383,84.0607,84.7969,84.6494,85.3298,85.1028,86.274,85.6201,84.734,85.8055,85.9224,85.7925,86.0768,86.5422,87.38,86.7831,86.8969,89.2,88.0966,89.1527,88.0019,88.7095,88.2913,86.7439,87.3517,87.8957,86.6565,87.2541,86.9843,87.1002,84.8463,84.7578,86.0517,84.2862,84.815,83.5006,81.9703,80.5249,81.1752,81.798,81.4373,80.6491,81.2619,-52.0548,106.207,-174.468,95.288,
W_Calibration,100,0,0,95.0422,100,108.876,565.016,99.9909,1.74827e-05,0.00127928,0,0,6504.1, ,0,100,100,100,100,100,100,100,100,100,100,100,100,100,100,100,100,100,100,100,100,100,100,100,100,100,100,100,100,100,100,100,100,100,100,100,100,100,100,100,100,100,100,100,100,100,100,100,100,100,100,100,100,100,100,100,100,100,100,100,100,100,100,100,100,100,100,100,100,100,100,100,100,100,100,100,100,100,100,100,100,100,100,100,100,100,100,100,100,100,100,100,100,100,100,100,100,100,100,100,100,100,100,100,100,100,100,100,100,100,100,100,100,100,100,100,100,100,100,100,100,100,100,100,100,100,100,100,100,100,100,100,100,100,100,100,100,100,100,100,100,100,100,100,100,100,100,100,100,100,100,100,100,100,100,100,100,100,100,100,100,100,100,100,100,100,100,100,100,100,100,100,100,100,100,100,100,100,100,100,100,100,100,100,100,100,100,100,100,100,100,100,100,100,100,100,100,100,100,100,100,100,100,100,100,100,100,100,100,100,100,100,100,100,100,100,100,100,100,100,100,100,100,100,100,100,100,100,100,100,100,100,100,100,100,100,100,100,100,100,100,100,100,100,100,100,100,100,100,100,100,100,100,100,100,100,100,100,100,100,100,100,100,100,100,100,100,100,100,100,100,100,100,100,100,100,100,100,100,100,100,100,100,100,100,100,100,100,100,100,100,100,100,100,100,100,100,100,100,100,100,100,100,100,100,100,100,100,100,100,100,100,100,100,100,100,100,100,100,100,100,100,100,100,100,100,100,100,100,100,100,100,100,100,100,100,100,100,100,100,100,100,100,100,100,100,100,100,100,100,100,100,100,100,100,100,100,100,100,100,100,100,100,100,100,100,100,100,100,100,100,100,100,100,100,100,100,100,100,100,100,100,100,100,100,100,100,100,100,100,100,100,100,100,100,100,100,100,100,100,100,100,100,100,100,100,100,100,100,100,100,100,100,100,100,100,100,100,100,100,100,100,100,100,100,100,100,100,100,100,100,100,100,100,100,100,100,100,100,100,100,100,100,100,100,100,100,100,100,100,100,100,100,100,100,100,100,100,100,100,100,100,100,100,100,100,100,100,100,100,100,100,100,100,100,100,100,100,100,100,100,100,100,100,100,100,100,100,100,100,100,100,100,100,100,100,100,100,100,100,100,100,100,100,100,100,100,100,100,100,100,100,100,100,100,100,100,100,100,100,100,100,100,100,100,100,100,100,100,100,100,100,100,100,100,100,100,100,100,100,100,100,100,100,100,100,100,100,100,100,100,100,100,100,100,100,100,100,100,100,100,100,100,100,100,100,100,100,100,100,100,100,100,100,100,100,100,100,100,100,100,100,100,100,100,100,100,100,100,100,100,100,100,100,100,100,100,100,100,100,100,100,100,100,100,100,100,100,100,100,100,100,100,100,100,100,100,100,100,100,100,100,100,100,100,100,100,100,100,100,100,100,100,100,100,100,100,100,100,100,100,100,100,100,100,100,100,100,100,100,100,100,100,100,100,100,100,100,100,100,100,100,100,100,100,100,100,100,100,100,100,100,100,100,100,100,100,100,100,100,100,100,100,100,100,100,100,100,100,100,100,100,100,100,100,100,100,100,100,100,100,100,100,100,100,100,100,100,100,100,100,100,100,100,100,100,100,100,100,100,100,100,100,100,100,100,100,100,100,100,100,100,100,100,100,100,100,100,100,100,100,100,100,100,100,100,100,100,100,100,100,100,100,100,100,100,100,100,100,100,100,100,100,100,100,100,100,100,100,100,100,100,100,100,100,100,100,100,100,100,100,100,100,100,100,100,100,100,100,100,100,100,100,100,100,100,100,100,100,100,100,100,100,100,100,100,100,100,100,100,100,100,100,100,100,100,100,100,100,100,100,100,100,100,100,100,100,100,100,100,100,100,100,100,100,100,100,100,100,100,100,100,100,100,100,100,100,100,100,100,100,100,100,100,100,100,100,100,100,100,100,100,100,100,100,100,100,100,100,100,100,100,100,100,100,100,100,100,100,100,100,100,100,100,100,100,100,100,100,100,100,100,100,100,100,100,100,100,100,100,100,100,100,100,100,100,100,100,100,100,100,100,100,100,100,100,100,100,100,100,100,100,100,100,100,100,100,100,100,100,100,100,100,100,100,100,100,100,100,100,100,100,100,100,100,100,100,100,100,100,100,100,100,100,100,100,100,100,100,100,100,100,100,100,100,100,100,100,100,100,100,100,100,100,100,100,100,100,100,100,100,100,100,100,100,100,100,100,100,100,100,100,100,100,100,100,100,100,100,100,100,100,100,100,100,100,100,100,100,100,100,100,100,100,100,100,100,100,100,100,100,100,100,100,100,100,100,100,100,100,100,100,100,100,100,100,100,100,100,100,100,100,100,100,
F_Calibration,100,0,0,108.104,100,39.2965,491.07,99.9909,0.000170256,0.00127928,0,0,3000.62, ,0,100,100,100,100,100,100,100,100,100,100,100,100,100,100,100,100,100,100,100,100,100,100,100,100,100,100,100,100,100,100,100,100,100,100,100,100,100,100,100,100,100,100,100,100,100,100,100,100,100,100,100,100,100,100,100,100,100,100,100,100,100,100,100,100,100,100,100,100,100,100,100,100,100,100,100,100,100,100,100,100,100,100,100,100,100,100,100,100,100,100,100,100,100,100,100,100,100,100,100,100,100,100,100,100,100,100,100,100,100,100,100,100,100,100,100,100,100,100,100,100,100,100,100,100,100,100,100,100,100,100,100,100,100,100,100,100,100,100,100,100,100,100,100,100,100,100,100,100,100,100,100,100,100,100,100,100,100,100,100,100,100,100,100,100,100,100,100,100,100,100,100,100,100,100,100,100,100,100,100,100,100,100,100,100,100,100,100,100,100,100,100,100,100,100,100,100,100,100,100,100,100,100,100,100,100,100,100,100,100,100,100,100,100,100,100,100,100,100,100,100,100,100,100,100,100,100,100,100,100,100,100,100,100,100,100,100,100,100,100,100,100,100,100,100,100,100,100,100,100,100,100,100,100,100,100,100,100,100,100,100,100,100,100,100,100,100,100,100,100,100,100,100,100,100,100,100,100,100,100,100,100,100,100,100,100,100,100,100,100,100,100,100,100,100,100,100,100,100,100,100,100,100,100,100,100,100,100,100,100,100,100,100,100,100,100,100,100,100,100,100,100,100,100,100,100,100,100,100,100,100,100,100,100,100,100,100,100,100,100,100,100,100,100,100,100,100,100,100,100,100,100,100,100,100,100,100,100,100,100,100,100,100,100,100,100,100,100,100,100,100,100,100,100,100,100,100,100,100,100,100,100,100,100,100,100,100,100,100,100,100,100,100,100,100,100,100,100,100,100,100,100,100,100,100,100,100,100,100,100,100,100,100,100,100,100,100,100,100,100,100,100,100,100,100,100,100,100,100,100,100,100,100,100,100,100,100,100,100,100,100,100,100,100,100,100,100,100,100,100,100,100,100,100,100,100,100,100,100,100,100,100,100,100,100,100,100,100,100,100,100,100,100,100,100,100,100,100,100,100,100,100,100,100,100,100,100,100,100,100,100,100,100,100,100,100,100,100,100,100,100,100,100,100,100,100,100,100,100,100,100,100,100,100,100,100,100,100,100,100,100,100,100,100,100,100,100,100,100,100,100,100,100,100,100,100,100,100,100,100,100,100,100,100,100,100,100,100,100,100,100,100,100,100,100,100,100,100,100,100,100,100,100,100,100,100,100,100,100,100,100,100,100,100,100,100,100,100,100,100,100,100,100,100,100,100,100,100,100,100,100,100,100,100,100,100,100,100,100,100,100,100,100,100,100,100,100,100,100,100,100,100,100,100,100,100,100,100,100,100,100,100,100,100,100,100,100,100,100,100,100,100,100,100,100,100,100,100,100,100,100,100,100,100,100,100,100,100,100,100,100,100,100,100,100,100,100,100,100,100,100,100,100,100,100,100,100,100,100,100,100,100,100,100,100,100,100,100,100,100,100,100,100,100,100,100,100,100,100,100,100,100,100,100,100,100,100,100,100,100,100,100,100,100,100,100,100,100,100,100,100,100,100,100,100,100,100,100,100,100,100,100,100,100,100,100,100,100,100,100,100,100,100,100,100,100,100,100,100,100,100,100,100,100,100,100,100,100,100,100,100,100,100,100,100,100,100,100,100,100,100,100,100,100,100,100,100,100,100,100,100,100,100,100,100,100,100,100,100,100,100,100,100,100,100,100,100,100,100,100,100,100,100,100,100,100,100,100,100,100,100,100,100,100,100,100,100,100,100,100,100,100,100,100,100,100,100,100,100,100,100,100,100,100,100,100,100,100,100,100,100,100,100,100,100,100,100,100,100,100,100,100,100,100,100,100,100,100,100,100,100,100,100,100,100,100,100,100,100,100,100,100,100,100,100,100,100,100,100,100,100,100,100,100,100,100,100,100,100,100,100,100,100,100,100,100,100,100,100,100,100,100,100,100,100,100,100,100,100,100,100,100,100,100,100,100,100,100,100,100,100,100,100,100,100,100,100,100,100,100,100,100,100,100,100,100,100,100,100,100,100,100,100,100,100,100,100,100,100,100,100,100,100,100,100,100,100,100,100,100,100,100,100,100,100,100,100,100,100,100,100,100,100,100,100,100,100,100,100,100,100,100,100,100,100,100,100,100,100,100,100,100,100,100,100,100,100,100,100,100,100,100,100,100,100,100,100,100,100,100,100,100,100,100,100,100,100,100,100,100,100,100,100,100,100,100,100,100,100,100,100,100,100,100,100,100,100,100,100,100,100,100,100,100,100,100,100,100,100,100,100,100,100,100,
W_3517A2/160_K_None_0.503_VS2,91.7468,-1.30477,3.18741,75.5248,80.138,82.8362,569.66,65.1192,0.0305979,0.590338,3.44413,112.262,6254.14, ,0,254.065,54.5267,72.4044,73.9707,74.2657,74.2198,74.2832,75.0393,74.8108,75.1269,75.668,76.0193,75.9106,75.5396,76.042,76.1977,75.9395,76.2888,76.3211,76.2544,75.4596,75.8616,75.9285,75.5625,75.605,75.4426,75.1192,75.1725,74.7487,75.2877,74.8154,74.6554,74.4751,74.5416,74.0954,74.3717,74.4535,74.4711,74.7561,75.0008,75.6755,76.1318,76.3414,76.2502,75.4731,75.2644,75.3484,75.0486,75.0326,74.4016,74.2594,73.5809,73.5309,73.9686,74.0806,74.2365,74.4065,74.3365,74.4233,74.4261,75.0254,75.7454,75.4084,75.647,75.322,75.6442,75.8637,76.1431,75.9995,75.7139,74.8561,75.2558,75.1204,74.9458,74.7413,74.6757,74.8885,74.9202,74.7525,75.0849,74.8948,75.1368,75.3449,74.9834,75.0953,75.0862,74.8944,74.6668,74.8834,74.9549,74.7117,74.6803,75.0129,74.6431,74.4401,74.576,74.829,74.4733,74.7402,74.5149,74.5536,74.331,74.7399,74.7219,74.7426,74.7293,74.9142,74.6901,74.952,75.0006,74.956,74.5301,74.9749,75.1688,75.2519,75.2325,75.1196,75.1224,75.147,75.3787,75.5892,74.8272,74.6025,74.7298,74.8569,74.7737,74.7109,74.653,74.4139,74.5416,74.9005,74.9005,74.6601,74.9146,75.727,75.7101,75.6585,75.8613,75.934,75.8943,75.8646,75.8945,75.5562,75.181,74.6354,74.6733,74.7661,74.9709,75.3454,75.5116,75.9416,76.1564,76.1477,76.8756,76.7945,76.7242,76.4561,76.325,76.1863,75.942,75.8995,75.4522,75.3461,75.2754,75.2457,74.9696,74.6139,74.6001,74.5942,74.9119,75.0522,75.1886,75.3893,75.3952,75.6301,75.8252,75.7954,75.7008,75.1761,75.4425,74.9504,74.8164,74.5172,74.4843,74.005,73.6885,73.7487,73.9114,73.5824,73.3947,73.448,73.4215,72.871,72.7761,72.7582,72.22,72.1284,71.6944,71.7595,71.2985,71.1461,70.9313,70.8446,70.7582,70.7042,70.0524,70.0953,69.8981,69.9067,69.8502,70.2231,69.9895,69.736,69.577,69.5869,69.335,69.2747,69.1588,68.6792,68.2084,68.1215,68.0159,67.9228,67.5992,67.4941,67.0402,66.7394,66.2561,65.9906,65.6747,65.2378,64.7039,64.2972,63.7234,63.4487,62.6913,62.1931,61.4131,60.6484,60.0623,59.4997,58.7954,58.1258,57.3965,56.8664,56.1747,55.4924,54.8052,54.0997,53.4059,52.9212,52.6134,52.4806,52.4016,52.3866,52.3779,52.3647,52.2904,52.114,51.8948,51.7032,51.6822,51.848,52.2656,52.8408,53.5551,54.3023,55.0989,55.9177,56.8381,57.7633,58.6487,59.3576,59.7777,59.6971,59.3029,59.152,59.5293,60.1119,60.8247,61.6426,62.6362,63.9154,65.6812,67.8057,69.5284,70.6155,71.3883,71.9912,72.5338,73.0004,73.4077,73.7992,74.0721,74.3574,74.633,74.8405,75.0758,75.2983,75.4909,75.6703,75.8303,75.9659,76.0819,76.1723,76.2724,76.3441,76.3687,76.4473,76.5197,76.5671,76.653,76.7234,76.7913,76.8559,76.9147,76.9713,76.9869,76.9993,77.0025,76.9358,76.8616,76.7932,76.7274,76.6605,76.6143,76.5796,76.5652,76.5346,76.5779,76.6046,76.6673,76.7164,76.7491,76.7803,76.8053,76.7979,76.8108,76.7914,76.7953,76.8016,76.8083,76.8351,76.8589,76.9021,76.9575,77.0222,77.0784,77.1345,77.1515,77.1553,77.1325,77.0748,76.9532,76.8161,76.6707,76.5169,76.39,76.3084,76.2928,76.3565,76.5089,76.6982,76.935,77.2054,77.5049,77.7904,78.026,78.2292,78.3846,78.4977,78.6091,78.7159,78.7863,78.8543,78.8922,78.9584,79.0196,79.0709,79.1269,79.1907,79.2416,79.2936,79.3442,79.4148,79.4513,79.4872,79.5273,79.5401,79.5498,79.5693,79.6099,79.6434,79.6687,79.6967,79.7212,79.7552,79.7976,79.8399,79.8913,79.9042,79.9054,79.9106,79.934,79.9716,79.9718,79.9792,79.9849,79.9692,79.9883,80.0003,80.0203,80.0515,80.0574,80.0932,80.1159,80.1424,80.1717,80.1905,80.2081,80.2258,80.2277,80.231,80.2313,80.2394,80.23,80.2243,80.2252,80.2407,80.2424,80.2457,80.2448,80.2506,80.2444,80.2711,80.2965,80.3097,80.3192,80.3469,80.3715,80.3971,80.4114,80.4212,80.4303,80.4377,80.4437,80.4493,80.435,80.4308,80.4016,80.3939,80.419,80.415,80.3965,80.3982,80.4028,80.4155,80.4061,80.4274,80.4312,80.4071,80.3978,80.4127,80.3939,80.3956,80.3942,80.4099,80.4132,80.421,80.4497,80.4659,80.4545,80.4582,80.4275,80.4178,80.4047,80.4072,80.4142,80.3954,80.3863,80.399,80.4152,80.4342,80.443,80.4486,80.4502,80.4381,80.436,80.4306,80.4284,80.4087,80.4087,80.4121,80.3988,80.4085,80.3936,80.4074,80.414,80.4155,80.4351,80.4412,80.4318,80.4251,80.4211,80.4457,80.4338,80.4184,80.42,80.4318,80.4235,80.4191,80.4357,80.4184,80.4058,80.3977,80.4141,80.3967,80.3751,80.3788,80.3789,80.375,80.3889,80.4044,80.4092,80.39,80.4051,80.3992,80.3947,80.372,80.36,80.3549,80.3528,80.3495,80.3695,80.3619,80.3647,80.3525,80.3708,80.371,80.3669,80.3562,80.3768,80.3699,80.3701,80.3724,80.3966,80.4005,80.3765,80.3854,80.3704,80.3565,80.3426,80.3464,80.3286,80.3112,80.3061,80.3358,80.3122,80.3023,80.2777,80.2843,80.2633,80.2567,80.2305,80.2283,80.2094,80.2326,80.242,80.2571,80.2452,80.2527,80.2654,80.2875,80.287,80.2931,80.2643,80.2625,80.2682,80.2802,80.2769,80.2749,80.2627,80.273,80.2588,80.2789,80.2731,80.2547,80.2577,80.244,80.2402,80.2372,80.2126,80.2144,80.1857,80.1821,80.1817,80.1703,80.1594,80.1633,80.1734,80.1788,80.1857,80.1831,80.1973,80.1976,80.1815,80.2235,80.2047,80.2031,80.2053,80.1916,80.2071,80.1931,80.1794,80.19,80.1527,80.1652,80.1628,80.1755,80.2023,80.2121,80.2051,80.2291,80.21,80.2223,80.2066,80.2167,80.2227,80.1992,80.1849,80.2027,80.178,80.2052,80.2154,80.2431,80.2079,80.1751,80.1825,80.1931,80.1926,80.2158,80.2069,80.1903,80.1849,80.2201,80.2544,80.2697,80.2631,80.2752,80.2806,80.2877,80.3208,80.3251,80.3213,80.2982,80.2941,80.3153,80.2952,80.3219,80.3443,80.3281,80.3341,80.3716,80.3694,80.3985,80.4144,80.4325,80.4249,80.4337,80.4398,80.4464,80.4577,80.4885,80.4664,80.4319,80.4536,80.428,80.4007,80.3873,80.3869,80.3383,80.3272,80.3417,80.3618,80.3562,80.3996,80.4146,80.4269,80.4777,80.5084,80.5314,80.5425,80.6321,80.6365,80.6756,80.735,80.7615,80.7706,80.8025,80.8391,80.8942,80.841,80.9372,80.9075,80.9412,80.9827,80.9881,81.0436,81.0995,81.1145,81.1992,81.2063,81.2641,81.2665,81.3266,81.3363,81.3365,81.28,81.328,81.3522,81.358,81.3979,81.4598,81.4703,81.5453,81.5735,81.6742,81.6978,81.6291,81.5731,81.4825,81.3563,81.2868,81.2928,81.244,81.1902,81.1744,81.2574,81.3388,81.4282,81.5991,81.7281,81.6622,81.7896,81.9291,82.0629,82.1397,82.2811,82.4734,82.5691,82.6231,82.8456,82.971,82.9211,82.8594,82.9737,82.9523,82.8997,82.9982,83.0682,83.0809,83.1366,83.2891,83.4389,83.4269,83.5577,83.7185,83.6833,83.7316,83.6666,83.6039,83.5866,83.5839,83.6721,83.6558,83.577,83.5455,83.6598,83.8474,83.857,84.0316,84.0665,84.1939,84.3729,84.4588,84.6675,84.6696,84.6375,84.8079,84.8295,84.8382,84.7521,84.6907,84.9319,84.9166,85.0133,85.1131,85.1302,84.9828,85.0931,85.0932,85.1109,84.8125,84.7033,84.7022,84.5722,84.2995,84.1912,84.1429,83.9248,83.8268,84.0294,84.1367,84.1895,84.1878,84.5019,84.7014,84.9405,85.258,85.548,85.5387,85.7706,85.8737,86.1137,86.3441,86.6142,86.6698,86.7724,86.7623,86.9154,86.972,87.2746,87.5216,87.5908,87.8299,87.9061,88.1739,88.522,88.753,89.0395,89.245,89.5873,89.9755,90.1644,90.5261,90.6733,90.6577,90.905,91.2658,91.3385,91.3369,91.2307,91.5129,91.9108,92.0529,92.1374,92.2151,92.1233,92.1487,92.3368,92.758,92.7901,92.4611,92.797,92.979,93.0916,92.8711,93.3102,93.6286,93.4542,93.3104,93.6104,93.5787,93.5108,93.3278,93.9199,93.9781,94.0298,94.15,94.3448,94.3998,94.5427,94.8386,95.2672,94.8329,94.8357,95.0776,95.4004,95.4002,95.2012,95.5225,95.5411,95.4775,95.7472,95.6105,95.2615,94.9539,94.9247,95.1434,94.8826,94.96,95.1155,95.4129,95.2522,95.3228,95.3565,95.5766,95.7628,95.3357,95.1567,94.8595,94.1985,94.0211,93.361,92.594,91.8814,90.9931,90.3978,89.3687,88.6638,88.2713,88.2174,88.0636,88.2857,88.1488,88.4005,88.7416,89.4355,89.4797,89.515,88.8905,88.6547,88.4822,88.5786,88.0925,87.9006,87.4794,87.3005,87.2369,87.3725,87.516,87.388,87.0388,86.7802,86.5841,86.4056,86.5437,86.8963,87.0316,87.0851,87.0083,87.3847,87.4387,87.4098,87.3031,87.4752,86.8083,86.4998,86.2997,86.1257,85.5737,85.441,84.86,84.3313,83.4304,83.2193,82.9023,82.5183,81.8508,81.6696,81.1689,80.9324,80.9533,81.0573,81.1789,81.0841,81.082,81.1327,80.9411,81.1749,81.1216,81.0766,81.3372,81.1504,80.9815,80.8634,81.2025,81.4878,81.3102,81.4694,81.8246,81.8187,81.8989,81.9159,82.0034,82.0652,81.8977,82.1775,82.2705,81.9292,81.8187,81.7992,82.2538,82.3431,82.2051,82.1372,82.0592,82.197,82.6421,82.9099,83.1095,82.707,82.9166,83.317,83.5868,83.7628,84.0493,83.8955,83.6777,83.726,84.1232,83.9565,83.8079,83.7311,83.7891,83.487,83.4835,83.7302,83.6283,83.486,83.4571,83.6176,83.7885,83.9393,84.1013,84.2175,84.1579,84.3315,84.6874,72.4044,6416.67,-61.9658,-30.5907,
F_3517A2/160_K_None_0.503_VS2,99.5412,1.7695,4.0792,107.969,98.818,36.495,587.419,81.6049,0.0553257,-4.75277,4.44646,66.5495,2904.62, ,0,185.385,-91.5385,-95.6,63.6943,64.3492,64.4053,64.228,64.2193,63.4648,64.1141,64.8632,65.3655,65.7738,66.0253,65.8317,66.2739,66.7047,67.4025,66.6929,66.6813,65.955,65.54,65.0994,65.4421,64.9481,64.1817,63.9975,64.6234,64.2233,64.9525,64.278,64.9206,64.9842,65.3571,65.6062,65.5052,64.9685,64.8179,64.2511,64.9264,64.5949,64.6248,64.2828,63.8522,63.5534,63.7605,64.0687,64.3003,64.9136,64.7807,63.9808,64.2573,64.7939,64.6376,64.7495,64.5282,64.7337,63.7016,63.2561,63.9908,64.041,63.5715,63.9443,63.8556,64.5476,64.3303,64.7008,65.4508,65.8068,65.9737,66.5269,66.3854,66.3571,66.1427,66.2661,66.5103,66.2691,65.5922,65.333,65.3769,65.5758,65.6783,65.4828,65.3929,65.195,65.2168,65.118,65.0907,64.8754,64.7799,65.0894,64.693,64.8871,64.6406,64.6819,64.6069,64.3953,64.633,64.8025,64.4839,64.8382,64.3575,64.8614,64.6099,64.8585,64.7357,64.3251,64.2946,64.1181,64.3612,64.8873,64.2681,64.2157,64.3359,65.2605,65.5831,65.7148,66.115,66.1065,65.6614,65.9612,65.595,65.6293,64.8567,64.887,65.2872,65.4827,65.6823,65.6752,65.9995,66.5195,66.607,66.3524,66.3868,65.9569,65.616,65.6985,65.8787,65.7287,65.5234,65.7992,66.3477,66.7012,66.9109,67.2506,66.8655,66.701,66.965,67.2361,66.9648,66.6786,66.3973,66.2502,66.1911,66.052,65.9606,65.7541,65.5097,65.565,65.622,65.6641,65.641,65.3963,65.5055,65.3848,65.3317,65.5118,65.2384,65.1243,64.9703,64.884,64.9679,64.9521,65.0588,65.0362,65.005,65.1096,65.0951,65.2384,65.3122,65.2735,65.3754,65.5443,65.5802,65.6549,65.7631,65.8518,65.939,65.9497,66.0247,66.0131,66.1475,66.1765,66.01,66.0356,66.1672,66.1956,66.495,66.8792,67.3556,67.9403,68.4501,68.8861,69.3024,69.554,69.7412,69.7418,69.6058,69.4048,69.1115,68.7546,68.4355,68.0587,67.726,67.367,67.037,66.704,66.3702,66.0202,65.6676,65.2618,64.8626,64.4282,64.0075,63.5805,63.1752,62.7666,62.3852,62.0305,61.7588,61.4924,61.2425,61.0029,60.7762,60.522,60.2925,60.0876,59.8925,59.6861,59.5626,59.5434,59.6113,59.6916,59.8621,60.0214,60.1057,60.2135,60.2621,60.2653,60.2195,60.1643,60.2044,60.3079,60.6244,61.1263,61.6781,62.2962,62.7883,63.3025,63.7733,64.0098,64.1757,64.2482,64.3421,64.7239,65.1747,65.8772,66.7844,67.7925,69.0187,70.3233,71.4756,72.3815,72.7971,72.5339,72.4107,72.4495,72.838,73.3881,74.1317,74.8955,75.9467,77.0651,78.9228,80.8854,82.4095,83.555,84.754,85.4869,86.2301,87.2568,88.1582,89.0417,89.9358,90.606,91.1643,91.5216,91.9649,92.0145,91.9908,92.0617,92.1448,92.0116,92.1173,92.2606,92.5912,92.9995,93.2104,93.4571,93.7943,94.3055,94.6369,94.8396,94.8664,94.7376,94.1834,94.3115,94.4328,94.3944,94.4249,94.262,94.1799,94.0003,93.8124,94.303,94.4924,94.2841,94.5858,94.1404,94.2701,94.4432,94.2423,94.2309,94.0241,93.9137,93.9623,93.6124,93.6583,93.3665,93.58,93.7415,93.8729,93.6931,93.8394,93.6865,93.5837,93.6387,93.8291,93.7596,93.6823,93.4437,93.6577,93.3712,93.4526,93.308,93.1261,92.8294,92.2507,92.009,91.9852,91.944,92.0039,91.9641,92.154,92.4424,92.5684,92.9656,93.4294,93.6462,93.5332,93.3642,93.7714,93.927,93.8544,94.0416,94.0113,94.0608,94.0313,94.1692,94.3601,94.2452,93.9617,93.9501,94.0032,93.9052,93.8229,93.9544,93.9286,93.957,93.8883,93.8297,93.9193,94.0582,94.3129,94.7232,94.6945,94.8659,94.8968,94.8223,95.145,95.1904,94.9386,94.8447,94.6068,94.8588,94.7106,95.0114,95.0837,95.1595,95.015,95.2335,95.4227,95.3912,95.1797,95.3822,95.3937,95.5907,95.4294,95.5965,95.8458,95.7934,95.9474,95.9198,96.0032,95.9522,95.8122,95.9459,96.0649,95.7156,95.5536,95.5761,95.9875,95.8963,96.0363,96.2975,96.4195,96.3734,96.5902,96.8123,96.8718,96.7511,96.9355,97.042,96.9373,97.1808,97.3868,97.3803,97.5921,97.6819,97.7028,97.7849,97.8733,98.0156,97.7465,97.7742,97.7997,97.6095,97.5426,97.3011,97.3059,97.3068,97.3718,97.4559,97.5342,97.5984,97.794,97.9255,98.2925,98.5686,98.3862,98.4382,98.5336,98.5032,98.6487,98.7466,98.7629,98.6752,98.2922,98.2693,98.3784,98.5638,98.3442,98.4551,98.4198,98.4117,98.4863,98.8124,98.731,98.5801,98.7128,99.2251,98.9699,98.8283,98.8182,98.9459,98.8124,98.9947,99.0195,98.7846,98.5609,98.7364,98.9531,99.0363,99.1748,99.2257,99.304,99.2431,99.3156,99.3319,99.6172,99.5773,99.6407,99.5784,99.7556,99.7539,100.09,100.332,100.233,99.9659,100.197,100.288,100.054,100.17,99.9973,99.9973,100.168,100.481,100.819,100.863,100.909,101.084,101.058,101.583,101.147,100.876,100.732,100.655,100.564,100.61,101.019,101.083,100.838,101.285,101.414,101.866,102.299,102.541,103.085,103.17,103.203,103.326,103.794,103.97,103.811,103.519,103.852,103.775,103.645,103.914,104.433,104.129,104.323,104.348,104.29,104.092,104.186,104.311,103.967,103.84,104.274,104.453,104.595,104.67,104.793,104.758,105.058,105.324,105.479,105.281,104.87,104.909,105.15,105.028,104.879,104.74,105.288,105.714,105.913,106.556,106.946,107.062,107.038,106.798,106.709,106.218,106.231,106.852,107.112,107.124,107.501,107.48,108.076,108.303,108.704,107.981,107.293,106.776,106.156,106.119,106.66,106.237,106.29,106.521,106.648,106.831,106.516,107.449,106.676,106.618,107.123,106.846,107.506,108.368,108.767,109.206,108.57,109.267,109.694,110.256,110.959,109.934,109.557,110.002,110.659,110.955,111.495,111.18,110.952,111.178,111.259,111.728,110.521,110.203,110.645,110.812,111.709,112.127,111.291,111.876,111.678,112.313,112.292,112.796,112.84,111.351,110.486,111.592,111.188,111.127,111.759,111.087,111.943,111.902,112.158,112.855,113.153,114.273,114.85,115.128,116.521,114.94,114.389,114.677,114.252,113.767,112.24,111.708,111.4,111.797,111.32,110.591,111.71,112.076,111.438,112.296,112.501,112.539,112.175,112.903,114.314,114.372,114.338,116.373,116.033,117.589,118.197,118.811,119.588,119.855,119.965,118.581,118.224,118.304,117.389,115.048,112.897,112.402,111.585,112.071,115.47,113.904,115.327,115.778,116.971,118.427,117.519,117.352,117.251,114.242,115.999,115.963,118.181,119.782,121.507,122.264,126.796,125.359,127.803,127.436,125.86,122.842,122.922,121.707,120.674,115.865,115.536,117.129,116.464,117.039,115.913,118.97,118.96,120.979,124.465,128.969,126.333,125.977,123.462,125.233,122.967,124.657,125.93,127.227,122.752,120.309,118.045,120.005,120.487,118.552,116.736,116.207,116.09,118.18,122.505,125.798,127.895,129.02,131.794,134.893,137.723,139.861,139.657,138.859,138.859,136.075,133.527,128.446,124.414,120.807,118.655,118.598,114.524,112.933,116.126,118.59,123.841,123.051,122.972,122.515,124.86,127.899,126.892,124.123,126.224,118.351,120.928,127.404,125.239,129.157,127.888,131.264,131.475,124.744,128.103,127.299,118.565,115.747,108.396,110.469,109.022,107.677,106.838,109.805,114.191,119.651,119.376,125.401,125.789,126.864,134.28,128.2,123.916,114.316,113.498,113.949,109.979,108.055,107.063,107.523,108.661,108.918,113.638,111.19,106.584,105.864,102.915,103.776,97.5413,99.0597,97.0846,97.855,93.5538,93.654,93.775,91.2193,91.4785,94.2985,96.3179,95.0749,91.9425,93.8268,98.2073,93.5946,99.863,95.3634,93.0491,89.1675,91.7425,89.1579,89.1579,85.8215,85.8215,83.2873,81.2148,79.1258,79.9713,77.4153,80.284,80.8424,79.4905,80.361,78.7653,76.481,77.023,74.5495,72.8922,76.2789,77.244,82.7334,83.6951,82.4899,89.0886,91.0838,96.4549,96.765,91.3047,88.977,85.1027,83.2443,86.6141,81.6154,82.6159,79.8535,84.3163,85.9348,87.9093,90.212,91.1472,86.6595,87.7301,82.949,81.9795,81.0255,81.7283,80.7856,75.6896,76.6365,77.5457,76.5523,76.3042,76.1751,73.4952,72.1834,69.8599,71.2241,71.1775,71.4595,72.2262,72.4112,73.9823,75.2125,76.5727,77.4969,78.1268,78.0295,76.8603,74.925,75.0701,73.4932,70.8618,68.2791,68.2594,66.8992,66.0159,67.2984,67.1945,65.5436,66.4706,68.3256,68.8264,68.4294,69.3103,70.6545,69.0164,69.9367,71.002,69.2554,68.7361,69.1583,69.4062,69.3541,67.4834,66.868,67.3329,68.0911,68.4408,68.306,68.3138,67.7849,68.4509,68.2951,69.6115,69.5179,69.8147,71.0856,70.64,69.2679,70.0051,69.1584,68.4443,69.4301,69.1486,68.5335,66.0909,66.5386,68.2597,67.8902,68.2706,69.0467,67.0297,67.0933,67.5127,68.9146,69.3049,69.3445,68.7816,68.839,69.7057,70.4827,68.6466,68.2499,67.1181,67.1788,68.2877,67.96,66.7408,65.9364,66.193,68.6415,67.2843,68.8822,68.4828,66.5178,68.1502,67.9883,69.2075,69.2292,68.3125,68.5045,66.9823,66.8901,67.8477,65.9312,66.1814,65.0472,64.2054,64.0784,65.2557,66.0037,66.2152,65.1797,67.6571,68.5592,68.8202,69.1928,68.5008,68.4907,68.583,67.5576,66.675,66.2815,66.3426,66.8263,67.2538,67.3849,67.6214,68.2895,69.7351,72.893,-287.6,-143.6,34,49.7241,
W_1741A2/152_E_Very Strong_0.50_SI1,100.457,-0.20783,-0.0904183,96.0501,101.186,110.316,490.703,101.565,0.00154033,0.398992,0.226647,-156.488,6527.07, ,0,14.2276,-42.1811,75.1366,97.0672,97.6447,97.4395,97.7078,98.4725,98.1284,97.8384,98.6954,99.0547,98.9078,98.5926,99.1616,99.2887,98.7529,99.3665,99.5153,99.6392,99.1835,99.0893,99.0467,98.7376,98.6404,98.691,98.2769,98.5361,97.8931,97.9205,98.3352,98.323,98.701,98.8927,98.2493,98.7232,99.0433,99.5132,99.7814,99.2963,99.3402,99.1432,99.3665,99.7189,99.2438,98.9279,98.9985,99.069,99.4732,99.5622,99.6695,99.1538,99.2841,99.1042,99.3121,99.2545,98.8151,98.7249,98.9283,99.2505,99.2524,99.2933,99.3157,99.6313,99.7503,100.081,99.9262,99.9842,99.3755,99.8144,99.5555,99.6693,99.3401,98.9414,99.2204,99.2448,99.2675,99.0018,98.3549,98.9388,98.9097,99.0019,99.4279,98.8271,98.7118,98.3598,99.0345,99.462,98.8472,98.6388,98.2527,98.1469,98.5634,98.898,98.9543,98.833,98.8373,98.7816,98.9454,98.812,98.5412,98.3864,97.9482,97.8346,97.4687,97.3347,97.6437,97.878,98.4787,98.5886,98.6513,98.4296,98.9321,99.0225,99.3469,99.4517,99.4973,99.0421,98.8453,99.0608,99.6172,99.1391,99.4107,99.1023,98.8396,98.7185,98.9136,98.8766,98.3184,98.4704,98.7471,98.7196,98.916,99.0812,99.4653,99.454,99.7282,99.8378,100.043,99.8659,99.8799,99.5825,99.5578,99.1601,98.6615,98.7463,99.2099,98.7657,99.0432,98.9801,98.9305,99.1141,99.0245,99.6489,99.4152,99.379,99.4071,99.203,99.092,99.1086,98.7188,98.9407,98.7831,98.6401,98.152,98.0982,98.1368,97.9849,98.3407,98.8787,98.8568,98.8129,99.0423,99.2126,99.2514,99.0958,99.0265,98.8767,98.9541,98.8629,99.0248,99.3361,99.1918,98.9582,98.4592,98.3537,98.2145,97.6099,97.5231,96.9027,96.2909,96.5684,96.369,96.4591,96.2764,96.1701,96.2274,95.6955,95.8564,95.5019,95.0059,94.8849,94.9196,95.003,94.7586,94.5774,94.7734,94.3685,94.863,94.8594,94.9121,94.6367,94.5122,94.4514,94.348,94.0856,94.3332,94.0962,93.8995,93.7936,93.8617,93.9562,93.7367,93.4367,93.4048,93.076,92.73,92.2816,92.0837,91.7763,91.5226,91.1542,91.0568,90.6309,90.364,89.8526,89.5046,89.0585,88.5421,87.7736,87.3523,86.7838,86.1162,85.5244,84.9745,84.3869,83.5955,82.9445,82.3912,81.7651,81.3664,81.2593,81.2312,81.3527,81.458,81.5611,81.6501,81.5558,81.422,81.2285,81.0259,81.0325,81.2052,81.6456,82.2538,82.9654,83.7645,84.5361,85.3587,86.2618,87.1557,88.037,88.7506,89.1755,89.1214,88.6972,88.6527,89.0426,89.5676,90.211,90.9014,91.6705,92.7196,94.2666,96.1442,97.5707,98.397,99.0514,99.5896,100.083,100.604,101.068,101.438,101.746,101.939,102.142,102.231,102.313,102.376,102.38,102.336,102.33,102.321,102.357,102.357,102.394,102.377,102.315,102.312,102.293,102.271,102.241,102.207,102.171,102.139,102.096,102.07,102.002,102,101.974,101.917,101.871,101.846,101.819,101.809,101.812,101.815,101.799,101.767,101.796,101.818,101.843,101.85,101.855,101.856,101.875,101.867,101.88,101.907,101.887,101.873,101.885,101.858,101.856,101.85,101.849,101.861,101.836,101.846,101.83,101.81,101.831,101.798,101.738,101.691,101.636,101.57,101.513,101.476,101.447,101.446,101.461,101.489,101.543,101.591,101.657,101.71,101.765,101.806,101.811,101.834,101.839,101.832,101.817,101.808,101.806,101.785,101.755,101.733,101.725,101.724,101.707,101.713,101.709,101.701,101.707,101.697,101.692,101.667,101.671,101.682,101.667,101.669,101.678,101.663,101.669,101.653,101.633,101.618,101.599,101.588,101.548,101.51,101.487,101.456,101.44,101.426,101.423,101.411,101.41,101.408,101.391,101.394,101.405,101.412,101.419,101.393,101.4,101.396,101.353,101.361,101.346,101.312,101.298,101.273,101.252,101.213,101.204,101.247,101.226,101.216,101.221,101.212,101.209,101.222,101.242,101.235,101.214,101.216,101.212,101.211,101.212,101.194,101.184,101.162,101.146,101.131,101.13,101.12,101.108,101.123,101.16,101.171,101.155,101.179,101.179,101.164,101.169,101.172,101.152,101.126,101.115,101.143,101.106,101.12,101.124,101.134,101.13,101.141,101.151,101.174,101.147,101.13,101.112,101.127,101.107,101.098,101.074,101.074,101.031,101.041,101.06,101.081,101.074,101.078,101.092,101.098,101.084,101.079,101.078,101.062,101.028,101.004,100.998,100.992,100.98,100.955,100.968,100.958,100.952,100.964,100.965,100.954,100.948,100.957,100.975,100.972,100.986,101.03,101.026,101.035,101.042,101.042,101.049,101.021,101.02,101.003,100.961,100.968,100.958,100.963,100.969,100.965,100.998,101.001,101.01,101.019,101.023,101.003,100.975,100.954,100.941,100.932,100.929,100.915,100.923,100.903,100.92,100.927,100.933,100.937,100.961,100.958,100.965,100.97,100.989,101.01,101.009,101.026,101.012,100.986,100.964,100.961,100.937,100.933,100.929,100.942,100.937,100.942,100.945,100.975,100.975,100.977,100.964,100.955,100.948,100.956,100.958,100.962,100.959,100.962,100.972,100.981,100.978,100.993,100.982,100.989,100.987,100.991,100.992,100.991,100.961,100.971,100.941,100.946,100.951,100.961,100.955,100.943,100.942,100.958,100.955,100.968,100.941,100.929,100.897,100.893,100.909,100.907,100.921,100.895,100.891,100.905,100.91,100.924,100.915,100.917,100.915,100.913,100.938,100.913,100.92,100.917,100.919,100.924,100.9,100.909,100.904,100.914,100.957,100.961,100.962,100.976,100.978,100.993,100.989,100.995,100.986,100.977,100.974,100.992,100.978,101.003,101.005,101.011,100.996,101.002,101.002,101.006,101.003,101.011,100.984,101.008,101.008,101.036,101.036,101.05,101.043,101.042,101.069,101.057,101.067,101.081,101.084,101.075,101.059,101.085,101.056,101.04,101.048,101.002,100.992,101.019,101.022,101.048,101.043,101.084,101.09,101.132,101.15,101.183,101.177,101.196,101.195,101.199,101.207,101.205,101.199,101.205,101.165,101.129,101.157,101.184,101.21,101.175,101.218,101.257,101.285,101.299,101.308,101.268,101.29,101.298,101.334,101.348,101.357,101.374,101.388,101.395,101.383,101.39,101.356,101.384,101.307,101.307,101.307,101.333,101.376,101.44,101.404,101.429,101.45,101.496,101.437,101.408,101.361,101.32,101.269,101.319,101.366,101.315,101.326,101.383,101.418,101.477,101.536,101.6,101.575,101.541,101.588,101.539,101.522,101.574,101.631,101.558,101.506,101.539,101.553,101.518,101.54,101.591,101.521,101.466,101.552,101.677,101.672,101.74,101.848,101.919,101.902,101.907,102.025,102.038,102.003,101.91,101.897,101.766,101.724,101.724,101.714,101.776,101.78,101.68,101.741,101.593,101.803,101.865,101.905,101.964,101.818,101.841,101.862,101.895,102.056,101.873,101.759,101.793,101.789,101.847,101.804,102.049,102.127,102.173,102.195,102.331,102.36,102.385,102.156,102.184,102.051,101.974,101.893,101.807,101.843,101.829,101.849,102.029,102.03,101.874,101.981,101.997,102.283,102.307,102.325,102.459,102.508,102.464,102.536,102.412,102.302,102.242,102.147,101.989,101.987,102.007,102.088,102.084,102.235,102.302,102.301,102.29,102.336,102.436,102.491,102.478,102.677,102.566,102.682,102.692,102.706,102.568,102.357,102.073,102.027,101.861,101.897,101.718,101.823,101.746,101.884,101.962,102.16,102.488,102.686,102.815,102.793,102.539,102.758,102.791,102.555,102.736,102.249,102.166,102.115,102.307,102.336,102.336,102.542,102.535,102.241,102.542,102.475,102.398,102.577,102.582,102.386,102.062,102.28,102.38,102.323,102.396,102.6,102.49,102.648,102.56,102.717,102.772,102.875,102.707,102.526,102.181,102.111,101.824,102.007,101.83,101.739,101.656,101.955,101.965,101.957,102.151,102.161,102.109,102.469,102.654,102.712,102.477,102.335,102.544,102.175,102.319,102.405,102.266,102.3,102.185,101.914,102.285,102.449,102.229,102.393,102.315,101.879,101.629,101.803,101.83,101.975,101.658,102.082,101.706,101.546,101.404,101.67,101.309,101.451,101.212,101.136,100.93,101.361,101.27,101.491,101.028,101.04,101.031,101.185,101.362,101.401,100.933,100.851,101.264,101.91,102.297,102.556,102.187,102.077,102.042,102.302,102.555,102.434,102.033,101.859,101.577,101.668,101.445,101.383,101.055,101.077,100.636,100.726,100.818,101.301,101.313,101.311,101.126,101.25,101.258,101.724,101.517,101.461,100.876,100.987,100.917,101.264,101.502,101.488,101.886,102.276,102.188,102.037,101.81,101.928,101.436,101.208,101.362,100.96,100.747,100.809,100.981,101.031,101.309,101.638,101.946,102.074,102.095,102.117,101.928,102.419,102.754,102.605,102.756,102.34,102.102,102.165,102.201,102.443,102.329,102.226,102.205,102.127,102.667,102.902,102.34,102.098,102.335,102.181,102.327,102.266,102.125,101.814,101.295,101.624,101.926,101.654,101.691,101.262,101.504,101.394,101.402,102.2,101.982,102.006,101.82,101.821,102.133,102.486,102.988,103.106,102.782,103.298,103.411,9.56284,8583.33,87.6068,43.2489,
F_1741A2/152_E_Very Strong_0.50_SI1,114.004,20.7014,-147.613,169.669,140.766,252.374,468.495,544.99,0.438041,3.26305,149.057,-82.0168,9809.12, ,0,-280.769,180.769,-146,84.1396,84.1045,83.7667,83.3201,83.5336,83.2746,83.4388,83.9199,84.1078,84.2585,84.9213,84.8817,86.239,85.9735,86.8862,86.2983,85.7839,85.4777,85.9965,85.154,85.6126,84.2729,83.7648,83.6352,83.8894,84.4292,84.8469,83.8932,84.3274,84.1544,84.1887,85.052,84.7168,84.5347,84.2592,84.2257,84.1577,84.3497,84.3557,85.3066,84.4986,84.7011,85.0695,85.2253,85.0596,85.9671,85.3685,85.2013,85.0527,85.6379,85.1669,84.9217,85.0551,85.3381,84.7242,84.952,84.4583,84.1462,83.6818,84.2352,84.0464,84.6401,84.0139,84.332,85.0076,86.2323,85.9108,86.4187,86.2378,86.2662,85.5335,85.6023,86.2075,85.6829,85.0742,86.0568,86.4201,86.7155,87.3064,87.4348,87.6847,87.4035,87.3733,87.1929,86.6728,86.0835,85.574,85.2647,85.1825,85.3017,84.9111,85.018,84.7263,84.5469,84.6384,85.034,84.8853,85.1062,84.907,84.9095,84.9468,85.6612,85.7835,85.6995,85.5173,85.8135,85.6501,85.8819,85.7299,85.2829,85.1358,85.8996,86.7327,87.2258,86.8116,86.7658,86.6498,86.3964,86.4333,86.4091,85.2055,84.9329,84.9384,84.9164,85.3518,85.1227,85.9708,86.3781,86.2409,86.0859,85.3678,84.8292,84.3332,83.7088,84.0482,83.5184,82.9608,82.9426,83.6068,83.8315,83.7207,83.9093,83.6814,83.0054,82.8654,83.1367,83.0118,82.4438,82.0852,82.2169,82.5019,82.6269,82.6899,82.6408,82.8186,82.7255,82.7141,82.8907,82.6386,82.4449,82.5356,82.5826,82.7278,82.4764,82.3607,82.499,82.5503,82.7085,82.6615,82.4979,82.4835,82.3149,82.4702,82.5512,82.3047,82.476,82.3044,82.2742,82.359,82.4357,82.309,82.1983,82.1489,82.1976,82.011,81.8468,81.9464,81.8895,81.8524,81.8726,81.7704,81.7967,81.9916,81.9904,82.364,82.5906,82.8593,83.2869,83.6645,83.879,84.1508,84.3085,84.4264,84.4362,84.3978,84.2785,84.0498,83.8388,83.6243,83.4239,83.2102,82.9859,82.7833,82.5796,82.3548,82.139,81.9062,81.6347,81.3498,81.0374,80.7402,80.4228,80.107,79.8062,79.5086,79.2406,79.0354,78.8319,78.6612,78.4825,78.2924,78.0934,77.9274,77.763,77.5715,77.4452,77.3329,77.2923,77.3273,77.4595,77.6011,77.768,77.9699,78.1467,78.1993,78.2261,78.3125,78.3512,78.5253,78.8309,79.2211,79.76,80.4264,81.3251,82.1517,83.1865,84.2489,85.2023,86.1808,87.5748,89.2039,91.3428,93.6651,96.7789,100.591,105.006,110.267,116.555,123.559,132.872,146.36,167.816,197.161,223.248,244.013,262.89,282.61,301.902,319.895,334.516,341.051,340.071,344.911,361.718,384.962,413.666,448.88,487.448,526.51,566.23,601.382,632.427,655.241,670.643,679.844,678.328,675.167,670.446,666.819,667.997,678.476,695.023,714.63,734.614,751.647,763.012,772.61,779.517,783.865,779.752,772.626,763.438,751.093,745.902,743.787,743.043,745.062,746.074,750.752,755.108,759.851,767.32,771.313,773.015,773.16,766.84,761.577,753.353,741.895,731.284,721.41,711.268,704.585,697.017,692.271,687.274,683.736,680.572,676.616,669.748,665.179,658.182,649.532,641.141,632.374,622.64,612.325,601.562,592.908,583.07,574.267,566.306,558.337,549.764,540.846,533.649,526.861,520.025,512.178,503.184,494.753,485.894,477.718,469.477,461.212,452.641,443.507,434.805,427.648,420.56,412.824,405.07,397.603,390.243,383.197,375.857,369.33,361.824,354.591,348.47,341.968,335.451,328.419,321.958,315.929,310.076,304.105,298.498,292.87,287.755,282.736,279.092,274.235,269.286,264.048,259.49,255.197,250.702,246.257,242.067,238.162,234.601,230.844,227.498,223.884,220.217,216.742,213.291,210.203,206.468,202.588,199.77,197.035,194.265,191.45,188.979,186.814,184.262,181.8,179.837,177.633,175.507,173.514,171.712,170.004,167.833,165.689,163.93,162.8,161.064,159.591,158.257,156.803,154.899,153.538,152.533,151.358,149.722,148.559,147.458,146.214,145.299,144.828,143.967,143.303,142.355,141.486,140.656,139.474,138.666,137.573,136.497,135.432,134.359,133.74,132.869,132.175,131.712,130.902,130.286,129.661,129.412,129.041,128.482,128.203,128.017,127.365,127.349,127.093,126.814,126.607,126.358,125.946,125.756,125.078,124.866,124.585,124.236,123.577,123.115,122.537,122.009,121.53,121.181,120.68,120.224,120.137,120.145,119.871,119.885,119.914,119.884,119.864,120.024,119.988,119.419,119.351,119.249,118.86,118.594,118.565,118.493,118.426,118.032,118.208,118.122,118.373,118.294,118.512,117.942,117.784,117.432,117.475,117.244,116.883,116.302,116.441,116.187,116.591,116.854,116.58,116.694,116.714,117.073,117.134,116.984,117.214,116.971,116.719,117.151,116.865,117.181,116.968,117.122,117.08,116.931,117.269,117.356,116.932,117.22,116.939,117.018,117.154,117.81,117.979,118.009,118.167,118.488,118.573,119.019,119.341,118.974,118.913,118.957,118.486,118.474,119.005,118.902,118.977,118.603,118.616,118.231,118.286,118.882,118.543,118.037,118.179,118.115,118.34,118.717,118.734,119.195,118.957,119.138,119.415,119.358,119.255,118.921,119.252,118.786,118.109,117.782,118.486,118.667,118.539,118.99,119.717,119.601,120.04,119.777,120.679,119.99,120.308,121.464,121.296,121.14,121.274,121.678,122.431,121.834,122.693,122.722,121.95,121.293,121.244,121.208,121.686,121.503,121.871,121.292,121.209,121.045,121.573,121.89,121.735,121.982,122.65,123.259,124.077,124.242,125.062,125.132,125.4,126.063,125.018,124.872,124.994,125.036,125.122,125.35,125.409,124.805,125.239,126.133,127.173,127.45,126.559,126.422,125.558,126.353,126.869,127.434,128.088,127.363,126.812,127.822,128.766,129.591,129.31,129.742,128.288,127.604,127.653,128.353,127.817,127.46,127.586,127.792,128.87,130.269,129.734,129.692,129.319,130.37,131.092,131.979,132.595,131.861,132.051,133.272,134.107,133.913,133.156,131.04,131.249,130.81,129.345,128.383,128.082,126.816,127.223,127.935,130.311,129.527,131.7,132.135,131.209,130.736,131.106,131.727,131.627,131.514,131.906,131.382,132.407,133.705,134.98,135.364,135.103,134.753,135.144,135.067,133.568,132.903,133.949,134.868,137.422,137.803,139.201,139.777,138.661,138.356,139.191,139.663,139.102,136.39,138.386,137.275,139.459,141.75,143.407,144.495,145.847,145.816,149.381,148.081,146.934,145.803,145.343,144.955,144.659,140.927,140.518,140.5,140.308,141.714,139.502,143.995,144.033,146.201,150.507,154.103,151.572,151.059,148.542,149.164,145.887,148.848,149.893,151.397,147.781,147.94,144.566,148.472,147.485,146.139,143.552,140.051,136.91,138.882,140.631,147.438,148.534,153.779,157.26,160.526,169.385,175.389,174.227,173.647,173.314,172.407,165.673,161.261,156.827,151.691,148.616,148.467,145.735,140.69,139.181,141.942,146.92,145.333,142.765,145.3,148.552,152.396,156.66,159.183,165.733,155.09,161.292,168.879,164.829,164.243,158.934,156.728,157.798,151.003,156.955,151.072,148.937,142.268,139.442,142.049,142.924,137.873,140.185,142,146.526,147.3,153.632,154.878,162.24,163.269,174.354,164.848,161.805,161.073,158.581,154.696,153.161,148.362,143.606,137.915,139.211,138.987,139.774,137.122,136.772,138.811,133.096,131.268,126.093,125.126,121.94,122.205,117.029,115.209,118.732,120.895,128.022,136.667,139.141,140.01,137.314,141.541,143.161,139.76,143.888,136.489,132.949,130.575,129.09,131.053,131.818,130.437,130.437,130.454,129.981,126.945,125.694,125.605,121.205,124.232,124.825,118.78,117.389,114.531,116.636,112.177,114.067,117.151,111.032,114.844,118.303,112.288,117.932,116.977,124.421,122.593,121.33,126.982,122.72,119.835,122.946,117.061,117.321,114.225,114.095,115.244,112.029,113.664,116.038,114.435,114.429,110.371,107.719,108.484,106.095,104.755,98.8748,97.7671,97.1468,97.4531,97.9352,97.9775,94.6169,94.7841,93.4844,95.9733,96.427,97.3684,96.8038,97.3915,98.0795,100.021,98.8603,98.3818,98.7365,97.5321,93.4637,92.993,91.2442,89.657,87.6077,88.0871,89.045,87.8512,88.3494,91.3873,91.1158,90.3089,91.55,91.9833,89.9209,88.6683,87.4005,85.6502,83.1032,84.0236,83.7967,82.583,82.2848,83.8677,84.7939,85.2342,85.7328,87.0741,86.7081,87.8619,85.3786,85.9067,84.5157,83.7088,84.6819,84.0723,83.1261,83.3672,82.582,85.2689,84.0892,83.5521,85.2357,84.9146,86.2408,87.5686,86.6414,86.8725,86.4833,85.8783,86.5866,84.2272,83.9646,82.4278,80.5965,80.8267,81.5624,83.0737,84.2371,85.2014,85.9739,86.5272,87.5161,88.3857,87.6718,85.8481,83.2823,82.5119,83.1359,83.3169,82.3235,82.08,83.1242,83.5751,83.6698,85.1403,85.5529,83.9476,84.5728,84.5369,84.8183,84.0411,84.1824,84.0041,84.9919,85.4527,86.2185,85.7824,85.1076,84.6234,84.1871,84.0598,84.8299,83.6233,83.8239,83.6233,83.809,85.0938,85.4628,86.2285,86.1801,86.072,86.1643,85.3116,83.0016,83.0306,82.4269,81.3053,82.191,82.4231,83.1058,82.4872,82.5456,86.5876,-194,-2,-32.8571,57.5862,
W_Calibration,100,0,0,95.0422,100,108.876,565.016,99.9909,1.74827e-05,0.00127928,0,0,6504.1, ,100,100,100,100,100,100,100,100,100,100,100,100,100,100,100,100,100,100,100,100,100,100,100,100,100,100,100,100,100,100,100,100,100,100,100,100,100,100,100,100,100,100,100,100,100,100,100,100,100,100,100,100,100,100,100,100,100,100,100,100,100,100,100,100,100,100,100,100,100,100,100,100,100,100,100,100,100,100,100,100,100,100,100,100,100,100,100,100,100,100,100,100,100,100,100,100,100,100,100,100,100,100,100,100,100,100,100,100,100,100,100,100,100,100,100,100,100,100,100,100,100,100,100,100,100,100,100,100,100,100,100,100,100,100,100,100,100,100,100,100,100,100,100,100,100,100,100,100,100,100,100,100,100,100,100,100,100,100,100,100,100,100,100,100,100,100,100,100,100,100,100,100,100,100,100,100,100,100,100,100,100,100,100,100,100,100,100,100,100,100,100,100,100,100,100,100,100,100,100,100,100,100,100,100,100,100,100,100,100,100,100,100,100,100,100,100,100,100,100,100,100,100,100,100,100,100,100,100,100,100,100,100,100,100,100,100,100,100,100,100,100,100,100,100,100,100,100,100,100,100,100,100,100,100,100,100,100,100,100,100,100,100,100,100,100,100,100,100,100,100,100,100,100,100,100,100,100,100,100,100,100,100,100,100,100,100,100,100,100,100,100,100,100,100,100,100,100,100,100,100,100,100,100,100,100,100,100,100,100,100,100,100,100,100,100,100,100,100,100,100,100,100,100,100,100,100,100,100,100,100,100,100,100,100,100,100,100,100,100,100,100,100,100,100,100,100,100,100,100,100,100,100,100,100,100,100,100,100,100,100,100,100,100,100,100,100,100,100,100,100,100,100,100,100,100,100,100,100,100,100,100,100,100,100,100,100,100,100,100,100,100,100,100,100,100,100,100,100,100,100,100,100,100,100,100,100,100,100,100,100,100,100,100,100,100,100,100,100,100,100,100,100,100,100,100,100,100,100,100,100,100,100,100,100,100,100,100,100,100,100,100,100,100,100,100,100,100,100,100,100,100,100,100,100,100,100,100,100,100,100,100,100,100,100,100,100,100,100,100,100,100,100,100,100,100,100,100,100,100,100,100,100,100,100,100,100,100,100,100,100,100,100,100,100,100,100,100,100,100,100,100,100,100,100,100,100,100,100,100,100,100,100,100,100,100,100,100,100,100,100,100,100,100,100,100,100,100,100,100,100,100,100,100,100,100,100,100,100,100,100,100,100,100,100,100,100,100,100,100,100,100,100,100,100,100,100,100,100,100,100,100,100,100,100,100,100,100,100,100,100,100,100,100,100,100,100,100,100,100,100,100,100,100,100,100,100,100,100,100,100,100,100,100,100,100,100,100,100,100,100,100,100,100,100,100,100,100,100,100,100,100,100,100,100,100,100,100,100,100,100,100,100,100,100,100,100,100,100,100,100,100,100,100,100,100,100,100,100,100,100,100,100,100,100,100,100,100,100,100,100,100,100,100,100,100,100,100,100,100,100,100,100,100,100,100,100,100,100,100,100,100,100,100,100,100,100,100,100,100,100,100,100,100,100,100,100,100,100,100,100,100,100,100,100,100,100,100,100,100,100,100,100,100,100,100,100,100,100,100,100,100,100,100,100,100,100,100,100,100,100,100,100,100,100,100,100,100,100,100,100,100,100,100,100,100,100,100,100,100,100,100,100,100,100,100,100,100,100,100,100,100,100,100,100,100,100,100,100,100,100,100,100,100,100,100,100,100,100,100,100,100,100,100,100,100,100,100,100,100,100,100,100,100,100,100,100,100,100,100,100,100,100,100,100,100,100,100,100,100,100,100,100,100,100,100,100,100,100,100,100,100,100,100,100,100,100,100,100,100,100,100,100,100,100,100,100,100,100,100,100,100,100,100,100,100,100,100,100,100,100,100,100,100,100,100,100,100,100,100,100,100,100,100,100,100,100,100,100,100,100,100,100,100,100,100,100,100,100,100,100,100,100,100,100,100,100,100,100,100,100,100,100,100,100,100,100,100,100,100,100,100,100,100,100,100,100,100,100,100,100,100,100,100,100,100,100,100,100,100,100,100,100,100,100,100,100,100,100,100,100,100,100,100,100,100,100,100,100,100,100,100,100,100,100,100,100,100,100,100,100,100,100,100,100,100,100,100,100,100,100,100,100,100,100,100,100,100,100,100,100,100,100,100,100,100,100,100,100,100,100,100,100,100,100,100,100,100,100,100,100,100,100,100,100,100,100,100,100,100,100,100,100,100,100,100,100,100,100,100,100,100,100,100,100,100,100,100,100,100,100,100,100,100,100,100,100,100,100,100,100,100,100,100,100,100,100,100,100,100,100,100,100,100,100,100,100,100,100,100,100,100,100,100,100,
F_Calibration,100,0,0,108.104,100,39.2965,491.07,99.9909,0.000170256,0.00127928,0,0,3000.62, ,100,100,100,100,100,100,100,100,100,100,100,100,100,100,100,100,100,100,100,100,100,100,100,100,100,100,100,100,100,100,100,100,100,100,100,100,100,100,100,100,100,100,100,100,100,100,100,100,100,100,100,100,100,100,100,100,100,100,100,100,100,100,100,100,100,100,100,100,100,100,100,100,100,100,100,100,100,100,100,100,100,100,100,100,100,100,100,100,100,100,100,100,100,100,100,100,100,100,100,100,100,100,100,100,100,100,100,100,100,100,100,100,100,100,100,100,100,100,100,100,100,100,100,100,100,100,100,100,100,100,100,100,100,100,100,100,100,100,100,100,100,100,100,100,100,100,100,100,100,100,100,100,100,100,100,100,100,100,100,100,100,100,100,100,100,100,100,100,100,100,100,100,100,100,100,100,100,100,100,100,100,100,100,100,100,100,100,100,100,100,100,100,100,100,100,100,100,100,100,100,100,100,100,100,100,100,100,100,100,100,100,100,100,100,100,100,100,100,100,100,100,100,100,100,100,100,100,100,100,100,100,100,100,100,100,100,100,100,100,100,100,100,100,100,100,100,100,100,100,100,100,100,100,100,100,100,100,100,100,100,100,100,100,100,100,100,100,100,100,100,100,100,100,100,100,100,100,100,100,100,100,100,100,100,100,100,100,100,100,100,100,100,100,100,100,100,100,100,100,100,100,100,100,100,100,100,100,100,100,100,100,100,100,100,100,100,100,100,100,100,100,100,100,100,100,100,100,100,100,100,100,100,100,100,100,100,100,100,100,100,100,100,100,100,100,100,100,100,100,100,100,100,100,100,100,100,100,100,100,100,100,100,100,100,100,100,100,100,100,100,100,100,100,100,100,100,100,100,100,100,100,100,100,100,100,100,100,100,100,100,100,100,100,100,100,100,100,100,100,100,100,100,100,100,100,100,100,100,100,100,100,100,100,100,100,100,100,100,100,100,100,100,100,100,100,100,100,100,100,100,100,100,100,100,100,100,100,100,100,100,100,100,100,100,100,100,100,100,100,100,100,100,100,100,100,100,100,100,100,100,100,100,100,100,100,100,100,100,100,100,100,100,100,100,100,100,100,100,100,100,100,100,100,100,100,100,100,100,100,100,100,100,100,100,100,100,100,100,100,100,100,100,100,100,100,100,100,100,100,100,100,100,100,100,100,100,100,100,100,100,100,100,100,100,100,100,100,100,100,100,100,100,100,100,100,100,100,100,100,100,100,100,100,100,100,100,100,100,100,100,100,100,100,100,100,100,100,100,100,100,100,100,100,100,100,100,100,100,100,100,100,100,100,100,100,100,100,100,100,100,100,100,100,100,100,100,100,100,100,100,100,100,100,100,100,100,100,100,100,100,100,100,100,100,100,100,100,100,100,100,100,100,100,100,100,100,100,100,100,100,100,100,100,100,100,100,100,100,100,100,100,100,100,100,100,100,100,100,100,100,100,100,100,100,100,100,100,100,100,100,100,100,100,100,100,100,100,100,100,100,100,100,100,100,100,100,100,100,100,100,100,100,100,100,100,100,100,100,100,100,100,100,100,100,100,100,100,100,100,100,100,100,100,100,100,100,100,100,100,100,100,100,100,100,100,100,100,100,100,100,100,100,100,100,100,100,100,100,100,100,100,100,100,100,100,100,100,100,100,100,100,100,100,100,100,100,100,100,100,100,100,100,100,100,100,100,100,100,100,100,100,100,100,100,100,100,100,100,100,100,100,100,100,100,100,100,100,100,100,100,100,100,100,100,100,100,100,100,100,100,100,100,100,100,100,100,100,100,100,100,100,100,100,100,100,100,100,100,100,100,100,100,100,100,100,100,100,100,100,100,100,100,100,100,100,100,100,100,100,100,100,100,100,100,100,100,100,100,100,100,100,100,100,100,100,100,100,100,100,100,100,100,100,100,100,100,100,100,100,100,100,100,100,100,100,100,100,100,100,100,100,100,100,100,100,100,100,100,100,100,100,100,100,100,100,100,100,100,100,100,100,100,100,100,100,100,100,100,100,100,100,100,100,100,100,100,100,100,100,100,100,100,100,100,100,100,100,100,100,100,100,100,100,100,100,100,100,100,100,100,100,100,100,100,100,100,100,100,100,100,100,100,100,100,100,100,100,100,100,100,100,100,100,100,100,100,100,100,100,100,100,100,100,100,100,100,100,100,100,100,100,100,100,100,100,100,100,100,100,100,100,100,100,100,100,100,100,100,100,100,100,100,100,100,100,100,100,100,100,100,100,100,100,100,100,100,100,100,100,100,100,100,100,100,100,100,100,100,100,100,100,100,100,100,100,100,100,100,100,100,100,100,100,100,100,100,100,100,100,100,100,100,100,100,100,100,100,100,100,100,100,100,100,100,
W_3522A2/35_D_None_0.50_VS1,105.516,-0.0233664,-0.262608,109.242,114.956,125.63,478.927,116.037,0.00206082,0.172097,0.263646,-95.0847,6531.89, ,150,185.039,235.849,157.754,116.111,115.605,115.912,115.643,115.699,115.39,115.273,115.122,115.269,115.424,115.191,114.713,115.096,115.396,115.473,114.676,113.888,114.537,114.029,114.346,115.198,114.869,114.111,114.16,114.495,114.729,113.964,114.568,115.259,114.974,114.949,115.142,114.898,115.262,115.449,116.16,116.324,116.126,115.242,115.629,116.063,115.989,115.682,115.223,114.733,114.14,113.505,114.098,113.735,113.297,113.116,113.281,113.317,113.344,113.09,113.51,113.173,113.149,113.157,113.461,113.433,113.734,114.066,114.744,114.712,114.47,114.955,114.898,115.008,114.913,115.611,115.134,114.25,113.676,113.959,113.144,113.178,113.06,113.324,112.95,113.223,113.818,114.034,114.18,114.433,114.506,115.018,114.711,114.885,114.868,115.293,115.437,115.761,115.799,116.007,115.85,115.628,115.605,115.64,115.183,114.808,114.363,114.848,114.571,114.321,114.318,114.375,113.759,114.025,114.458,114.948,114.865,114.991,115.079,115.559,114.967,115.606,115.531,115.224,115.196,114.934,115.229,115.474,115.529,115.75,115.506,115.691,116.342,116.24,116.356,115.386,115.365,114.898,115.041,115.231,115.076,114.637,114.763,114.469,115.556,114.892,115.239,115.328,115.082,114.615,114.441,114.252,114.553,114.405,114.628,114.74,114.378,114.845,115.553,115.164,114.788,114.557,114.279,114.351,114.269,114.399,114.366,114.155,114.622,115.226,115.804,116.068,116.088,115.707,115.94,115.734,115.706,115.78,115.684,115.114,114.606,114.445,114.703,114.54,114.787,114.807,114.735,114.317,114.409,114.938,115.073,114.885,114.922,114.704,114.623,115.147,115.221,115.335,115.319,115.159,115.361,115.016,115.131,114.856,114.566,114.529,114.626,114.548,114.569,114.496,114.594,114.475,114.964,114.901,114.895,114.965,114.87,114.51,114.392,114.622,114.266,114.004,113.912,114.201,114.247,114.291,114.7,114.554,114.471,114.679,114.784,115.003,114.721,114.438,114.528,114.433,114.622,114.476,114.408,114.293,114.127,114.359,114.471,114.332,114.435,114.389,114.465,114.535,114.507,114.514,114.501,114.387,114.436,114.34,114.354,114.421,114.397,114.472,114.524,114.582,114.619,114.646,114.744,114.8,114.787,114.828,114.835,114.898,114.951,115.023,115.053,115.058,115.062,115.135,115.175,115.183,115.127,115.077,115.036,115.074,115.123,115.13,115.11,115.167,115.291,115.389,115.446,115.449,115.444,115.448,115.502,115.525,115.494,115.429,115.411,115.421,115.441,115.458,115.453,115.448,115.427,115.436,115.431,115.408,115.387,115.397,115.386,115.395,115.4,115.406,115.413,115.424,115.432,115.448,115.454,115.472,115.431,115.403,115.41,115.361,115.378,115.375,115.342,115.33,115.311,115.331,115.322,115.323,115.344,115.311,115.321,115.343,115.324,115.328,115.346,115.409,115.396,115.396,115.442,115.432,115.425,115.444,115.455,115.421,115.411,115.416,115.432,115.384,115.394,115.407,115.403,115.4,115.419,115.429,115.454,115.45,115.504,115.517,115.54,115.533,115.514,115.513,115.48,115.464,115.475,115.441,115.415,115.374,115.378,115.394,115.421,115.413,115.43,115.412,115.429,115.457,115.498,115.523,115.488,115.451,115.456,115.455,115.455,115.435,115.415,115.364,115.355,115.376,115.366,115.387,115.355,115.351,115.353,115.359,115.346,115.328,115.327,115.333,115.284,115.274,115.261,115.236,115.223,115.238,115.207,115.192,115.185,115.205,115.2,115.191,115.184,115.162,115.172,115.181,115.171,115.143,115.101,115.086,115.093,115.062,115.048,115.021,115.001,114.985,114.98,114.999,115.001,114.977,115.009,115.022,115.038,115.05,115.049,115.049,115.017,115,114.975,114.956,114.938,114.927,114.906,114.891,114.875,114.884,114.882,114.894,114.876,114.876,114.876,114.9,114.901,114.923,114.932,114.927,114.939,114.964,114.959,114.944,114.933,114.946,114.939,114.936,114.938,114.928,114.915,114.923,114.94,114.929,114.92,114.906,114.872,114.895,114.898,114.902,114.902,114.888,114.901,114.917,114.91,114.917,114.879,114.865,114.856,114.836,114.803,114.796,114.794,114.789,114.8,114.824,114.841,114.841,114.845,114.862,114.833,114.812,114.806,114.813,114.809,114.793,114.801,114.813,114.79,114.812,114.831,114.845,114.84,114.796,114.807,114.775,114.769,114.788,114.786,114.771,114.772,114.747,114.766,114.755,114.767,114.769,114.763,114.755,114.754,114.765,114.792,114.817,114.809,114.8,114.805,114.818,114.836,114.818,114.805,114.823,114.804,114.812,114.8,114.782,114.763,114.762,114.766,114.767,114.735,114.736,114.734,114.767,114.757,114.754,114.75,114.766,114.753,114.774,114.788,114.781,114.79,114.796,114.81,114.789,114.783,114.794,114.777,114.784,114.805,114.782,114.812,114.817,114.839,114.823,114.827,114.825,114.8,114.8,114.81,114.779,114.791,114.785,114.797,114.782,114.804,114.824,114.826,114.822,114.842,114.814,114.811,114.855,114.9,114.9,114.909,114.916,114.942,114.949,114.991,115.005,114.975,114.967,114.958,114.987,114.984,114.97,114.937,114.916,114.904,114.913,114.913,114.924,114.88,114.879,114.882,114.934,114.955,114.999,115.003,114.994,114.991,115.01,115.007,115.004,114.982,114.981,114.932,114.939,114.96,114.961,114.964,114.987,115.026,115.03,114.998,115.034,115.036,115.044,115.069,115.062,115.035,114.998,114.982,115,114.995,114.995,114.999,114.974,114.973,115.014,115.054,115.096,115.108,115.088,115.111,115.082,115.106,115.133,115.16,115.178,115.166,115.17,115.216,115.189,115.213,115.216,115.193,115.167,115.143,115.176,115.173,115.181,115.163,115.143,115.174,115.193,115.161,115.133,115.113,115.127,115.095,115.122,115.165,115.131,115.148,115.184,115.255,115.257,115.278,115.302,115.312,115.286,115.305,115.277,115.257,115.227,115.273,115.287,115.269,115.303,115.352,115.344,115.354,115.357,115.331,115.304,115.281,115.321,115.256,115.183,115.152,115.178,115.136,115.148,115.166,115.088,115.096,115.138,115.141,115.129,115.125,115.148,115.148,115.11,115.125,115.035,114.99,114.993,115.025,114.98,114.924,114.889,114.881,114.874,114.976,115.049,115.094,115.136,115.194,115.349,115.414,115.441,115.531,115.46,115.496,115.485,115.556,115.47,115.278,115.201,115.102,115.072,114.961,114.867,114.816,114.641,114.725,114.761,114.719,114.668,114.584,114.698,114.669,114.688,114.644,114.523,114.488,114.432,114.572,114.822,114.788,114.733,114.688,114.716,114.631,114.728,114.789,114.65,114.502,114.652,114.705,114.671,114.727,114.751,114.697,114.644,114.473,114.488,114.407,114.257,114.324,114.376,114.548,114.544,114.64,114.832,114.561,114.507,114.606,114.594,114.445,114.204,114.119,114.098,114.316,114.386,114.288,114.296,114.152,114.318,114.505,114.744,114.692,114.288,114.451,114.506,114.434,114.718,114.673,114.587,114.379,114.281,114.565,114.174,114.114,114.49,114.198,114.114,114.219,114.134,113.79,113.644,113.692,113.499,113.058,112.934,113.037,112.819,112.971,113.421,113.236,113.16,113.331,113.416,113.517,113.363,113.092,112.894,112.782,112.797,112.877,112.719,112.64,112.287,112.094,112.464,112.306,112.033,112.092,111.837,111.76,111.754,111.839,112.031,112.016,112.096,112.154,111.62,111.864,111.785,111.249,111.592,111.426,111.416,111.439,111.403,111.531,111.523,111.512,111.837,111.373,111.016,110.692,110.566,110.465,110.758,110.481,110.347,110.263,110.429,110.678,110.165,110.058,110.099,109.587,109.353,109.133,109.208,109.137,108.842,109.457,109.686,109.441,109.786,110.027,110.102,109.898,110.174,110.341,110.259,110.177,110.423,110.467,110.552,110.431,110.446,110.333,110.576,110.423,110.253,110.148,110.013,109.964,110.845,111.223,111.375,111.042,111.406,111.554,111.941,112.313,112.674,112.233,112.314,112.385,112.433,112.35,112.639,112.637,112.463,112.024,112.274,112.185,112.308,112.399,112.154,112.03,111.798,112.177,112.778,112.647,112.809,112.994,113.001,113.478,113.471,113.84,113.324,112.786,113.047,113.034,112.959,112.996,112.698,112.569,112.175,112.521,112.837,112.698,112.906,113.022,113.322,113.82,114.488,115.199,115.759,116.134,115.933,115.782,115.536,115.339,115.218,114.796,114.715,114.371,114.242,114.525,114.688,114.54,115.022,115.224,115.419,115.371,115.804,116.058,116.355,115.854,115.992,115.809,115.863,116.009,115.903,115.256,114.725,114.52,115.016,115.273,115.533,115.41,114.77,115.054,115.303,115.677,115.88,116.068,115.627,115.289,115.153,115.48,114.956,115.092,114.983,114.591,114.034,113.74,113.571,113.54,113.476,114.038,113.823,113.727,113.511,113.927,114.317,114.671,114.916,115.148,114.942,114.743,114.875,115.393,115.13,115.568,115.496,115.437,115.401,115.297,106.936,210.983,104.096,1642.86,
F_3522A2/35_D_None_0.50_VS1,101.244,0.132527,-2.39548,111.708,103.253,42.0343,472.423,113.313,0.00736652,0.0069388,2.39915,-86.8334,3019.6, ,-20,60.3419,257.867,-1.19658,101.04,100.71,100.61,101.643,102.07,103.005,103.139,103.552,103.344,103.782,104.107,104.58,103.488,103.057,102.662,102.246,101.821,101.919,102.18,101.899,101.218,101.443,101.546,102.38,103.013,103.005,103.006,102.334,102.554,103.471,104.395,104.602,104.165,103.824,103.909,103.843,103.587,102.874,102.523,101.947,102.187,102.335,102.294,102.698,103.175,103.854,104.709,104.283,104.802,104.543,104.342,104.786,103.732,103.924,102.971,103.406,103.317,102.923,103.18,102.989,102.834,102.969,102.916,103.637,103.515,103.18,103.216,102.547,102.033,102.403,102.938,102.741,101.828,101.431,102.126,102.032,102.276,102.933,102.583,102.408,102.343,103.35,103.185,103.987,103.737,104.375,104.261,104.362,104.806,104.313,103.876,103.995,102.989,103.014,102.268,102.321,102.106,101.377,102.402,102.53,101.945,102.053,102.49,102.761,102.978,102.926,103.1,102.439,102.604,103.629,103.569,103.15,103.176,102.882,103,103.09,103.373,102.766,102.4,102.839,102.915,102.81,102.498,102.777,101.948,101.515,101.849,101.767,101.368,101.598,101.628,101.955,101.291,102.349,102.565,102.24,102.291,102.847,102.763,102.426,102.6,103.07,102.583,101.939,102.035,101.772,101.286,101.09,101.203,101.176,101.15,101.259,101.847,102.139,102.381,102.595,102.709,102.707,102.575,102.295,102.279,102.036,102.114,102.124,101.96,102.086,102.381,102.577,102.771,102.893,103.368,103.565,103.61,103.678,103.701,103.689,103.601,103.496,103.513,103.359,103.208,103.102,103.25,103.263,103.262,103.28,103.302,103.223,103.163,103.164,103.038,102.889,102.788,102.656,102.724,102.649,102.741,102.761,102.816,103.015,103.162,103.183,103.164,103.193,103.246,103.199,103.163,103.119,103.121,103.103,103.098,103.098,103.087,103.068,103.077,103.089,103.104,103.104,103.123,103.136,103.145,103.143,103.14,103.15,103.144,103.16,103.166,103.141,103.139,103.131,103.129,103.162,103.138,103.149,103.12,103.072,103.072,103.012,103.001,103.029,103.003,103.01,102.975,102.908,102.955,102.858,102.868,102.888,102.881,102.878,102.86,102.967,102.982,102.911,102.964,102.93,103.016,102.923,103.038,103.123,102.844,102.759,102.591,102.45,102.468,102.154,102.182,102.028,101.921,102.049,102.306,102.876,103.342,103.803,103.964,104.258,104.672,104.624,104.717,104.747,104.568,104.543,104.358,104.606,104.957,105.102,105.641,106.326,106.775,107.114,107.314,107.559,107.874,107.549,107.614,107.286,106.871,106.797,106.549,106.703,106.812,107.019,107.346,107.692,107.593,108.139,107.921,108.158,108.116,107.949,107.799,107.762,107.6,107.766,107.483,108.037,107.806,107.829,108.312,108.329,108.58,108.485,108.726,109.121,108.855,109.064,109.059,108.404,108.502,108.241,108.062,107.77,107.499,107.662,107.654,107.449,107.723,107.556,107.254,107.4,107.368,107.193,106.959,106.701,106.766,106.734,106.841,106.709,106.444,106.698,106.723,106.629,106.467,106.458,106.618,106.23,106.545,106.482,106.254,106.143,106.057,106.009,105.942,105.67,105.75,105.488,105.422,105.262,105.426,105.343,105.537,105.48,105.356,105.191,105.186,105.638,105.383,105.07,104.908,104.692,104.648,104.481,104.194,103.947,103.71,103.779,103.583,103.717,103.771,103.587,103.919,104.084,104.234,104.012,104.125,104.077,104.069,104.078,104.171,103.744,103.935,103.868,103.781,103.584,103.704,103.548,103.385,103.5,103.695,103.63,103.643,103.764,103.857,103.743,103.752,103.51,103.295,103.283,103.101,103.138,103.005,103.105,103.282,103.521,103.6,103.769,103.645,103.654,103.652,103.702,103.251,103.105,102.986,103.077,102.891,102.827,102.919,102.917,102.97,103.424,103.535,103.219,103.371,103.511,103.617,103.605,103.521,103.585,103.401,103.25,103.484,103.184,103.08,103.023,102.802,103.019,102.949,102.985,103.161,102.915,103.119,103.262,103.381,103.359,103.159,102.87,102.847,102.661,102.763,102.78,102.563,102.34,102.491,102.41,102.666,102.503,102.828,102.795,102.885,103.143,103.313,103.305,103.399,103.297,103.478,103.403,103.592,103.648,103.293,103.4,103.442,103.338,103.379,103.376,103.32,103.451,103.371,103.335,103.12,102.859,102.85,102.954,102.999,102.779,102.319,102.28,102.277,102.438,102.654,103.028,102.881,102.606,102.556,102.987,102.828,103.015,103.041,102.728,102.833,102.862,103.341,103.378,103.062,103.117,103.203,103.139,103.457,103.027,103.108,102.718,103.077,103.387,103.326,103.222,103.093,102.944,102.997,102.987,103.08,102.863,102.691,102.911,102.801,102.795,103.038,102.749,102.976,102.826,102.69,102.708,102.442,102.413,102.58,102.675,103.381,102.94,103.058,103.196,103.025,103.267,103.169,103.118,103.123,102.937,103.221,103.163,103.29,103.507,103.146,103.708,104.013,104.103,103.391,103.353,103.64,103.286,103.079,103.017,102.415,102.182,101.979,102.068,101.956,102.09,102.289,102.581,102.642,103.231,102.652,102.529,102.808,103.039,102.73,102.799,101.955,101.704,101.686,102.487,102.532,102.53,102.939,103.534,103.659,104.318,104.816,104.346,104.091,103.932,104.287,103.411,103.232,103.185,103.477,103.745,104.278,104.002,104.317,104.152,104.798,105.075,105.37,105.354,105.507,105.77,105.969,105.446,105.802,105.098,104.465,103.69,103.583,103.051,102.68,101.8,102.452,102.709,102.818,102.613,103.775,104.184,104.05,104.086,104.567,104.525,103.249,103.084,103.847,103.938,104.202,104.45,104.168,104.633,105.165,105.931,106.753,106.08,105.825,106.395,107.378,106.575,105.066,103.841,104.28,104.225,103.59,102.471,101.092,101.23,102.054,103.658,104.176,103.806,104.054,105.38,105.978,106.258,105.663,105.665,105.339,105.638,104.53,105.019,104.822,105.538,105.708,105.767,106.324,107.347,106.772,108.038,106.963,105.99,106.063,106.281,104.97,104.778,104.293,105.397,105.061,105.202,105.811,104.197,103.694,104.838,105.493,106.275,104.781,105.066,104.951,106.935,107.197,107.801,108.136,108.306,108.927,110.701,109.41,109.868,108.071,107.794,106.918,106.077,106.048,104.966,106.257,108.887,108.166,107.012,107.916,108.75,111.422,110.018,107.989,106.668,104.905,104.354,106.836,111.16,112.253,107.745,111.593,111.161,111.483,110.958,113.199,114.349,108.949,109.103,112.547,111.852,114.179,112.858,115.697,116.047,113.8,117.538,116.022,117.076,114.97,115.702,114.659,113.897,115.199,117.816,115.974,116.961,118.766,121.363,122.019,125.927,127.601,125.335,120.247,121.533,122.177,124.046,120.909,122.002,119.885,122.812,120.952,122.839,125.844,126.109,122.317,119.296,118.444,120.806,117.31,121.473,121.887,119.571,119.563,110.039,113.852,111.694,111.631,113.708,110.901,115.167,115.06,112.073,121.264,125.638,128.54,131.71,130.412,136.217,131.873,135.433,143.552,143.189,136.147,134.382,140.277,137.779,138.642,142.579,147.79,143.419,148.615,149.831,156.274,144.165,153.792,158.114,153.584,142.899,143.111,137.811,143.889,138.441,138.407,134.035,128.895,128.299,128.423,135.344,132.374,128.142,130.683,133.92,133.763,128.904,136.253,133.461,130.015,126.523,132.156,132.68,128.648,124.054,127.513,121.475,127.446,127.201,133.977,128.314,130.988,135.113,135.987,136.031,137.46,136.929,138.534,132.408,136.081,131.94,133.324,133.069,123.953,124.154,121.746,114.629,114.726,119.607,115.873,113.584,113.927,117.874,120.008,120.413,123.03,125.813,119.172,120.591,120.581,124.381,124.794,125.706,123.395,125.356,124.886,123.77,127.007,124.111,124.41,125.24,125.917,124.249,121.46,119.958,120.103,120.254,117.826,114.562,111.294,107.985,106.865,106.324,106.936,106.681,108.185,110.182,108.802,111.431,111.709,115.123,113.724,114.528,114.636,112.17,112.899,114.422,114.271,114.792,111.785,113.354,111.842,111.089,109.174,108.679,108.707,108.945,108.305,109.505,109.201,107.087,106.949,108.025,108.549,107.48,107.323,105.695,104.847,104.465,106.418,106.358,105.386,104.862,105.311,105.311,106.181,106.135,107.56,107.429,108.649,110.587,108.989,110.564,109.702,111.405,111.749,110.118,110.502,107.829,105.951,107.11,105.63,104.985,103.212,103.033,101.172,100.458,101.454,101.164,100.553,100.652,101.351,101.238,100.448,102.693,102.018,101.343,101.909,102.613,102.287,102.283,101.606,101.303,101.121,102.256,103.059,103.635,103.019,103.318,103.135,103.568,104.677,104.355,104.484,103.859,104.327,106.29,106.149,106.313,108.046,108.273,107.96,106.374,107.467,106.425,103.271,103.087,103.425,102.016,102.458,103.376,106.582,106.582,106.122,107.72,107.607,105.862,106.025,104.634,103.62,102.249,102.083,102.171,101.252,99.9633,101.414,100.305,99.6694,99.7682,-57.3984,-18.0142,627.407,79.187,
W_3520A2/252_G_None_0.502_VVS2,104.43,-0.603851,0.956952,105.983,111.901,120.156,565.835,107.866,0.00784048,0.499243,1.13154,122.253,6446.8, ,50,-54.7244,583.962,59.0909,109.782,109.827,109.834,109.431,109.43,109.597,109.7,109.416,109.851,109.667,109.782,109.899,110.349,110.124,109.708,109.298,108.605,109.163,108.964,108.263,108.123,107.397,107.679,108.005,108.366,108.492,107.371,107.982,108.841,108.851,108.627,108.421,108.356,108.586,108.711,109.064,108.894,108.359,107.562,108.166,108.528,108.381,108.237,108.029,107.758,107.377,107.664,108.17,108.051,107.337,107.209,107.197,106.874,106.998,107.058,106.801,106.917,107.197,107.448,107.238,107.487,107.955,108.435,108.516,108.873,108.481,108.815,108.893,109.232,108.948,109.559,108.796,108.554,107.875,107.694,107.112,107.213,107.596,107.733,107.403,107.918,108.116,108.379,108.855,109.1,109.302,109.044,109.423,109.075,108.77,109.343,109.2,109.118,108.762,108.851,108.761,108.387,109.093,109.286,108.664,108.542,108.713,108.973,108.534,108.318,107.742,107.751,107.538,107.686,108.206,108.112,108.713,108.55,108.628,109.486,108.795,109.175,108.855,108.33,108.156,107.609,108.1,108.427,108.25,108.891,108.823,109.337,110.015,110.491,110.22,109.359,109.478,109.058,108.72,108.695,108.688,108.704,108.776,108.732,109.553,109.114,109.403,109.045,108.845,108.531,108.069,107.666,107.882,107.979,108.502,108.528,108.641,108.93,109.447,109.641,109.371,109.14,109.062,108.549,108.516,108.863,108.942,108.628,108.375,108.913,109.279,109.108,109.28,109.157,109.06,108.927,109.301,109.533,109.513,109.39,109.253,108.934,108.817,108.458,108.413,107.982,107.99,107.241,107.533,108.029,108.072,108.026,108.114,107.867,107.509,107.62,107.859,107.451,106.817,106.447,106.421,105.882,105.887,106.076,105.948,105.538,105.293,105.314,105.102,104.948,105.203,104.836,104.533,104.103,104.254,104.145,103.961,104.058,103.78,103.703,103.569,103.729,103.348,103.14,103.369,103.275,103.013,102.705,102.555,102.372,102.006,101.851,101.534,100.757,100.518,100.252,99.8592,99.0677,98.6607,98.0634,97.6562,97.2473,96.8438,96.2589,95.8308,95.2631,94.829,94.1412,93.3906,92.7178,92.0642,91.5462,91.3123,91.0814,91.0074,91.1947,91.2993,91.4857,91.6802,91.687,91.5654,91.3643,91.2629,91.2886,91.4282,91.8312,92.3947,93.0642,93.795,94.547,95.3299,96.1183,96.9217,97.721,98.3939,98.6939,98.5288,98.0129,97.808,98.0565,98.558,99.114,99.685,100.406,101.431,102.878,104.698,106.007,106.781,107.27,107.686,108.041,108.236,108.482,108.716,108.857,109.028,109.143,109.3,109.437,109.543,109.681,109.787,109.836,109.913,110.017,110.105,110.158,110.195,110.261,110.32,110.35,110.379,110.421,110.427,110.447,110.462,110.488,110.524,110.516,110.568,110.615,110.599,110.63,110.663,110.693,110.716,110.743,110.798,110.826,110.866,110.945,110.98,110.995,111.038,111.111,111.142,111.167,111.21,111.211,111.239,111.258,111.294,111.297,111.326,111.358,111.405,111.381,111.415,111.432,111.457,111.483,111.497,111.49,111.486,111.466,111.493,111.529,111.55,111.545,111.548,111.561,111.57,111.596,111.641,111.678,111.699,111.716,111.777,111.828,111.896,111.932,112.02,112.019,112.071,112.126,112.176,112.202,112.2,112.219,112.236,112.218,112.258,112.24,112.201,112.178,112.199,112.236,112.239,112.255,112.25,112.261,112.284,112.308,112.3,112.274,112.251,112.254,112.22,112.209,112.189,112.162,112.129,112.126,112.108,112.099,112.085,112.098,112.093,112.097,112.101,112.117,112.137,112.124,112.111,112.077,112.061,112.037,112.026,112,111.99,111.976,111.944,111.938,111.944,111.932,111.944,111.931,111.933,111.941,111.957,111.995,111.984,111.958,111.925,111.906,111.872,111.877,111.859,111.822,111.798,111.778,111.802,111.833,111.85,111.871,111.85,111.858,111.853,111.871,111.899,111.91,111.903,111.871,111.888,111.918,111.896,111.908,111.901,111.911,111.892,111.906,111.908,111.899,111.882,111.913,111.922,111.926,111.912,111.915,111.894,111.919,111.9,111.91,111.894,111.9,111.912,111.937,111.924,111.928,111.908,111.924,111.932,111.929,111.882,111.889,111.876,111.879,111.891,111.899,111.923,111.889,111.892,111.917,111.897,111.889,111.904,111.904,111.921,111.914,111.936,111.94,111.928,111.95,111.974,111.97,111.977,111.964,111.983,111.96,111.951,111.972,111.967,111.959,111.966,111.941,111.947,111.946,111.958,111.966,111.976,111.945,111.95,111.92,111.939,111.923,111.886,111.891,111.888,111.878,111.881,111.839,111.851,111.862,111.847,111.866,111.845,111.835,111.811,111.819,111.838,111.839,111.824,111.821,111.804,111.817,111.824,111.835,111.836,111.827,111.807,111.804,111.813,111.805,111.81,111.768,111.753,111.728,111.715,111.738,111.703,111.708,111.731,111.703,111.748,111.758,111.782,111.779,111.748,111.781,111.778,111.761,111.763,111.725,111.719,111.708,111.714,111.722,111.704,111.687,111.662,111.655,111.668,111.65,111.624,111.637,111.642,111.643,111.658,111.665,111.663,111.667,111.681,111.693,111.645,111.642,111.62,111.614,111.609,111.604,111.577,111.564,111.554,111.568,111.557,111.554,111.527,111.508,111.513,111.525,111.522,111.514,111.519,111.515,111.508,111.5,111.476,111.462,111.435,111.403,111.385,111.35,111.356,111.32,111.314,111.316,111.319,111.307,111.286,111.287,111.285,111.242,111.286,111.288,111.279,111.231,111.205,111.216,111.185,111.186,111.173,111.114,111.079,111.087,111.09,111.107,111.106,111.128,111.127,111.151,111.165,111.217,111.234,111.255,111.25,111.247,111.25,111.236,111.221,111.256,111.194,111.184,111.169,111.171,111.141,111.136,111.143,111.118,111.099,111.108,111.04,111.031,111.035,111.076,111.045,111.06,111.095,111.119,111.147,111.244,111.278,111.258,111.265,111.295,111.278,111.249,111.224,111.164,111.096,111.065,111.093,111.088,111.071,111.098,111.126,111.069,111.103,111.1,111.111,111.089,111.09,111.137,111.079,110.994,111.055,111.063,111.083,111.067,111.107,111.022,110.944,110.921,110.965,110.934,110.93,110.956,110.956,110.916,110.915,110.967,111.006,110.968,110.959,110.933,110.912,110.918,110.855,110.872,110.808,110.839,110.978,111.013,111.063,111.067,111.075,111.193,111.284,111.431,111.477,111.418,111.435,111.449,111.391,111.414,111.316,111.317,111.119,110.996,111.004,110.943,110.918,111.008,110.953,110.906,110.825,110.966,111.014,110.955,110.913,110.914,110.743,110.662,110.704,110.84,110.788,110.766,110.712,110.774,110.618,110.795,110.908,110.851,110.871,110.923,110.929,111.015,110.967,111.039,110.962,110.963,110.883,110.724,110.735,110.632,110.568,110.676,110.745,110.703,110.681,110.819,110.718,110.675,110.712,110.889,110.604,110.534,110.477,110.458,110.633,110.68,110.608,110.753,110.668,111.049,111.119,111.494,111.465,111.235,111.206,111.276,111.293,111.534,111.473,111.555,111.277,111.261,111.44,111.441,111.277,111.257,111.041,111.067,111.08,111.082,110.902,110.83,111.03,111.156,111.197,111.097,111.283,111.082,111.174,111.193,110.89,110.661,110.544,110.25,110.427,110.219,110.172,110.094,110.36,110.423,110.368,110.403,110.372,110.243,110.102,110.095,109.702,109.43,109.558,109.54,109.618,109.506,109.488,109.546,109.563,109.697,109.766,109.692,109.814,109.621,109.675,109.646,109.573,109.525,109.44,109.331,109.199,109.262,109.469,109.232,108.955,108.713,108.514,108.674,108.713,108.921,108.754,108.329,108.693,109.157,109.222,109.164,108.807,109.225,109.14,108.844,108.78,108.6,108.047,107.683,107.815,108.038,107.652,107.444,107.567,107.835,107.683,107.89,108.173,108.373,108.492,108.493,108.544,108.404,108.173,108.186,108.063,108.109,107.726,107.546,107.473,107.318,107.736,108.215,108.257,108.239,108.184,108.772,109.137,109.472,110.038,109.919,110.047,110.18,110.358,110.472,109.996,109.986,109.991,109.741,109.405,109.02,109.197,109.118,109.094,108.891,108.566,108.305,108.32,108.986,109.442,109.257,109.27,109.631,110.158,110.293,110.452,110.402,110.192,110.072,110.25,110.583,110.268,110.215,110.488,110.276,110.196,110.421,110.613,110.997,110.906,111.196,111.588,111.851,112.395,112.969,113.162,113.01,112.896,112.911,112.88,112.409,112.396,112.443,112.445,112.163,112.222,112.259,112.154,111.919,112.328,112.062,111.985,112.023,112.575,112.759,112.432,112.934,113.342,113.038,113.251,113.047,112.96,112.402,111.959,112.064,111.926,111.86,112.299,111.974,112.371,112.243,112.407,112.63,113.073,112.567,112.65,112.227,112.206,111.662,112.035,111.71,111.851,111.346,111.48,111.082,110.993,110.986,111.363,110.997,111.3,110.93,111.437,111.573,111.584,111.965,112.429,112.252,111.935,111.882,111.945,111.691,112.079,112.371,112.239,111.812,111.974,109.538,-29.1908,23.7201,-992.857,
F_3520A2/252_G_None_0.502_VVS2,99.986,1.71482,-2.83704,109.18,99.9637,40.978,571.303,111.437,0.0155782,-2.41033,3.31503,-58.8495,2970.8, ,-0,-21.1966,-30.9333,-0.683761,79.4172,79.3215,80.1077,80.0869,80.4945,80.8455,81.3249,81.1724,81.6119,81.795,82.1244,82.1838,82.0659,81.8082,82.1545,81.7803,81.8485,81.5464,81.9097,81.5705,80.8919,80.6685,80.5904,80.9173,81.1374,80.2919,80.105,79.9478,79.9155,80.5862,81.1884,81.209,80.8419,80.6842,81.1133,81.5045,80.9327,80.4097,79.7156,79.4245,79.6212,79.689,79.7876,80.1705,80.2671,81.2421,81.6571,81.6875,82.2,82.2898,81.8204,81.7381,81.0063,81.0938,80.4833,80.5884,80.8778,80.9214,80.8434,80.6234,80.2497,80.7813,80.5913,80.7182,81.1583,80.4786,80.034,80.0056,80.5321,81.3023,81.427,81.6288,81.0477,80.577,81.0658,80.7786,80.821,80.9024,80.6882,80.2881,80.1082,80.4282,80.5253,81.1749,80.8202,80.681,80.4572,80.3314,80.6749,80.4134,80.7502,81.0573,80.1838,80.794,80.6649,80.7505,80.4877,80.5977,81.7422,81.4068,80.7558,81.4233,81.3195,81.6578,81.5266,81.8153,81.4939,80.6586,81.0566,81.1849,81.0658,80.9271,80.9007,81.0361,80.9372,80.9722,80.8565,80.5605,81.027,81.0194,81.2954,81.2368,80.901,81.1452,80.5603,80.3242,80.6051,80.547,80.9271,80.5759,80.4909,81.1116,80.8819,81.3535,81.5219,81.5778,81.4861,81.1723,81.3535,81.0437,80.8393,80.7212,80.815,80.6315,80.3119,80.281,80.5072,80.4552,80.5333,80.696,80.8837,80.9491,81.0679,81.4901,81.3765,81.3122,81.3339,80.9938,80.9075,80.56,80.3368,80.3087,80.3186,80.3845,80.4283,80.4538,80.8621,80.9222,81.0681,81.2377,81.5361,81.5007,81.5496,81.3069,81.6333,81.6821,81.7044,81.8089,81.8301,81.6781,81.7655,81.8065,82.0754,81.9105,81.8225,81.9036,82.0413,81.9005,82.0428,81.8938,81.7578,81.6368,81.6048,81.6819,81.7913,81.8024,82.1828,82.3924,82.7659,83.1529,83.4901,83.6316,83.7127,83.7656,83.778,83.6277,83.5162,83.3251,83.1772,83.0156,82.8855,82.7328,82.5674,82.4256,82.275,82.1123,81.9419,81.7497,81.5331,81.2867,81.0471,80.7942,80.5185,80.2914,80.0475,79.8367,79.6275,79.4643,79.3216,79.1622,79.0392,78.918,78.7281,78.5567,78.4063,78.2731,78.1747,78.0806,78.0759,78.1222,78.1718,78.2571,78.4085,78.4638,78.5395,78.4017,78.4227,78.4795,78.4981,78.6484,78.8948,79.2203,79.491,79.8177,80.2931,80.6348,80.9207,81.1005,81.1343,81.2808,81.1774,81.5156,81.6834,81.8604,82.3613,82.9364,83.7225,84.3211,84.9014,85.4782,85.9877,86.4852,87.179,87.5069,87.9818,88.5795,89.5396,89.9762,90.6645,91.4692,92.3286,93.3105,94.4884,95.1157,95.8112,96.4298,97.4876,98.6719,99.8173,100.678,102,102.648,103.194,103.328,103.839,103.654,103.495,103.437,103.282,103.265,103.835,104.409,105.252,105.79,106.353,106.906,107.011,107.442,107.092,106.691,106.475,106.317,105.975,105.928,105.836,106.053,105.849,106.166,106.743,106.86,107.032,107.169,107.148,107.323,107.521,107.604,107.537,106.928,107.14,106.877,106.639,106.481,106.349,106.01,105.854,105.631,105.605,105.663,105.576,105.649,105.627,105.38,105.249,105.469,105.57,105.355,104.866,104.658,104.254,104.47,104.499,104.636,104.167,103.811,103.994,103.841,103.775,103.656,103.25,102.96,102.629,102.536,102.547,102.076,101.966,101.611,101.535,101.504,101.458,101.187,101.357,101.158,101.318,101.359,101.327,101.458,101.4,101.026,100.862,100.516,100.601,100.401,100.016,100.028,99.936,99.7029,99.5466,99.8187,99.7632,99.3748,99.4825,99.5511,99.4984,99.3591,99.3512,99.5976,99.281,99.3817,99.4533,99.117,99.2042,99.1345,99.3161,99.3289,99.1484,99.0636,98.7974,98.9195,99.147,99.1244,99.0289,98.7607,98.7487,98.8999,99.0187,99.0326,99.1004,99.2144,99.0452,99.2908,99.2876,99.3676,99.2722,99.4036,99.4038,99.3389,99.0049,99.1063,98.9389,99.0918,98.8452,98.9204,98.7791,98.7335,98.5052,98.6521,98.6138,98.6325,98.5509,98.7447,98.82,98.4539,98.6508,98.9245,98.8912,98.9633,99.0145,99.2157,99.1213,99.09,99.5803,99.3524,99.0596,99.0915,98.9563,99.0954,98.9581,99.1634,99.0999,99.0754,99.3551,99.5822,99.4875,99.4518,99.1408,98.8235,98.4966,98.5978,98.4228,98.4078,98.2891,98.0547,98.1808,98.3986,98.6299,98.7522,98.7776,98.7656,98.6351,98.8149,99.2152,99.2039,99.1974,99.254,99.2532,99.2477,99.4367,99.8138,100.057,100.128,100.286,100.341,100.377,100.5,100.564,100.711,100.374,99.944,99.7506,99.6177,99.357,99.5834,99.7717,99.4424,99.2104,99.2473,99.3577,99.6091,99.7389,100.014,99.893,99.6639,99.8603,99.9753,100.061,100.38,100.489,100.371,100.646,100.704,101.262,101.472,101.712,101.62,101.293,101.259,101.5,101.314,101.412,100.943,101.047,100.936,101.28,101.616,101.748,101.676,101.724,101.559,101.879,101.483,101.714,101.707,101.843,101.904,102.288,102.147,102.401,102.118,102.216,102.053,102.029,101.875,101.79,101.641,101.942,101.927,102.031,102.323,102.802,102.65,102.599,102.707,102.747,102.897,102.562,102.991,102.732,102.419,102.3,102.371,102.421,102.479,102.501,102.937,102.859,103.488,103.299,102.987,103.011,102.802,102.846,102.299,102.155,102.219,101.895,102.438,102.982,102.742,102.484,102.533,102.773,102.765,102.553,102.885,102.724,102.272,102.877,103.287,103.304,103.76,104.509,104.828,104.996,104.727,105.279,105.256,105.215,104.816,104.547,103.854,104.023,104.115,104.476,105.204,105.426,106.242,106.931,107.477,107.667,107.446,107.304,107.098,107.521,107.694,106.849,106.538,106.712,107.07,107.105,107.609,108.316,107.015,106.675,106.053,106.474,105.927,106.038,106.024,105.816,105.421,106.435,106.638,107.41,107.293,106.74,106.065,106.878,107.268,108.156,107.988,107.747,108.415,109.164,110.419,110.54,110.106,109.839,109.164,109.73,109.667,108.908,108.435,109.656,109.957,109.853,109.213,109.268,109.781,110.076,110.664,112.02,111.288,112.832,113.199,113.397,113.417,112.669,113.127,112.782,112.292,111.423,111.141,110.905,112.749,113.431,114.523,113.905,115.659,114.344,114.515,113.809,114.186,113.227,112.969,110.873,112.196,111.527,113.061,113.887,113.83,114.367,114.133,115.014,115.533,115.148,117.036,116.597,116.288,116.742,118.289,119.141,119.958,121.402,123.049,122.358,122.779,121.663,121.696,119.554,118.597,119.015,118.917,117.871,116.994,120.495,122.852,122.299,122.07,124.825,122.698,126.134,127.818,130.091,126.58,126.58,127.964,129.101,129.855,133.726,130.185,132.308,131.883,134.814,134.718,138.481,139.824,136.63,135.556,140.558,141.327,142.134,141.248,146.457,144.06,144.226,148.213,148.073,148.715,144.468,142.993,143.06,142.862,149.002,154.949,160.944,164.805,166.822,172.292,178.426,183.411,183.111,175.42,171.831,168.57,168.648,168.78,167.841,166.015,160.893,165.257,165.379,167.582,168.24,169.151,167.599,165.342,169.352,173.062,168.721,179.765,183.368,186.837,186.592,175.41,180.044,175.649,177.482,180.597,174.11,178.264,174.883,170.14,183,187.865,188.421,186.667,180.923,187.99,177.835,181.789,190.31,189.974,183.036,182.908,199.553,206.879,201.272,208.353,210.485,208.239,211.202,210.482,225.259,208.848,221.681,228.87,224.183,212.803,211.425,204.787,217.313,207.888,199.08,193.137,190.431,188.257,186.503,196.513,189.812,184.036,186.639,200.426,192.044,187.151,191.606,189.185,178.938,177.616,177.401,170.623,159.003,157.725,166.253,158.204,165.098,167.543,168.2,171.112,175.455,179.281,178.298,170.817,179.04,176.417,182.003,180.755,181.073,176.951,176.396,174.396,166.025,160.322,152.74,141.927,140.223,138.754,133.622,134.069,133.944,136.29,138.27,147.436,150.634,155.595,148.195,151.097,149.327,150.957,153.452,153.938,145.731,143.673,138.541,137.574,133.197,129.875,129.767,126.937,127.333,126.141,124.275,122.428,123.079,127.757,126.358,124.385,120.317,115.041,115.336,112.777,112.192,109.814,108.043,108.424,104.492,106.765,107.31,105.261,105.288,106.694,105.245,101.831,101.955,101.935,100.417,101.576,102.065,102.49,101.497,101.902,101.876,99.8446,100.5,100.629,99.3347,97.8118,95.8525,93.3273,93.7053,94.4359,94.1668,94.4824,94.1307,92.631,93.4945,95.47,97.3721,95.7858,95.8545,93.7971,93.021,92.5927,92.5768,90.1824,89.059,89.3075,89.3575,87.9403,88.5539,89.2653,88.7378,90.2606,92.156,92.4673,91.6735,89.9069,88.9268,89.8251,88.8465,88.9037,87.2773,86.2508,84.7279,84.2436,86.0366,87.3429,86.5423,86.5423,85.6809,86.2287,85.7651,86.713,85.6814,84.8772,84.986,85.148,84.768,85.4745,84.3139,84.8473,84.8122,86.5973,86.4736,86.2343,85.3525,85.7229,84.87,85.1947,84.1779,82.8732,82.2696,82.7276,82.7115,83.8343,83.2994,82.9882,83.5342,84.5898,85.4004,83.8649,84.6117,85.1507,84.433,83.9255,84.9872,84.3716,83.8651,84.5427,86.839,86.2875,85.3683,85.9471,87.0911,86.8026,86.4838,86.4293,85.0828,83.803,83.7608,83.3306,83.039,81.6332,81.5802,81.9229,81.9287,82.9145,-18.8618,118.582,269.63,20.1626,
